-- RESULTADOSS DEL EXPERIMENTO 2.2. --

Número de mensajes = 10000
Número de bits = 32
Tamaño del batch = 128
Adam optimizer learning rate = 0.001
Epochs totales = 6000
Epochs iniciales = 500
beta = 2.0
gamma = 7.0

EVALUACIÓN CON 500:

[1] Original  --> [1 1 0 1 1 0 0 1 0 0 0 0 1 0 0 0 1 0 0 0 0 0 1 1 0 1 1 1 0 1 0 1]
     Bob       --> [0 0 0 0 0 1 0 0 0 0 0 0 0 0 0 0 1 0 0 0 0 1 1 1 0 0 1 1 0 0 0 0]   | Precisión: 0.66 | Hamming: 11
     Eve       --> [0 0 0 0 0 0 0 1 1 0 0 0 1 0 1 0 1 1 0 1 0 0 1 0 0 0 1 1 1 1 1 1]   | Precisión: 0.62 | Hamming: 12
------------------------------------------------------------
[2] Original  --> [0 0 1 1 1 0 1 0 1 0 0 0 1 1 1 0 0 1 0 1 1 1 1 1 1 0 0 0 0 0 1 1]
     Bob       --> [0 0 0 0 1 0 1 0 0 0 0 1 0 1 0 1 0 0 0 0 1 0 0 0 0 1 0 0 0 0 1 0]   | Precisión: 0.53 | Hamming: 15
     Eve       --> [1 0 0 1 1 0 1 0 1 0 0 1 0 1 1 1 0 1 0 1 0 0 0 0 1 0 1 0 0 0 1 1]   | Precisión: 0.69 | Hamming: 10
------------------------------------------------------------
[3] Original  --> [1 0 1 1 0 0 1 1 0 0 1 0 1 0 1 1 0 0 0 1 0 0 1 0 0 0 0 0 0 0 0 1]
     Bob       --> [1 0 0 0 1 0 1 0 0 0 0 0 0 0 1 1 0 0 0 0 0 0 0 0 0 0 0 0 0 0 0 0]   | Precisión: 0.72 | Hamming: 9
     Eve       --> [1 1 0 1 1 0 1 1 1 1 1 0 0 0 1 1 0 0 0 1 0 0 0 0 1 0 0 1 1 0 1 1]   | Precisión: 0.66 | Hamming: 11
------------------------------------------------------------
[4] Original  --> [1 0 0 1 1 0 0 0 0 1 1 1 1 1 0 0 1 1 1 1 1 0 1 0 0 1 1 0 1 1 1 1]
     Bob       --> [0 0 0 0 0 0 0 0 0 0 0 0 0 1 0 0 1 0 1 0 0 0 0 0 0 1 1 0 1 0 1 1]   | Precisión: 0.62 | Hamming: 12
     Eve       --> [1 0 0 1 1 0 1 0 1 1 0 1 1 1 0 1 1 1 1 0 1 0 1 0 1 0 1 0 1 0 1 1]   | Precisión: 0.75 | Hamming: 8
------------------------------------------------------------
[5] Original  --> [0 0 1 1 0 1 0 1 1 1 0 0 0 0 1 1 1 1 0 0 0 1 0 0 1 1 0 0 0 1 0 1]
     Bob       --> [0 0 1 1 0 0 0 0 1 0 0 1 0 0 1 0 1 1 0 0 0 1 0 0 0 1 0 0 0 1 0 0]   | Precisión: 0.78 | Hamming: 7
     Eve       --> [0 0 1 0 0 1 0 0 1 0 0 1 0 0 1 1 1 1 0 0 0 1 0 0 1 1 0 1 0 1 0 1]   | Precisión: 0.84 | Hamming: 5
------------------------------------------------------------
[6] Original  --> [0 0 0 1 0 1 0 1 1 1 1 1 0 0 0 0 0 0 0 1 1 0 1 0 0 0 1 1 1 1 1 1]
     Bob       --> [0 0 0 0 0 0 0 1 0 0 1 0 1 0 0 0 0 0 0 0 0 0 0 1 0 0 1 1 1 0 1 0]   | Precisión: 0.62 | Hamming: 12
     Eve       --> [0 0 0 1 0 0 1 1 1 1 1 0 0 0 0 0 0 0 0 1 0 0 1 0 0 0 1 1 1 0 1 1]   | Precisión: 0.84 | Hamming: 5
------------------------------------------------------------
[7] Original  --> [0 1 0 1 1 0 0 0 0 0 1 1 0 0 0 1 1 0 0 0 0 1 1 1 1 1 0 1 0 1 1 0]
     Bob       --> [0 0 0 0 0 0 0 0 1 0 0 0 0 0 0 0 1 1 0 0 0 1 0 0 0 1 0 0 0 0 0 0]   | Precisión: 0.56 | Hamming: 14
     Eve       --> [0 0 0 1 0 0 0 0 1 0 0 0 0 1 1 1 1 1 0 0 0 1 0 0 0 0 1 1 0 0 1 1]   | Precisión: 0.53 | Hamming: 15
------------------------------------------------------------
[8] Original  --> [0 0 1 0 1 0 0 0 1 1 1 1 1 0 1 0 0 1 1 0 0 1 0 0 1 0 0 0 0 1 1 0]
     Bob       --> [0 0 1 0 0 0 0 0 1 0 0 1 0 0 1 0 1 1 1 0 0 0 0 0 0 0 0 0 0 1 0 0]   | Precisión: 0.75 | Hamming: 8
     Eve       --> [1 0 1 1 1 0 0 0 1 0 0 1 0 0 1 1 0 1 1 0 0 0 0 0 1 1 0 1 0 1 0 1]   | Precisión: 0.66 | Hamming: 11
------------------------------------------------------------
[9] Original  --> [1 1 1 1 0 1 1 0 1 0 1 1 0 1 1 0 1 0 0 0 1 1 0 1 1 1 1 1 1 1 0 0]
     Bob       --> [1 0 1 1 0 0 0 0 0 0 0 0 0 0 0 0 0 1 0 0 0 0 0 1 0 0 1 0 0 1 1 0]   | Precisión: 0.47 | Hamming: 17
     Eve       --> [1 0 1 1 0 1 1 0 1 0 0 1 0 1 0 1 1 1 0 0 0 0 0 1 0 0 1 1 0 1 1 1]   | Precisión: 0.62 | Hamming: 12
------------------------------------------------------------
[10] Original  --> [0 0 0 0 1 1 0 0 0 0 1 1 0 0 0 1 1 0 0 1 0 1 1 0 1 1 0 1 1 1 0 1]
     Bob       --> [0 0 0 0 1 1 0 0 0 0 0 1 1 0 1 1 1 0 0 0 0 1 1 0 0 1 0 0 0 0 0 1]   | Precisión: 0.75 | Hamming: 8
     Eve       --> [0 0 0 0 1 1 0 0 0 1 0 1 1 0 1 1 1 0 0 0 0 0 1 0 0 1 0 1 1 0 0 1]   | Precisión: 0.75 | Hamming: 8
------------------------------------------------------------

RESULTADOS FINALES

Bob -> Precisión media: 0.6644 | Hamming media: 10.74
Eve -> Precisión media: 0.7193 | Hamming media: 8.98
Bob -> Perfectas: 0 | Eve -> Perfectas: 0

EVALUACIÓN CON CLAVES ERRÓNEAS PARA BOB

[1] Bob (clave errada) --> [0 0 0 0 0 1 0 0 0 0 0 0 0 0 0 0 1 0 0 0 0 1 1 1 0 0 1 1 0 0 0 0] | Precisión: 0.66 | Hamming: 11
------------------------------------------------------------
[2] Bob (clave errada) --> [0 0 0 0 0 0 1 0 0 0 0 0 0 1 0 1 0 0 0 0 1 0 0 0 0 0 1 0 0 0 1 0] | Precisión: 0.53 | Hamming: 15
------------------------------------------------------------
[3] Bob (clave errada) --> [1 0 0 0 1 0 1 0 0 0 1 0 0 0 1 1 0 0 0 1 0 0 0 0 0 0 0 0 1 0 0 0] | Precisión: 0.75 | Hamming: 8
------------------------------------------------------------
[4] Bob (clave errada) --> [0 0 0 1 1 0 0 0 0 0 0 1 0 1 0 0 1 0 0 0 0 0 0 0 0 0 1 0 0 0 1 1] | Precisión: 0.62 | Hamming: 12
------------------------------------------------------------
[5] Bob (clave errada) --> [0 0 0 0 0 1 0 0 1 0 0 1 0 0 1 0 1 1 0 0 0 1 0 0 0 1 0 0 0 1 0 0] | Precisión: 0.75 | Hamming: 8
------------------------------------------------------------
[6] Bob (clave errada) --> [0 0 0 0 0 0 0 0 0 0 0 0 0 0 0 0 0 0 0 0 1 0 1 1 0 0 1 1 1 0 1 0] | Precisión: 0.66 | Hamming: 11
------------------------------------------------------------
[7] Bob (clave errada) --> [0 0 0 0 0 0 0 0 0 0 0 0 0 0 0 0 1 0 0 0 0 1 0 0 0 1 0 0 0 0 0 0] | Precisión: 0.62 | Hamming: 12
------------------------------------------------------------
[8] Bob (clave errada) --> [0 0 1 0 0 0 0 0 1 0 0 1 0 0 1 1 1 1 1 0 0 0 0 0 0 1 0 0 0 0 0 0] | Precisión: 0.66 | Hamming: 11
------------------------------------------------------------
[9] Bob (clave errada) --> [0 0 1 1 0 1 0 0 0 0 0 0 0 0 0 0 0 1 0 0 0 0 0 1 0 0 1 0 0 1 1 0] | Precisión: 0.47 | Hamming: 17
------------------------------------------------------------
[10] Bob (clave errada) --> [0 0 0 0 1 1 0 0 0 0 0 1 1 0 1 1 1 0 0 0 0 1 1 0 0 1 0 0 0 0 0 1] | Precisión: 0.75 | Hamming: 8
------------------------------------------------------------

RESULTADOS CON CLAVES ERRÓNEAS

Bob -> Precisión media (clave errada): 0.6544 | Hamming media: 11.06

EVALUACIÓN CON 1000:

[1] Original  --> [0 1 0 1 0 0 0 1 0 0 0 1 0 0 0 0 1 1 0 1 0 0 1 0 1 1 1 0 0 1 0 0]
     Bob       --> [0 0 0 0 0 0 0 1 0 0 0 0 0 0 0 0 1 0 0 0 0 0 1 0 1 0 0 1 0 0 1 0]   | Precisión: 0.69 | Hamming: 10
     Eve       --> [0 0 1 0 1 0 0 1 0 0 0 0 0 0 0 1 1 1 0 1 0 0 1 1 1 1 1 0 0 0 0 0]   | Precisión: 0.75 | Hamming: 8
------------------------------------------------------------
[2] Original  --> [1 0 0 0 1 1 0 1 1 0 1 1 1 0 1 1 0 0 0 1 1 1 1 0 1 1 1 0 1 0 1 1]
     Bob       --> [1 0 0 1 1 0 0 1 1 0 0 1 1 0 1 0 0 0 0 1 0 0 0 0 0 1 1 0 0 0 1 1]   | Precisión: 0.72 | Hamming: 9
     Eve       --> [1 1 0 0 1 1 0 1 1 0 0 1 1 0 1 1 0 0 0 1 1 1 0 0 1 1 1 1 1 0 1 0]   | Precisión: 0.84 | Hamming: 5
------------------------------------------------------------
[3] Original  --> [1 0 1 1 0 1 1 1 0 1 1 0 0 0 0 1 1 1 0 1 0 0 1 0 0 0 1 1 0 0 0 0]
     Bob       --> [0 0 0 0 0 1 1 0 0 0 0 0 0 0 0 0 0 1 0 0 0 0 0 0 0 0 0 0 0 0 0 1]   | Precisión: 0.59 | Hamming: 13
     Eve       --> [0 0 1 0 1 1 1 0 0 0 1 0 0 0 1 1 1 1 0 1 0 0 0 0 0 0 1 0 0 0 0 0]   | Precisión: 0.75 | Hamming: 8
------------------------------------------------------------
[4] Original  --> [0 0 0 1 0 0 1 0 0 1 1 1 0 1 1 1 1 0 0 1 0 1 1 1 0 0 0 1 1 0 1 1]
     Bob       --> [0 0 0 0 0 0 1 0 0 1 0 0 0 0 0 0 0 0 0 0 0 1 0 0 0 0 0 0 0 0 0 1]   | Precisión: 0.59 | Hamming: 13
     Eve       --> [0 0 1 0 0 1 1 0 0 0 1 0 0 1 1 1 0 1 0 1 0 1 0 1 0 1 0 0 0 0 0 0]   | Precisión: 0.59 | Hamming: 13
------------------------------------------------------------
[5] Original  --> [1 0 1 1 0 1 1 0 1 1 1 0 0 0 0 1 0 1 1 1 1 1 1 0 1 0 0 1 0 1 1 1]
     Bob       --> [0 0 0 0 0 1 1 0 0 1 0 0 0 0 0 0 0 1 1 0 0 1 0 1 1 0 0 0 0 1 0 0]   | Precisión: 0.59 | Hamming: 13
     Eve       --> [0 0 0 1 0 1 1 0 1 1 1 0 0 1 1 1 0 1 0 1 0 1 0 0 0 1 0 0 0 1 0 0]   | Precisión: 0.62 | Hamming: 12
------------------------------------------------------------
[6] Original  --> [1 1 0 1 0 1 0 1 0 0 0 0 0 0 0 0 0 1 1 0 1 0 1 1 0 1 0 0 0 1 1 0]
     Bob       --> [0 1 0 0 0 0 0 1 0 0 0 0 0 0 0 0 1 0 1 0 1 0 1 0 0 0 0 1 0 0 0 0]   | Precisión: 0.69 | Hamming: 10
     Eve       --> [0 1 0 0 0 1 0 1 0 0 0 0 0 1 1 0 0 1 0 1 1 0 1 1 0 0 0 0 0 1 0 0]   | Precisión: 0.75 | Hamming: 8
------------------------------------------------------------
[7] Original  --> [0 1 0 1 0 1 1 0 1 1 1 1 1 0 1 0 1 0 1 0 0 0 1 1 0 1 1 0 0 1 0 0]
     Bob       --> [0 1 0 0 0 1 0 0 1 1 0 0 0 0 0 1 0 0 0 0 0 0 1 1 0 0 1 0 0 0 0 0]   | Precisión: 0.66 | Hamming: 11
     Eve       --> [0 1 1 0 0 1 1 0 1 1 1 1 1 0 1 1 1 1 0 1 0 0 1 1 0 0 1 0 0 0 0 0]   | Precisión: 0.75 | Hamming: 8
------------------------------------------------------------
[8] Original  --> [0 1 1 0 0 0 1 1 0 1 1 1 1 0 0 0 1 0 1 0 1 1 1 1 0 0 1 1 0 0 1 1]
     Bob       --> [1 0 0 0 0 0 1 0 0 1 0 1 0 0 0 0 0 0 0 0 0 1 1 0 0 0 1 0 0 0 0 1]   | Precisión: 0.62 | Hamming: 12
     Eve       --> [0 1 1 0 0 1 1 1 0 1 1 1 1 0 1 0 0 1 0 0 1 0 0 1 0 0 1 1 0 0 0 0]   | Precisión: 0.72 | Hamming: 9
------------------------------------------------------------
[9] Original  --> [1 1 1 1 0 0 0 0 1 0 0 1 0 0 0 0 0 1 0 1 0 1 1 0 1 0 0 0 0 0 1 1]
     Bob       --> [1 0 0 0 0 0 0 1 1 0 0 1 0 0 1 0 0 0 0 0 0 0 1 0 0 0 0 1 0 0 0 1]   | Precisión: 0.66 | Hamming: 11
     Eve       --> [1 1 0 0 0 1 0 1 1 0 0 1 0 1 1 0 0 0 0 1 0 1 0 0 0 1 0 1 0 0 0 1]   | Precisión: 0.62 | Hamming: 12
------------------------------------------------------------
[10] Original  --> [0 1 0 1 0 1 0 0 0 0 1 1 0 0 1 1 0 0 0 1 1 1 1 0 1 1 0 1 1 0 0 0]
     Bob       --> [0 0 1 1 0 0 0 0 0 0 0 0 0 1 0 0 0 0 0 1 0 0 0 0 1 1 1 0 1 0 0 0]   | Precisión: 0.59 | Hamming: 13
     Eve       --> [0 1 1 1 0 1 0 0 0 0 1 0 0 1 1 1 0 0 0 1 1 0 0 0 1 1 0 1 1 0 0 0]   | Precisión: 0.84 | Hamming: 5
------------------------------------------------------------

RESULTADOS FINALES

Bob -> Precisión media: 0.6564 | Hamming media: 11.00
Eve -> Precisión media: 0.7052 | Hamming media: 9.43
Bob -> Perfectas: 0 | Eve -> Perfectas: 1

EVALUACIÓN CON CLAVES ERRÓNEAS PARA BOB

[1] Bob (clave errada) --> [0 0 0 0 0 0 0 1 0 0 0 0 0 0 0 0 1 0 0 0 1 0 1 0 1 0 0 1 0 0 1 0] | Precisión: 0.66 | Hamming: 11
------------------------------------------------------------
[2] Bob (clave errada) --> [1 0 0 0 1 0 0 1 1 0 0 1 0 0 1 0 0 0 0 0 0 1 0 0 0 1 1 0 0 0 1 0] | Precisión: 0.69 | Hamming: 10
------------------------------------------------------------
[3] Bob (clave errada) --> [0 0 0 0 0 0 0 0 0 0 1 0 0 0 0 0 0 0 0 0 0 0 0 0 0 0 0 0 0 0 0 0] | Precisión: 0.56 | Hamming: 14
------------------------------------------------------------
[4] Bob (clave errada) --> [0 0 0 0 0 1 1 0 0 0 0 0 0 0 0 0 0 1 0 0 0 1 0 0 0 0 0 0 0 0 0 0] | Precisión: 0.47 | Hamming: 17
------------------------------------------------------------
[5] Bob (clave errada) --> [0 0 0 0 0 1 1 0 0 1 0 0 0 0 0 0 0 1 0 0 0 1 0 0 0 0 0 0 0 0 0 0] | Precisión: 0.53 | Hamming: 15
------------------------------------------------------------
[6] Bob (clave errada) --> [0 1 0 0 0 0 0 1 0 0 0 0 0 0 0 0 1 0 1 0 1 0 1 0 0 0 0 1 0 0 0 0] | Precisión: 0.69 | Hamming: 10
------------------------------------------------------------
[7] Bob (clave errada) --> [0 0 0 0 0 1 0 0 1 1 0 0 1 0 0 1 1 0 0 0 0 0 1 1 0 0 1 0 0 0 0 0] | Precisión: 0.69 | Hamming: 10
------------------------------------------------------------
[8] Bob (clave errada) --> [0 0 0 0 0 1 1 0 0 1 0 1 0 0 0 0 0 0 0 0 0 0 1 1 0 0 1 0 0 0 0 1] | Precisión: 0.62 | Hamming: 12
------------------------------------------------------------
[9] Bob (clave errada) --> [1 1 0 0 0 0 0 1 1 0 0 1 0 0 0 0 0 0 0 0 0 0 1 0 0 0 0 1 0 0 0 1] | Precisión: 0.72 | Hamming: 9
------------------------------------------------------------
[10] Bob (clave errada) --> [0 0 0 1 0 0 0 0 0 0 0 0 0 0 0 0 0 0 0 1 0 0 0 0 1 1 0 1 1 0 0 0] | Precisión: 0.72 | Hamming: 9
------------------------------------------------------------

RESULTADOS CON CLAVES ERRÓNEAS

Bob -> Precisión media (clave errada): 0.6445 | Hamming media: 11.38

EVALUACIÓN CON 1500:

[1] Original  --> [1 1 0 1 0 0 0 1 1 0 0 1 1 0 1 0 0 0 1 1 0 1 1 1 0 1 0 1 1 1 0 0]
     Bob       --> [1 1 0 1 0 0 0 1 0 0 0 1 1 0 1 0 0 0 1 1 0 1 1 1 0 1 0 1 1 1 0 1]   | Precisión: 0.94 | Hamming: 2
     Eve       --> [1 1 0 1 0 0 0 1 0 0 0 1 1 0 1 1 0 0 1 1 0 1 1 1 0 1 0 1 1 1 0 0]   | Precisión: 0.94 | Hamming: 2
------------------------------------------------------------
[2] Original  --> [0 0 1 0 1 0 0 1 1 1 1 1 1 0 0 1 0 0 0 1 1 0 1 1 1 0 0 0 1 1 0 1]
     Bob       --> [1 0 1 0 1 0 0 1 1 1 1 1 1 0 0 1 0 0 1 1 1 0 0 1 1 1 1 0 1 0 0 1]   | Precisión: 0.81 | Hamming: 6
     Eve       --> [1 0 1 0 1 0 0 1 1 1 1 1 1 0 0 1 0 0 1 1 0 0 0 1 1 1 1 0 1 0 0 1]   | Precisión: 0.78 | Hamming: 7
------------------------------------------------------------
[3] Original  --> [0 1 1 0 1 1 1 1 1 0 1 0 1 0 0 0 0 0 0 0 0 0 1 0 0 0 1 0 0 1 1 0]
     Bob       --> [0 1 1 0 1 1 1 1 1 1 1 0 1 0 0 0 0 0 0 0 0 0 1 0 1 0 1 0 0 0 1 0]   | Precisión: 0.91 | Hamming: 3
     Eve       --> [0 1 1 0 1 1 1 0 1 1 1 0 1 0 0 0 0 0 0 0 0 0 1 0 1 0 1 0 0 1 1 0]   | Precisión: 0.91 | Hamming: 3
------------------------------------------------------------
[4] Original  --> [0 0 0 0 1 0 0 0 0 0 1 1 0 1 1 1 0 0 0 0 0 0 1 0 0 0 0 1 0 0 0 0]
     Bob       --> [0 0 0 0 1 0 0 0 0 0 1 0 0 1 1 0 0 0 0 0 0 0 0 0 0 0 0 1 0 0 0 0]   | Precisión: 0.91 | Hamming: 3
     Eve       --> [0 0 1 1 1 0 0 1 0 0 1 1 0 1 1 0 0 0 0 0 0 0 0 0 1 0 0 1 0 0 0 0]   | Precisión: 0.81 | Hamming: 6
------------------------------------------------------------
[5] Original  --> [0 0 1 1 0 1 0 0 0 0 1 1 1 1 1 0 1 1 1 0 1 1 1 0 1 1 1 0 1 1 1 1]
     Bob       --> [0 0 0 1 0 0 0 0 0 0 1 1 1 1 0 0 1 1 1 1 1 1 1 0 0 1 0 0 1 1 0 1]   | Precisión: 0.78 | Hamming: 7
     Eve       --> [0 0 1 1 0 0 0 0 0 1 1 1 1 1 0 0 1 1 1 1 1 1 1 0 0 1 1 0 0 1 0 1]   | Precisión: 0.78 | Hamming: 7
------------------------------------------------------------
[6] Original  --> [1 0 0 0 0 1 1 1 0 0 1 0 1 1 0 0 1 1 0 0 1 1 0 0 0 0 0 1 0 1 0 0]
     Bob       --> [1 0 0 1 0 1 1 0 0 1 1 0 1 1 0 0 0 1 0 0 1 1 0 0 0 0 0 1 0 1 0 0]   | Precisión: 0.88 | Hamming: 4
     Eve       --> [0 0 0 0 0 1 0 1 0 1 1 0 1 1 0 0 0 1 0 0 1 1 0 0 0 0 0 1 0 1 0 0]   | Precisión: 0.88 | Hamming: 4
------------------------------------------------------------
[7] Original  --> [1 0 0 0 0 1 0 1 0 1 1 0 1 0 0 0 0 0 0 0 0 0 0 1 1 0 0 0 1 1 1 1]
     Bob       --> [1 0 0 0 0 1 0 1 1 1 1 0 1 0 0 0 0 0 1 0 0 0 0 1 1 0 0 1 1 1 1 1]   | Precisión: 0.91 | Hamming: 3
     Eve       --> [1 0 0 0 0 1 0 1 1 1 1 0 1 0 0 0 0 0 1 0 0 1 0 1 1 0 0 1 1 1 1 1]   | Precisión: 0.88 | Hamming: 4
------------------------------------------------------------
[8] Original  --> [0 1 0 0 0 1 0 0 1 1 0 0 0 1 0 1 0 1 1 0 0 0 1 1 1 1 0 1 0 1 1 1]
     Bob       --> [0 1 1 0 0 1 0 0 1 1 0 0 0 1 0 1 0 1 1 0 0 0 1 1 1 1 0 1 0 1 1 1]   | Precisión: 0.97 | Hamming: 1
     Eve       --> [0 1 1 0 0 1 0 0 1 1 0 0 0 1 0 1 0 1 1 1 0 1 1 1 1 1 0 1 0 1 1 1]   | Precisión: 0.91 | Hamming: 3
------------------------------------------------------------
[9] Original  --> [0 1 0 1 1 1 1 1 0 1 0 1 1 1 1 0 1 0 0 0 0 0 0 1 1 1 0 1 0 0 0 0]
     Bob       --> [0 1 0 1 1 1 1 1 0 0 0 1 1 1 1 0 1 0 0 0 0 0 0 1 1 1 0 1 0 0 0 0]   | Precisión: 0.97 | Hamming: 1
     Eve       --> [0 1 0 1 1 1 1 1 0 0 0 1 1 1 1 0 1 0 0 0 0 0 0 1 1 1 0 1 0 0 0 0]   | Precisión: 0.97 | Hamming: 1
------------------------------------------------------------
[10] Original  --> [1 1 0 0 0 1 0 0 1 1 0 0 1 0 0 1 0 0 1 0 0 1 1 0 0 1 1 0 1 1 0 1]
     Bob       --> [1 1 0 0 0 1 0 0 1 1 0 0 1 1 0 1 0 0 1 0 0 1 1 0 0 1 1 0 1 1 0 1]   | Precisión: 0.97 | Hamming: 1
     Eve       --> [1 1 1 0 0 1 0 0 1 1 0 0 1 0 0 1 0 0 1 1 0 1 1 0 0 0 1 0 1 1 0 1]   | Precisión: 0.91 | Hamming: 3
------------------------------------------------------------

RESULTADOS FINALES

Bob -> Precisión media: 0.8956 | Hamming media: 3.34
Eve -> Precisión media: 0.8801 | Hamming media: 3.84
Bob -> Perfectas: 415 | Eve -> Perfectas: 277

EVALUACIÓN CON CLAVES ERRÓNEAS PARA BOB

[1] Bob (clave errada) --> [0 0 0 0 0 0 0 0 0 0 0 0 0 0 0 0 0 0 0 0 0 0 0 0 0 0 0 0 0 0 0 0] | Precisión: 0.47 | Hamming: 17
------------------------------------------------------------
[2] Bob (clave errada) --> [0 0 0 0 0 0 0 0 0 0 0 0 0 0 0 0 0 0 0 0 0 0 0 0 0 0 0 0 0 0 0 0] | Precisión: 0.47 | Hamming: 17
------------------------------------------------------------
[3] Bob (clave errada) --> [0 0 0 0 0 0 0 0 0 0 0 0 0 0 0 0 0 0 0 0 0 0 0 0 0 0 0 0 0 0 0 0] | Precisión: 0.59 | Hamming: 13
------------------------------------------------------------
[4] Bob (clave errada) --> [0 0 0 0 0 0 0 0 0 0 0 0 0 0 0 0 0 0 0 0 0 0 0 0 0 0 0 0 0 0 0 0] | Precisión: 0.75 | Hamming: 8
------------------------------------------------------------
[5] Bob (clave errada) --> [0 0 0 0 0 0 0 0 0 0 0 0 0 0 0 0 0 0 0 0 0 0 1 0 0 0 0 0 0 0 0 0] | Precisión: 0.38 | Hamming: 20
------------------------------------------------------------
[6] Bob (clave errada) --> [0 0 0 0 0 0 0 0 0 0 0 0 0 0 0 0 0 0 0 0 0 0 0 0 0 0 0 0 0 0 0 0] | Precisión: 0.59 | Hamming: 13
------------------------------------------------------------
[7] Bob (clave errada) --> [0 0 0 0 0 0 0 0 0 0 0 0 0 0 0 0 0 0 0 0 0 0 0 0 0 0 0 0 0 0 0 0] | Precisión: 0.62 | Hamming: 12
------------------------------------------------------------
[8] Bob (clave errada) --> [0 0 0 0 0 0 0 0 0 0 0 0 0 0 0 0 0 0 0 0 0 0 0 0 0 0 0 0 0 0 0 0] | Precisión: 0.50 | Hamming: 16
------------------------------------------------------------
[9] Bob (clave errada) --> [0 1 0 0 1 1 0 0 0 0 0 0 0 0 0 0 0 0 0 0 0 0 0 0 0 0 0 0 0 0 0 0] | Precisión: 0.59 | Hamming: 13
------------------------------------------------------------
[10] Bob (clave errada) --> [0 0 0 0 0 0 0 0 0 0 0 0 0 0 0 0 0 0 0 0 0 0 0 0 0 0 0 0 0 0 0 0] | Precisión: 0.53 | Hamming: 15
------------------------------------------------------------

RESULTADOS CON CLAVES ERRÓNEAS

Bob -> Precisión media (clave errada): 0.5217 | Hamming media: 15.31

EVALUACIÓN CON 2000:

[1] Original  --> [1 1 1 0 0 1 0 0 0 1 0 1 1 1 1 1 1 0 0 1 1 1 0 0 1 0 1 0 1 1 1 0]
     Bob       --> [1 1 1 0 0 1 0 0 0 0 0 1 1 1 0 1 1 0 0 1 1 1 0 0 1 0 1 0 1 1 0 0]   | Precisión: 0.91 | Hamming: 3
     Eve       --> [1 1 0 0 0 1 1 0 0 0 0 1 1 1 0 1 1 0 0 1 1 1 0 0 1 0 1 0 1 1 0 0]   | Precisión: 0.84 | Hamming: 5
------------------------------------------------------------
[2] Original  --> [0 1 1 1 1 1 1 1 0 1 1 1 1 0 0 1 1 1 1 1 1 1 0 1 0 1 0 1 1 0 0 1]
     Bob       --> [0 1 1 1 0 1 1 1 0 1 1 0 1 0 0 1 1 1 0 0 1 0 0 1 0 0 0 1 1 0 0 1]   | Precisión: 0.81 | Hamming: 6
     Eve       --> [0 1 1 1 1 1 1 1 0 1 1 1 1 0 1 1 1 1 1 1 1 0 0 1 0 0 0 1 1 0 0 1]   | Precisión: 0.91 | Hamming: 3
------------------------------------------------------------
[3] Original  --> [0 0 0 0 0 1 0 1 1 0 1 0 1 0 0 0 0 0 0 1 0 0 0 1 1 1 1 1 1 1 1 1]
     Bob       --> [0 0 0 0 0 1 0 0 1 0 1 0 1 0 0 0 0 0 0 1 0 1 0 1 1 1 1 1 1 0 1 1]   | Precisión: 0.91 | Hamming: 3
     Eve       --> [0 0 0 1 0 1 0 1 1 0 1 0 1 0 0 0 0 1 0 1 0 1 0 1 1 1 1 1 1 0 1 1]   | Precisión: 0.88 | Hamming: 4
------------------------------------------------------------
[4] Original  --> [1 1 0 0 0 1 1 0 0 1 0 0 1 0 0 0 1 1 1 1 1 1 1 1 1 0 1 0 0 0 1 1]
     Bob       --> [1 1 0 0 0 1 1 0 0 1 0 0 1 0 0 0 0 1 0 1 1 1 1 1 1 0 1 0 1 0 1 1]   | Precisión: 0.91 | Hamming: 3
     Eve       --> [1 1 0 0 0 1 1 0 0 1 0 0 1 0 0 0 1 1 0 1 1 1 1 1 1 0 1 0 1 0 1 1]   | Precisión: 0.94 | Hamming: 2
------------------------------------------------------------
[5] Original  --> [1 0 0 1 0 1 0 0 1 1 1 0 0 1 1 0 1 0 1 1 0 1 0 1 0 0 0 0 1 1 0 1]
     Bob       --> [1 0 0 1 0 1 0 0 1 0 1 0 0 1 1 0 1 0 1 1 0 1 0 1 0 0 0 0 1 1 0 1]   | Precisión: 0.97 | Hamming: 1
     Eve       --> [1 0 0 1 0 1 0 0 1 1 1 0 0 1 1 0 1 0 1 1 0 1 0 1 0 0 0 0 1 1 0 1]   | Precisión: 1.00 | Hamming: 0
------------------------------------------------------------
[6] Original  --> [0 1 0 0 1 1 0 1 1 1 0 0 1 1 0 0 1 0 1 0 1 1 0 1 1 1 0 1 0 0 1 1]
     Bob       --> [0 0 1 0 1 1 0 1 1 1 0 0 1 1 0 0 1 0 1 0 1 0 0 1 1 1 0 1 0 0 1 0]   | Precisión: 0.88 | Hamming: 4
     Eve       --> [0 0 1 0 1 1 0 1 1 1 0 0 1 1 0 0 1 0 1 0 1 0 1 1 1 1 0 1 0 0 1 0]   | Precisión: 0.84 | Hamming: 5
------------------------------------------------------------
[7] Original  --> [0 1 0 0 0 0 0 1 0 0 1 1 0 1 0 1 0 1 0 0 1 1 0 0 0 1 0 0 1 0 1 0]
     Bob       --> [0 0 0 0 0 0 0 1 0 0 1 1 0 1 0 1 0 1 0 0 1 1 0 0 0 1 0 0 0 1 1 0]   | Precisión: 0.91 | Hamming: 3
     Eve       --> [0 0 0 0 0 0 1 1 0 0 1 1 0 1 0 1 1 1 0 0 1 1 0 0 0 1 0 0 0 1 1 0]   | Precisión: 0.84 | Hamming: 5
------------------------------------------------------------
[8] Original  --> [1 1 1 0 0 0 1 0 0 0 1 0 0 0 0 0 0 0 0 1 0 1 1 1 1 1 0 1 0 0 1 1]
     Bob       --> [1 1 0 0 0 0 1 0 0 0 1 0 0 0 0 0 0 0 0 1 0 1 1 1 1 1 0 1 0 0 1 1]   | Precisión: 0.97 | Hamming: 1
     Eve       --> [1 1 0 0 0 0 1 0 0 0 1 0 0 0 0 0 1 0 0 1 0 1 1 1 1 1 0 1 0 0 1 1]   | Precisión: 0.94 | Hamming: 2
------------------------------------------------------------
[9] Original  --> [1 1 1 1 0 1 0 0 1 0 0 1 1 1 1 0 1 0 1 1 0 0 1 1 1 1 1 1 0 0 1 0]
     Bob       --> [1 1 1 1 0 1 1 0 1 0 0 1 1 1 1 0 1 0 1 1 0 0 1 1 1 1 1 1 1 0 1 0]   | Precisión: 0.94 | Hamming: 2
     Eve       --> [1 1 1 1 0 1 0 0 1 0 0 1 1 1 1 0 1 0 1 1 0 0 1 1 1 1 1 1 1 0 1 0]   | Precisión: 0.97 | Hamming: 1
------------------------------------------------------------
[10] Original  --> [0 0 0 0 1 0 0 1 1 1 1 0 0 1 1 1 1 1 0 1 1 0 1 0 0 1 0 0 1 0 0 1]
     Bob       --> [0 0 0 0 0 0 0 1 1 1 1 0 0 1 1 1 1 1 0 0 1 1 1 0 0 0 0 0 0 0 0 1]   | Precisión: 0.84 | Hamming: 5
     Eve       --> [0 0 0 0 0 0 0 1 1 1 1 0 0 1 1 1 1 1 1 0 1 0 1 0 0 0 0 0 0 0 0 1]   | Precisión: 0.84 | Hamming: 5
------------------------------------------------------------

RESULTADOS FINALES

Bob -> Precisión media: 0.9000 | Hamming media: 3.20
Eve -> Precisión media: 0.8974 | Hamming media: 3.28
Bob -> Perfectas: 430 | Eve -> Perfectas: 438

EVALUACIÓN CON CLAVES ERRÓNEAS PARA BOB

[1] Bob (clave errada) --> [0 0 0 0 0 0 0 0 0 0 0 0 0 0 0 0 0 0 0 0 0 0 0 0 0 0 0 0 0 0 0 0] | Precisión: 0.41 | Hamming: 19
------------------------------------------------------------
[2] Bob (clave errada) --> [0 0 0 0 0 0 0 0 0 0 0 0 0 0 0 0 0 0 0 0 0 0 0 0 0 0 0 1 0 0 0 0] | Precisión: 0.31 | Hamming: 22
------------------------------------------------------------
[3] Bob (clave errada) --> [0 0 0 0 0 0 0 0 0 0 0 0 0 0 0 0 0 0 0 0 0 0 0 0 0 0 0 0 0 0 0 0] | Precisión: 0.53 | Hamming: 15
------------------------------------------------------------
[4] Bob (clave errada) --> [0 0 0 0 0 0 0 0 0 0 0 0 0 0 0 0 0 0 0 0 0 0 0 0 0 0 0 0 0 0 0 0] | Precisión: 0.44 | Hamming: 18
------------------------------------------------------------
[5] Bob (clave errada) --> [1 0 0 0 0 0 0 0 0 0 0 0 0 0 1 0 0 0 0 0 0 0 0 0 0 0 0 0 0 0 0 0] | Precisión: 0.56 | Hamming: 14
------------------------------------------------------------
[6] Bob (clave errada) --> [0 0 0 0 0 0 0 0 0 0 0 0 0 0 0 0 0 0 0 0 0 0 0 0 0 0 0 0 0 0 0 0] | Precisión: 0.44 | Hamming: 18
------------------------------------------------------------
[7] Bob (clave errada) --> [0 0 0 0 0 0 0 1 0 0 1 0 0 0 0 0 0 1 0 0 1 1 0 0 0 0 0 0 0 0 1 0] | Precisión: 0.81 | Hamming: 6
------------------------------------------------------------
[8] Bob (clave errada) --> [0 0 0 0 0 0 0 0 0 0 0 0 0 0 0 0 0 0 0 0 0 0 0 0 0 0 0 0 0 0 0 0] | Precisión: 0.56 | Hamming: 14
------------------------------------------------------------
[9] Bob (clave errada) --> [0 0 0 0 0 0 0 0 0 0 0 0 0 0 0 0 0 0 0 0 0 0 0 0 0 0 0 0 0 0 0 0] | Precisión: 0.38 | Hamming: 20
------------------------------------------------------------
[10] Bob (clave errada) --> [0 0 0 0 0 0 0 0 0 0 0 0 0 0 0 0 0 0 0 0 0 0 0 0 0 0 0 0 0 0 0 0] | Precisión: 0.50 | Hamming: 16
------------------------------------------------------------

RESULTADOS CON CLAVES ERRÓNEAS

Bob -> Precisión media (clave errada): 0.5276 | Hamming media: 15.12

EVALUACIÓN CON 2500:

[1] Original  --> [1 1 1 0 0 1 1 0 0 0 0 0 0 0 0 1 0 1 1 1 0 0 1 0 1 1 1 0 0 0 0 1]
     Bob       --> [0 1 0 0 0 0 1 0 0 0 0 0 0 0 0 0 0 1 1 1 0 0 1 0 1 1 1 0 0 0 0 1]   | Precisión: 0.88 | Hamming: 4
     Eve       --> [0 1 1 0 0 1 1 0 0 0 0 0 0 0 0 1 0 1 1 1 0 0 1 0 1 1 1 0 0 0 0 1]   | Precisión: 0.97 | Hamming: 1
------------------------------------------------------------
[2] Original  --> [0 1 1 1 0 1 0 1 1 1 0 1 1 0 0 1 0 0 1 1 0 1 1 1 1 0 1 1 0 1 1 1]
     Bob       --> [0 1 1 0 0 1 0 1 1 1 0 1 1 0 0 0 0 0 1 1 0 1 1 1 1 0 1 1 0 1 1 1]   | Precisión: 0.94 | Hamming: 2
     Eve       --> [0 1 1 1 0 1 0 1 1 1 0 1 1 0 0 1 0 0 1 1 0 1 1 1 1 0 1 1 0 1 1 1]   | Precisión: 1.00 | Hamming: 0
------------------------------------------------------------
[3] Original  --> [1 0 0 1 1 0 1 1 1 0 0 1 1 1 1 0 1 1 0 0 0 0 0 0 0 0 0 0 0 1 1 0]
     Bob       --> [1 0 0 1 1 0 1 1 1 0 0 1 1 1 1 0 1 0 0 0 0 0 0 0 0 0 0 0 0 1 1 0]   | Precisión: 0.97 | Hamming: 1
     Eve       --> [1 0 0 1 1 0 1 1 1 0 0 1 1 1 1 0 1 1 0 0 0 0 0 0 0 0 0 0 0 1 1 0]   | Precisión: 1.00 | Hamming: 0
------------------------------------------------------------
[4] Original  --> [1 1 0 0 1 1 1 1 0 1 1 1 0 0 0 1 0 0 0 0 0 0 1 0 1 0 0 1 1 1 1 1]
     Bob       --> [1 1 0 0 1 1 1 1 0 1 1 1 0 0 0 1 0 0 0 0 0 0 1 0 1 0 0 1 1 1 1 1]   | Precisión: 1.00 | Hamming: 0
     Eve       --> [1 1 0 0 1 1 1 1 0 1 1 1 0 0 0 1 0 0 0 0 0 0 1 0 1 0 0 1 1 1 1 1]   | Precisión: 1.00 | Hamming: 0
------------------------------------------------------------
[5] Original  --> [1 1 1 0 0 1 0 0 0 1 0 1 0 0 0 0 1 0 0 0 1 1 1 0 1 0 0 1 0 1 0 1]
     Bob       --> [0 1 0 0 0 1 0 0 0 1 0 1 0 0 0 0 1 0 0 0 1 0 1 0 1 0 0 1 0 1 0 1]   | Precisión: 0.91 | Hamming: 3
     Eve       --> [0 1 1 1 0 1 0 0 0 1 0 1 0 0 0 0 1 0 0 0 1 1 1 0 1 0 0 1 0 1 0 1]   | Precisión: 0.94 | Hamming: 2
------------------------------------------------------------
[6] Original  --> [0 1 0 1 1 1 0 0 1 1 1 1 0 0 0 1 0 1 1 0 0 1 1 1 0 1 0 1 1 1 1 1]
     Bob       --> [1 1 0 1 1 1 0 0 1 1 1 1 0 0 0 1 0 1 1 0 0 1 1 1 0 1 0 1 1 1 1 1]   | Precisión: 0.97 | Hamming: 1
     Eve       --> [1 1 0 1 1 1 0 0 1 0 1 1 0 0 0 1 0 1 1 0 0 1 1 1 0 1 0 1 1 1 1 1]   | Precisión: 0.94 | Hamming: 2
------------------------------------------------------------
[7] Original  --> [1 0 0 0 1 0 1 0 0 1 0 1 0 1 1 0 1 0 1 1 0 0 0 0 1 1 1 0 0 1 0 1]
     Bob       --> [0 0 0 0 1 0 1 0 0 1 0 1 0 1 1 0 1 0 1 1 0 0 0 0 1 1 1 0 0 1 0 1]   | Precisión: 0.97 | Hamming: 1
     Eve       --> [1 0 0 0 1 0 1 0 0 1 0 1 0 1 1 0 1 1 1 1 0 0 0 0 1 1 1 0 0 1 0 1]   | Precisión: 0.97 | Hamming: 1
------------------------------------------------------------
[8] Original  --> [0 0 1 1 0 1 0 0 0 1 0 1 0 1 1 1 0 0 1 1 1 0 0 0 1 1 0 1 1 0 1 0]
     Bob       --> [1 0 1 1 0 1 0 0 0 1 0 1 0 1 1 0 0 0 1 1 1 0 0 0 1 1 0 1 1 0 1 0]   | Precisión: 0.94 | Hamming: 2
     Eve       --> [0 0 1 1 0 1 0 0 0 1 0 1 0 1 1 0 1 0 1 1 1 0 0 0 1 1 0 1 1 0 1 0]   | Precisión: 0.94 | Hamming: 2
------------------------------------------------------------
[9] Original  --> [1 1 1 0 0 1 1 1 0 0 1 1 0 0 1 0 1 1 0 0 0 0 1 1 1 0 0 0 1 0 1 1]
     Bob       --> [1 1 1 1 0 1 1 1 0 0 1 1 0 0 1 0 0 0 0 0 0 0 1 1 1 0 0 0 1 0 1 1]   | Precisión: 0.91 | Hamming: 3
     Eve       --> [1 1 1 1 0 1 1 1 0 0 1 1 0 0 1 0 0 0 0 0 0 0 1 1 1 0 0 0 1 0 1 1]   | Precisión: 0.91 | Hamming: 3
------------------------------------------------------------
[10] Original  --> [0 0 0 0 0 1 1 1 1 0 1 1 0 1 0 0 1 1 0 1 0 1 0 1 0 0 0 1 1 0 1 0]
     Bob       --> [1 0 0 0 0 1 1 1 1 0 1 1 0 1 0 0 0 0 0 1 0 1 0 1 0 0 0 1 1 0 1 0]   | Precisión: 0.91 | Hamming: 3
     Eve       --> [1 0 0 0 0 1 1 1 1 0 1 1 0 1 0 0 1 0 0 1 0 1 0 1 0 0 0 1 1 0 1 0]   | Precisión: 0.94 | Hamming: 2
------------------------------------------------------------

RESULTADOS FINALES

Bob -> Precisión media: 0.9238 | Hamming media: 2.44
Eve -> Precisión media: 0.9238 | Hamming media: 2.44
Bob -> Perfectas: 1018 | Eve -> Perfectas: 1034

EVALUACIÓN CON CLAVES ERRÓNEAS PARA BOB

[1] Bob (clave errada) --> [0 0 0 0 0 0 0 0 0 0 0 0 0 0 0 0 0 0 0 0 0 0 0 0 0 0 0 0 0 0 0 0] | Precisión: 0.56 | Hamming: 14
------------------------------------------------------------
[2] Bob (clave errada) --> [0 0 0 0 0 0 0 0 0 0 0 0 0 0 0 0 0 0 0 0 0 0 0 0 0 0 0 0 0 0 0 0] | Precisión: 0.34 | Hamming: 21
------------------------------------------------------------
[3] Bob (clave errada) --> [0 0 0 0 0 0 0 0 0 0 0 0 0 0 0 0 0 0 0 0 0 0 0 0 0 0 0 0 0 0 0 0] | Precisión: 0.56 | Hamming: 14
------------------------------------------------------------
[4] Bob (clave errada) --> [1 1 0 0 0 0 0 0 0 1 0 0 0 0 0 0 0 0 0 0 0 0 1 0 0 0 0 1 0 0 0 1] | Precisión: 0.66 | Hamming: 11
------------------------------------------------------------
[5] Bob (clave errada) --> [0 0 0 0 0 0 0 0 0 0 0 0 0 0 0 0 0 0 0 0 0 0 0 0 0 0 0 0 0 0 0 0] | Precisión: 0.56 | Hamming: 14
------------------------------------------------------------
[6] Bob (clave errada) --> [0 0 0 0 0 0 0 0 0 0 0 0 0 0 0 0 0 0 0 0 0 0 0 0 0 0 0 0 0 0 0 0] | Precisión: 0.38 | Hamming: 20
------------------------------------------------------------
[7] Bob (clave errada) --> [0 0 0 0 0 0 0 0 0 0 0 0 0 0 0 0 0 0 0 0 0 0 0 0 0 0 0 0 0 0 0 0] | Precisión: 0.53 | Hamming: 15
------------------------------------------------------------
[8] Bob (clave errada) --> [0 0 0 0 0 0 0 0 0 0 0 0 0 0 0 0 0 0 0 0 0 0 0 0 0 0 0 0 0 0 0 0] | Precisión: 0.50 | Hamming: 16
------------------------------------------------------------
[9] Bob (clave errada) --> [0 0 0 0 0 0 0 0 0 0 0 0 0 0 0 0 0 0 0 0 0 0 0 0 0 0 0 0 0 0 0 0] | Precisión: 0.47 | Hamming: 17
------------------------------------------------------------
[10] Bob (clave errada) --> [0 0 0 0 0 0 0 0 0 0 0 0 0 0 0 0 0 0 0 0 0 0 0 0 0 0 0 0 0 0 0 0] | Precisión: 0.53 | Hamming: 15
------------------------------------------------------------

RESULTADOS CON CLAVES ERRÓNEAS

Bob -> Precisión media (clave errada): 0.5241 | Hamming media: 15.23

EVALUACIÓN CON 3000:

[1] Original  --> [1 1 0 0 1 1 0 0 0 0 0 0 0 0 0 0 0 1 1 0 0 1 0 0 1 0 1 1 1 0 0 1]
     Bob       --> [1 1 0 0 1 1 0 0 0 0 0 0 0 0 0 0 0 1 1 0 0 0 1 0 1 0 1 1 1 0 0 1]   | Precisión: 0.94 | Hamming: 2
     Eve       --> [1 1 0 0 1 1 0 0 0 0 0 0 0 0 0 0 0 1 1 0 0 0 1 0 1 0 1 1 1 0 0 1]   | Precisión: 0.94 | Hamming: 2
------------------------------------------------------------
[2] Original  --> [1 1 1 1 0 1 0 0 0 1 1 0 1 1 1 0 1 1 0 1 0 1 0 1 0 0 1 0 0 0 0 1]
     Bob       --> [1 1 1 1 0 1 0 0 0 1 1 0 1 1 1 0 1 1 0 1 0 0 0 1 0 0 1 0 0 1 0 1]   | Precisión: 0.94 | Hamming: 2
     Eve       --> [1 1 1 1 0 1 0 0 0 1 1 0 1 1 1 0 1 1 0 1 0 1 0 1 0 0 1 0 0 1 1 1]   | Precisión: 0.94 | Hamming: 2
------------------------------------------------------------
[3] Original  --> [0 1 1 0 1 1 0 0 0 0 1 0 0 1 0 0 0 1 1 0 0 0 0 1 0 1 0 1 1 0 1 0]
     Bob       --> [0 1 1 0 1 1 0 0 0 0 1 0 0 1 0 0 0 1 1 0 0 0 0 1 0 1 0 1 1 0 0 0]   | Precisión: 0.97 | Hamming: 1
     Eve       --> [0 1 1 1 1 1 0 0 0 0 1 0 0 1 0 1 0 1 1 0 0 0 0 1 0 1 0 1 1 0 0 0]   | Precisión: 0.91 | Hamming: 3
------------------------------------------------------------
[4] Original  --> [1 0 0 1 0 0 0 1 1 1 0 0 0 0 1 0 0 1 1 1 1 1 0 0 1 1 1 0 0 0 0 0]
     Bob       --> [1 0 0 1 0 0 0 1 1 1 0 0 0 0 1 0 0 1 1 1 1 0 1 0 1 1 1 0 0 1 0 0]   | Precisión: 0.91 | Hamming: 3
     Eve       --> [1 0 0 1 0 0 0 1 1 1 0 0 0 0 1 0 0 1 1 1 1 0 1 0 1 1 1 0 0 1 0 0]   | Precisión: 0.91 | Hamming: 3
------------------------------------------------------------
[5] Original  --> [1 0 1 1 1 1 1 0 1 1 1 0 0 1 0 0 0 1 0 0 1 0 1 1 1 0 1 0 0 1 0 1]
     Bob       --> [1 0 0 1 1 1 1 0 1 1 1 0 0 1 0 0 0 1 0 1 1 0 0 1 1 0 1 1 0 1 0 1]   | Precisión: 0.88 | Hamming: 4
     Eve       --> [1 0 0 1 0 1 1 0 1 1 1 0 0 1 0 0 0 1 0 0 1 0 0 1 1 0 1 0 0 1 0 1]   | Precisión: 0.91 | Hamming: 3
------------------------------------------------------------
[6] Original  --> [0 0 1 1 0 1 1 0 0 0 1 1 0 0 1 1 0 0 1 0 0 0 1 1 0 1 0 1 1 1 1 0]
     Bob       --> [0 0 1 0 0 1 1 0 0 0 1 1 0 0 1 1 0 0 1 0 0 0 0 1 0 1 0 1 1 0 1 0]   | Precisión: 0.91 | Hamming: 3
     Eve       --> [0 0 1 0 0 1 1 0 0 0 1 1 0 0 1 1 0 0 1 0 0 0 0 1 0 1 0 1 1 0 1 1]   | Precisión: 0.88 | Hamming: 4
------------------------------------------------------------
[7] Original  --> [1 1 1 0 0 0 0 0 1 1 1 1 0 0 1 0 0 1 1 1 1 1 1 0 0 1 1 1 0 1 1 1]
     Bob       --> [1 1 1 1 0 0 0 0 1 1 1 1 0 0 1 0 0 1 1 1 1 0 1 0 0 1 1 1 0 1 1 1]   | Precisión: 0.94 | Hamming: 2
     Eve       --> [1 1 1 1 0 0 0 0 1 1 1 1 0 0 1 0 0 1 1 1 1 0 1 0 0 1 1 1 0 1 1 1]   | Precisión: 0.94 | Hamming: 2
------------------------------------------------------------
[8] Original  --> [0 0 0 0 0 1 1 1 1 1 1 1 1 1 0 1 0 0 0 1 0 1 0 0 0 1 0 1 1 1 0 1]
     Bob       --> [0 0 0 0 0 1 1 1 1 1 1 1 1 1 0 1 0 0 0 1 0 0 1 0 0 1 0 1 1 0 0 1]   | Precisión: 0.91 | Hamming: 3
     Eve       --> [0 0 0 0 0 1 1 1 1 1 1 1 1 1 0 1 0 0 0 1 0 0 0 0 0 1 0 1 1 0 0 0]   | Precisión: 0.91 | Hamming: 3
------------------------------------------------------------
[9] Original  --> [1 1 0 0 1 0 0 0 0 1 1 1 1 0 1 1 1 0 1 0 0 1 1 1 1 1 0 0 1 0 1 0]
     Bob       --> [1 1 0 0 1 0 0 0 0 1 1 1 1 0 1 1 1 0 1 0 0 1 1 1 1 1 0 0 1 0 1 0]   | Precisión: 1.00 | Hamming: 0
     Eve       --> [0 1 0 0 1 0 0 0 0 1 1 1 1 0 1 1 1 0 1 0 0 1 1 1 1 1 1 0 1 0 1 1]   | Precisión: 0.91 | Hamming: 3
------------------------------------------------------------
[10] Original  --> [0 0 0 0 1 0 1 1 0 1 0 1 1 0 0 0 1 1 0 0 0 0 1 1 0 0 0 0 1 0 0 1]
     Bob       --> [0 0 0 0 1 0 1 1 0 1 0 1 1 0 0 0 1 1 0 0 0 0 1 1 0 0 0 0 1 0 0 1]   | Precisión: 1.00 | Hamming: 0
     Eve       --> [0 0 0 0 1 0 1 1 0 1 0 1 1 0 0 0 1 1 0 0 0 0 1 1 0 0 0 0 1 0 0 1]   | Precisión: 1.00 | Hamming: 0
------------------------------------------------------------

RESULTADOS FINALES

Bob -> Precisión media: 0.9326 | Hamming media: 2.16
Eve -> Precisión media: 0.9210 | Hamming media: 2.53
Bob -> Perfectas: 1182 | Eve -> Perfectas: 802

EVALUACIÓN CON CLAVES ERRÓNEAS PARA BOB

[1] Bob (clave errada) --> [0 0 0 0 0 0 0 0 0 0 0 0 0 0 0 0 0 0 0 0 0 0 0 0 0 0 0 0 0 0 0 0] | Precisión: 0.62 | Hamming: 12
------------------------------------------------------------
[2] Bob (clave errada) --> [0 0 0 0 0 0 0 0 0 0 0 0 0 1 0 0 0 0 0 0 0 0 0 0 0 0 0 0 0 0 0 0] | Precisión: 0.50 | Hamming: 16
------------------------------------------------------------
[3] Bob (clave errada) --> [0 0 0 0 0 0 0 0 0 0 0 0 0 0 0 0 0 0 0 0 0 0 0 0 0 0 0 0 0 0 0 0] | Precisión: 0.59 | Hamming: 13
------------------------------------------------------------
[4] Bob (clave errada) --> [0 0 0 0 0 0 0 0 0 0 0 0 0 0 0 0 0 0 0 0 0 0 0 0 0 0 0 0 0 0 0 0] | Precisión: 0.56 | Hamming: 14
------------------------------------------------------------
[5] Bob (clave errada) --> [1 0 0 1 0 1 1 0 1 0 0 0 0 1 0 0 0 1 0 0 1 0 0 1 1 0 0 0 0 0 0 1] | Precisión: 0.78 | Hamming: 7
------------------------------------------------------------
[6] Bob (clave errada) --> [0 0 0 0 0 0 0 0 0 0 0 0 0 0 0 0 0 0 0 0 0 0 0 0 0 0 0 0 0 0 0 0] | Precisión: 0.50 | Hamming: 16
------------------------------------------------------------
[7] Bob (clave errada) --> [0 0 0 0 0 0 0 0 0 0 0 0 0 0 0 0 0 0 0 0 0 0 0 0 0 0 0 0 0 0 0 0] | Precisión: 0.38 | Hamming: 20
------------------------------------------------------------
[8] Bob (clave errada) --> [0 0 0 0 0 0 0 0 0 0 0 0 0 0 0 0 0 0 0 0 0 0 0 0 0 0 0 0 0 0 0 0] | Precisión: 0.47 | Hamming: 17
------------------------------------------------------------
[9] Bob (clave errada) --> [0 0 0 0 0 0 0 0 0 0 0 0 0 0 0 0 0 0 0 0 0 0 0 0 0 0 0 0 0 0 0 0] | Precisión: 0.44 | Hamming: 18
------------------------------------------------------------
[10] Bob (clave errada) --> [0 0 0 0 0 0 0 0 0 0 0 0 0 0 0 0 0 0 0 0 0 0 0 0 0 0 0 0 0 0 0 0] | Precisión: 0.62 | Hamming: 12
------------------------------------------------------------

RESULTADOS CON CLAVES ERRÓNEAS

Bob -> Precisión media (clave errada): 0.5268 | Hamming media: 15.14

EVALUACIÓN CON 3500:

[1] Original  --> [0 0 0 0 1 0 0 0 1 1 1 0 0 0 0 0 0 0 1 0 0 1 1 1 0 0 1 0 0 0 0 1]
     Bob       --> [0 0 0 0 1 0 0 0 0 1 1 0 0 0 0 0 0 1 1 0 0 1 1 1 0 0 1 0 0 0 0 1]   | Precisión: 0.94 | Hamming: 2
     Eve       --> [0 0 0 0 1 0 0 0 0 1 0 0 0 0 0 0 0 1 1 0 0 1 1 1 0 0 1 0 0 0 0 1]   | Precisión: 0.91 | Hamming: 3
------------------------------------------------------------
[2] Original  --> [0 1 1 1 1 0 0 1 1 1 1 1 1 1 0 1 0 0 0 1 0 1 0 0 1 1 1 0 1 0 0 1]
     Bob       --> [0 1 1 1 1 0 0 1 1 1 1 1 1 1 0 1 1 0 0 1 0 1 0 0 1 1 1 0 1 0 0 1]   | Precisión: 0.97 | Hamming: 1
     Eve       --> [0 0 1 1 1 0 0 1 1 1 1 1 1 1 0 0 0 0 0 1 0 1 0 1 1 1 1 0 1 0 0 1]   | Precisión: 0.91 | Hamming: 3
------------------------------------------------------------
[3] Original  --> [1 0 0 1 1 1 0 1 1 1 1 1 0 1 1 0 0 0 0 0 0 1 0 1 0 0 1 1 1 1 1 1]
     Bob       --> [1 0 0 1 1 1 0 1 1 1 1 1 0 1 1 0 0 0 0 1 0 1 1 1 0 0 1 1 1 1 1 1]   | Precisión: 0.94 | Hamming: 2
     Eve       --> [0 0 0 1 1 1 0 1 1 1 1 1 0 1 1 0 0 0 0 1 0 1 1 1 0 1 1 1 1 1 1 1]   | Precisión: 0.88 | Hamming: 4
------------------------------------------------------------
[4] Original  --> [1 0 1 1 0 0 1 0 0 1 0 0 0 1 1 0 0 1 0 0 1 0 1 1 1 0 1 0 0 1 0 1]
     Bob       --> [1 0 1 1 0 0 1 0 1 1 1 0 0 1 1 0 0 1 0 0 1 0 1 1 1 0 1 0 1 1 0 1]   | Precisión: 0.91 | Hamming: 3
     Eve       --> [1 0 1 1 0 0 1 0 0 1 1 0 0 1 1 0 0 1 0 0 1 0 1 1 1 1 0 0 1 1 0 1]   | Precisión: 0.88 | Hamming: 4
------------------------------------------------------------
[5] Original  --> [0 1 0 0 0 1 1 0 1 1 1 0 1 1 0 1 1 0 0 1 0 0 1 0 1 0 1 0 1 0 0 0]
     Bob       --> [0 1 0 0 0 1 1 0 1 1 1 0 1 1 0 1 1 1 0 1 0 0 1 0 1 0 1 0 0 0 0 0]   | Precisión: 0.94 | Hamming: 2
     Eve       --> [0 1 0 0 0 1 1 0 1 1 1 0 1 1 0 1 1 1 0 1 0 0 1 0 1 0 1 0 0 0 0 0]   | Precisión: 0.94 | Hamming: 2
------------------------------------------------------------
[6] Original  --> [0 0 0 1 0 0 1 0 0 0 0 0 1 0 1 1 1 0 0 0 1 0 1 0 0 0 0 0 1 1 0 1]
     Bob       --> [1 0 0 1 0 0 1 0 0 0 1 0 1 0 1 1 1 0 0 0 1 0 1 0 0 0 0 0 1 1 0 1]   | Precisión: 0.94 | Hamming: 2
     Eve       --> [1 0 0 1 0 0 1 0 0 0 1 0 1 1 1 1 1 0 0 0 1 0 1 0 0 0 0 0 1 1 0 1]   | Precisión: 0.91 | Hamming: 3
------------------------------------------------------------
[7] Original  --> [0 1 1 1 1 0 1 1 0 0 0 0 1 1 0 0 0 1 1 0 0 0 0 0 1 0 0 1 1 0 1 1]
     Bob       --> [1 1 1 1 1 0 1 1 0 0 0 0 1 1 0 0 0 0 1 0 0 0 1 0 1 0 0 1 1 0 1 1]   | Precisión: 0.91 | Hamming: 3
     Eve       --> [1 1 1 1 1 0 1 1 0 0 0 0 1 1 0 0 0 0 1 0 0 0 1 0 1 0 0 1 0 0 1 1]   | Precisión: 0.88 | Hamming: 4
------------------------------------------------------------
[8] Original  --> [0 0 1 1 0 0 0 1 0 1 0 1 1 1 1 1 0 0 0 0 0 0 1 1 0 1 1 1 0 1 1 0]
     Bob       --> [0 0 1 1 0 0 0 1 1 1 1 1 1 1 1 1 0 0 0 0 0 0 1 1 0 1 1 1 1 1 1 0]   | Precisión: 0.91 | Hamming: 3
     Eve       --> [0 0 1 1 0 0 0 1 0 1 1 1 1 1 1 1 0 0 0 0 0 0 1 1 0 1 1 1 1 1 1 0]   | Precisión: 0.94 | Hamming: 2
------------------------------------------------------------
[9] Original  --> [0 0 1 1 0 0 0 0 0 1 1 0 1 0 0 1 0 0 0 0 0 0 0 1 0 0 0 1 1 0 0 0]
     Bob       --> [0 0 1 1 0 0 0 0 0 1 0 0 1 0 0 1 0 0 0 0 0 0 1 1 0 0 0 1 1 0 0 0]   | Precisión: 0.94 | Hamming: 2
     Eve       --> [1 0 1 1 0 0 0 0 0 1 1 1 1 0 0 1 0 0 0 0 0 0 1 1 0 0 0 1 1 0 0 0]   | Precisión: 0.91 | Hamming: 3
------------------------------------------------------------
[10] Original  --> [0 1 1 1 1 1 0 0 0 0 1 1 1 1 1 0 0 0 1 0 1 1 1 1 0 1 1 0 1 0 0 1]
     Bob       --> [0 1 1 1 1 1 0 0 1 0 1 0 1 1 1 0 0 0 1 0 0 1 1 1 0 1 1 0 1 0 0 1]   | Precisión: 0.91 | Hamming: 3
     Eve       --> [0 1 1 1 1 1 0 0 0 0 1 1 1 1 1 0 1 0 1 0 0 1 1 0 0 1 1 0 1 0 0 1]   | Precisión: 0.91 | Hamming: 3
------------------------------------------------------------

RESULTADOS FINALES

Bob -> Precisión media: 0.9124 | Hamming media: 2.80
Eve -> Precisión media: 0.8999 | Hamming media: 3.20
Bob -> Perfectas: 521 | Eve -> Perfectas: 338

EVALUACIÓN CON CLAVES ERRÓNEAS PARA BOB

[1] Bob (clave errada) --> [0 0 0 0 0 0 0 0 0 0 0 0 0 0 0 0 0 0 0 0 0 0 0 0 0 0 0 0 0 0 0 0] | Precisión: 0.69 | Hamming: 10
------------------------------------------------------------
[2] Bob (clave errada) --> [0 0 0 0 0 0 0 0 0 0 0 0 0 0 0 0 0 0 0 0 0 0 0 0 0 0 0 0 0 0 0 0] | Precisión: 0.41 | Hamming: 19
------------------------------------------------------------
[3] Bob (clave errada) --> [0 0 0 0 0 0 0 0 0 0 0 0 0 0 0 0 0 0 0 0 0 0 0 0 0 0 0 0 0 0 0 0] | Precisión: 0.41 | Hamming: 19
------------------------------------------------------------
[4] Bob (clave errada) --> [0 0 0 0 0 0 0 0 0 0 0 0 0 0 0 0 0 0 0 0 0 0 0 0 0 0 0 0 0 0 0 0] | Precisión: 0.53 | Hamming: 15
------------------------------------------------------------
[5] Bob (clave errada) --> [0 0 0 0 0 0 0 0 0 0 0 0 0 0 0 0 0 0 0 0 0 0 0 0 0 0 0 0 0 0 0 0] | Precisión: 0.53 | Hamming: 15
------------------------------------------------------------
[6] Bob (clave errada) --> [0 0 0 0 0 0 0 0 0 0 0 0 0 0 0 0 0 0 0 0 0 0 0 0 0 0 0 0 0 0 0 0] | Precisión: 0.66 | Hamming: 11
------------------------------------------------------------
[7] Bob (clave errada) --> [0 0 0 0 0 0 0 0 0 0 0 0 0 0 0 0 0 0 0 0 0 0 0 0 0 0 0 0 0 0 0 0] | Precisión: 0.53 | Hamming: 15
------------------------------------------------------------
[8] Bob (clave errada) --> [0 0 0 0 0 0 0 0 0 0 0 0 0 0 0 0 0 0 0 0 0 0 0 0 0 0 0 0 0 0 0 0] | Precisión: 0.50 | Hamming: 16
------------------------------------------------------------
[9] Bob (clave errada) --> [0 0 0 0 0 0 0 0 0 0 0 0 0 0 0 0 0 0 0 0 0 0 0 0 0 0 0 0 0 0 0 0] | Precisión: 0.72 | Hamming: 9
------------------------------------------------------------
[10] Bob (clave errada) --> [0 0 0 0 0 0 0 0 0 0 0 0 0 0 0 0 0 0 0 0 0 0 0 0 0 0 0 0 0 0 0 0] | Precisión: 0.41 | Hamming: 19
------------------------------------------------------------

RESULTADOS CON CLAVES ERRÓNEAS

Bob -> Precisión media (clave errada): 0.5106 | Hamming media: 15.66

EVALUACIÓN CON 4000:

[1] Original  --> [0 0 0 0 0 1 1 0 0 0 0 0 0 0 1 1 0 1 1 0 1 1 0 1 0 0 1 1 0 1 1 0]
     Bob       --> [0 0 0 0 0 1 1 0 0 0 0 0 0 0 1 1 0 1 1 0 1 1 0 1 0 0 1 1 0 1 1 0]   | Precisión: 1.00 | Hamming: 0
     Eve       --> [0 0 1 0 0 1 1 0 0 0 0 0 0 0 1 1 0 1 1 0 1 1 0 1 0 0 1 1 0 1 1 0]   | Precisión: 0.97 | Hamming: 1
------------------------------------------------------------
[2] Original  --> [0 1 1 1 0 1 1 1 1 1 0 1 0 1 0 1 0 1 0 1 1 0 1 1 1 1 1 1 1 1 1 0]
     Bob       --> [0 1 1 1 0 1 1 1 1 1 0 1 0 1 0 1 0 0 0 1 1 1 1 1 1 1 1 1 1 1 1 0]   | Precisión: 0.94 | Hamming: 2
     Eve       --> [0 1 1 1 0 1 1 1 1 1 0 1 0 0 0 1 0 1 0 1 1 0 1 1 1 1 0 1 1 1 1 0]   | Precisión: 0.94 | Hamming: 2
------------------------------------------------------------
[3] Original  --> [1 1 1 0 0 1 1 1 0 1 0 1 0 1 1 0 0 1 1 1 1 0 0 1 0 1 1 0 0 0 0 0]
     Bob       --> [1 1 1 0 0 1 1 1 0 1 0 0 0 1 1 0 0 1 1 1 1 0 0 1 0 1 1 0 0 0 0 1]   | Precisión: 0.94 | Hamming: 2
     Eve       --> [1 1 1 0 0 1 1 1 0 1 0 1 0 1 1 0 0 1 1 1 1 0 0 1 0 1 1 0 0 0 0 0]   | Precisión: 1.00 | Hamming: 0
------------------------------------------------------------
[4] Original  --> [1 0 1 0 1 1 1 1 1 0 0 1 1 0 1 1 0 0 0 1 1 1 1 0 1 1 0 1 1 1 1 1]
     Bob       --> [0 0 1 0 1 1 0 1 1 0 1 1 1 0 1 1 0 0 0 1 1 1 1 0 1 1 0 1 1 1 1 1]   | Precisión: 0.91 | Hamming: 3
     Eve       --> [1 0 1 0 1 1 0 1 1 0 0 1 1 0 1 1 0 0 0 1 1 1 1 0 1 1 0 1 1 1 1 1]   | Precisión: 0.97 | Hamming: 1
------------------------------------------------------------
[5] Original  --> [1 0 0 1 1 1 0 0 0 1 1 0 0 1 0 0 1 0 0 1 1 0 1 0 1 1 1 1 1 1 1 0]
     Bob       --> [1 0 0 1 1 1 0 0 0 1 1 0 0 1 0 0 1 0 0 1 1 0 1 0 1 1 1 1 1 1 1 0]   | Precisión: 1.00 | Hamming: 0
     Eve       --> [1 0 1 1 1 1 0 0 0 1 1 0 0 1 0 0 1 0 0 1 1 0 1 0 1 1 1 1 1 1 1 0]   | Precisión: 0.97 | Hamming: 1
------------------------------------------------------------
[6] Original  --> [1 1 0 0 0 1 0 1 0 1 1 1 1 0 1 1 0 1 1 0 0 0 1 0 1 1 1 0 0 1 1 0]
     Bob       --> [1 1 0 0 0 0 0 0 0 1 1 0 1 0 1 1 0 1 1 0 0 0 0 0 1 0 0 0 0 0 1 0]   | Precisión: 0.78 | Hamming: 7
     Eve       --> [1 1 1 0 0 1 0 0 1 1 1 0 1 0 1 1 0 1 1 0 0 0 0 0 1 1 0 0 0 0 1 0]   | Precisión: 0.78 | Hamming: 7
------------------------------------------------------------
[7] Original  --> [1 1 0 0 0 0 1 1 1 1 1 0 1 1 0 0 1 0 0 0 0 1 1 0 0 0 1 1 1 0 1 1]
     Bob       --> [1 1 0 0 0 0 0 1 1 1 1 0 1 1 0 0 1 0 0 0 0 1 1 0 0 0 0 1 1 0 1 1]   | Precisión: 0.94 | Hamming: 2
     Eve       --> [1 1 1 0 0 0 1 1 1 1 1 0 1 1 0 0 1 0 0 0 0 1 1 0 0 0 1 1 1 1 1 1]   | Precisión: 0.94 | Hamming: 2
------------------------------------------------------------
[8] Original  --> [1 1 0 1 0 0 0 1 1 0 1 1 1 1 1 0 1 0 1 1 1 1 1 1 1 0 1 1 1 1 0 0]
     Bob       --> [1 1 0 1 0 0 0 1 1 0 1 1 1 1 1 0 1 0 1 1 0 1 1 1 1 0 1 1 1 1 0 0]   | Precisión: 0.97 | Hamming: 1
     Eve       --> [1 1 0 1 0 0 0 1 1 0 0 1 1 1 1 0 1 0 1 1 1 1 1 1 1 0 1 1 1 1 0 0]   | Precisión: 0.97 | Hamming: 1
------------------------------------------------------------
[9] Original  --> [0 0 0 0 1 1 1 0 0 1 0 1 1 1 0 0 1 1 1 1 1 0 1 1 1 0 1 1 1 0 0 0]
     Bob       --> [0 0 0 0 1 1 0 0 0 1 0 1 1 1 0 0 1 1 1 1 1 0 1 1 1 0 1 1 1 1 0 1]   | Precisión: 0.91 | Hamming: 3
     Eve       --> [0 0 0 0 1 1 0 0 0 1 0 1 1 1 0 0 1 1 1 1 1 0 1 1 1 0 1 1 1 0 0 0]   | Precisión: 0.97 | Hamming: 1
------------------------------------------------------------
[10] Original  --> [1 0 0 1 1 0 1 0 0 0 0 0 0 1 0 1 1 0 0 0 0 1 1 0 0 1 1 0 0 1 0 0]
     Bob       --> [0 0 0 1 1 0 0 0 0 0 1 0 0 1 0 1 1 0 0 0 0 1 1 0 0 1 1 0 0 1 0 0]   | Precisión: 0.91 | Hamming: 3
     Eve       --> [1 0 0 1 1 0 0 0 0 0 1 0 0 1 0 0 1 0 0 0 0 1 1 1 0 1 1 0 1 1 0 0]   | Precisión: 0.84 | Hamming: 5
------------------------------------------------------------

RESULTADOS FINALES

Bob -> Precisión media: 0.9307 | Hamming media: 2.22
Eve -> Precisión media: 0.9262 | Hamming media: 2.36
Bob -> Perfectas: 1140 | Eve -> Perfectas: 1016

EVALUACIÓN CON CLAVES ERRÓNEAS PARA BOB

[1] Bob (clave errada) --> [0 0 0 0 0 0 0 0 0 0 0 0 0 0 0 0 0 1 0 0 0 0 0 0 0 0 0 0 0 0 0 0] | Precisión: 0.62 | Hamming: 12
------------------------------------------------------------
[2] Bob (clave errada) --> [0 0 0 0 0 0 0 0 0 0 0 0 0 0 0 0 0 0 0 0 0 0 0 0 0 0 0 0 0 0 0 0] | Precisión: 0.28 | Hamming: 23
------------------------------------------------------------
[3] Bob (clave errada) --> [0 0 0 0 0 0 0 0 0 0 0 0 0 0 0 0 0 0 0 0 0 0 0 0 0 0 0 0 0 0 0 0] | Precisión: 0.47 | Hamming: 17
------------------------------------------------------------
[4] Bob (clave errada) --> [0 0 0 0 0 0 0 0 0 0 0 0 0 0 0 0 0 0 0 0 0 0 0 0 0 0 0 0 0 0 0 0] | Precisión: 0.31 | Hamming: 22
------------------------------------------------------------
[5] Bob (clave errada) --> [0 0 0 0 0 0 0 0 0 0 0 0 0 0 0 0 0 0 0 0 0 0 0 0 0 0 0 0 0 0 0 0] | Precisión: 0.44 | Hamming: 18
------------------------------------------------------------
[6] Bob (clave errada) --> [0 0 0 0 0 0 0 0 0 0 0 0 0 0 0 0 0 0 0 0 0 0 0 0 0 0 0 0 0 0 0 0] | Precisión: 0.44 | Hamming: 18
------------------------------------------------------------
[7] Bob (clave errada) --> [0 0 0 0 0 0 0 0 0 0 0 0 0 0 0 0 0 0 0 0 0 0 0 0 0 0 0 0 0 0 0 0] | Precisión: 0.47 | Hamming: 17
------------------------------------------------------------
[8] Bob (clave errada) --> [1 0 0 0 0 0 0 0 0 0 0 0 0 0 0 0 0 0 0 0 0 0 0 0 0 0 0 0 0 0 0 0] | Precisión: 0.34 | Hamming: 21
------------------------------------------------------------
[9] Bob (clave errada) --> [0 0 0 0 1 1 0 0 0 1 0 0 0 0 0 0 1 0 1 0 0 0 0 0 0 0 0 1 0 0 0 0] | Precisión: 0.62 | Hamming: 12
------------------------------------------------------------
[10] Bob (clave errada) --> [0 0 0 0 0 0 0 0 0 0 0 0 0 0 0 0 0 0 0 0 0 0 0 0 0 0 0 0 0 0 0 0] | Precisión: 0.62 | Hamming: 12
------------------------------------------------------------

RESULTADOS CON CLAVES ERRÓNEAS

Bob -> Precisión media (clave errada): 0.5408 | Hamming media: 14.69

EVALUACIÓN CON 4500:

[1] Original  --> [1 1 0 0 1 0 0 1 1 1 0 1 1 0 1 1 1 1 1 0 1 1 1 0 1 1 1 1 1 0 0 0]
     Bob       --> [1 1 0 0 1 0 0 1 1 1 0 1 1 0 1 1 1 1 1 0 1 1 0 0 1 1 1 1 1 0 0 0]   | Precisión: 0.97 | Hamming: 1
     Eve       --> [1 1 0 0 1 0 0 1 1 1 0 1 1 0 1 1 1 1 1 0 1 1 1 0 1 0 1 1 1 0 0 0]   | Precisión: 0.97 | Hamming: 1
------------------------------------------------------------
[2] Original  --> [0 1 1 0 0 1 0 0 1 0 0 0 0 0 0 1 1 0 0 0 1 0 0 0 1 1 0 0 1 0 0 0]
     Bob       --> [0 1 0 0 0 1 0 0 1 0 0 0 0 0 0 1 1 0 0 0 1 0 0 0 1 1 0 0 1 0 0 0]   | Precisión: 0.97 | Hamming: 1
     Eve       --> [0 1 1 0 0 1 0 0 1 0 0 0 0 0 0 1 1 0 0 1 1 0 0 0 1 1 0 0 1 0 0 0]   | Precisión: 0.97 | Hamming: 1
------------------------------------------------------------
[3] Original  --> [1 0 1 1 1 1 0 1 1 0 1 1 0 1 0 1 1 0 1 0 1 1 0 1 1 1 1 1 1 0 0 1]
     Bob       --> [1 0 0 1 1 1 0 1 1 0 1 1 0 1 0 1 1 0 1 0 1 1 0 1 1 1 1 1 1 0 0 1]   | Precisión: 0.97 | Hamming: 1
     Eve       --> [1 0 1 1 1 1 0 1 1 0 1 1 0 1 0 1 1 0 1 0 1 1 0 1 1 1 1 1 1 0 0 1]   | Precisión: 1.00 | Hamming: 0
------------------------------------------------------------
[4] Original  --> [1 1 1 0 1 1 1 1 1 1 1 1 0 0 1 0 0 0 0 1 1 1 0 1 1 0 1 1 1 0 0 1]
     Bob       --> [1 1 1 0 1 1 1 1 1 1 1 1 0 0 1 0 0 0 0 1 1 0 0 1 1 0 1 1 1 0 0 1]   | Precisión: 0.97 | Hamming: 1
     Eve       --> [0 1 0 0 1 1 1 1 1 1 1 1 0 0 1 0 0 0 0 1 1 1 0 1 1 0 1 1 0 0 0 1]   | Precisión: 0.91 | Hamming: 3
------------------------------------------------------------
[5] Original  --> [0 0 0 0 1 0 1 0 0 1 0 1 0 0 1 0 0 0 0 1 1 0 0 0 1 1 1 1 1 0 1 0]
     Bob       --> [0 0 0 0 1 0 1 0 0 1 0 1 0 0 0 0 0 0 0 1 0 0 0 0 1 1 1 1 1 0 1 1]   | Precisión: 0.91 | Hamming: 3
     Eve       --> [0 0 0 0 1 0 1 0 0 1 0 1 0 0 1 0 0 0 0 1 0 0 0 1 1 1 1 1 1 0 1 0]   | Precisión: 0.94 | Hamming: 2
------------------------------------------------------------
[6] Original  --> [1 0 1 0 1 1 0 1 0 1 1 1 1 1 1 1 1 0 0 1 1 1 0 0 1 1 1 1 0 0 0 1]
     Bob       --> [1 0 1 0 1 1 0 1 0 1 1 1 0 1 1 1 1 0 0 1 0 0 0 0 1 1 1 1 0 0 0 1]   | Precisión: 0.91 | Hamming: 3
     Eve       --> [1 0 1 0 1 1 0 1 0 1 1 1 0 1 1 1 1 0 0 1 1 1 0 0 1 1 1 1 0 0 0 1]   | Precisión: 0.97 | Hamming: 1
------------------------------------------------------------
[7] Original  --> [1 1 1 0 1 0 0 0 1 1 0 1 1 1 0 0 0 1 1 0 1 0 1 1 1 1 0 1 0 1 1 1]
     Bob       --> [1 1 0 0 1 0 0 0 1 1 0 1 1 0 0 0 0 1 1 0 1 0 1 0 1 1 0 1 0 1 1 1]   | Precisión: 0.91 | Hamming: 3
     Eve       --> [1 1 1 0 1 0 0 0 1 1 0 1 1 1 0 0 0 1 1 0 1 0 1 1 1 1 0 1 0 1 1 1]   | Precisión: 1.00 | Hamming: 0
------------------------------------------------------------
[8] Original  --> [1 0 1 0 0 1 0 0 1 0 1 0 1 1 0 1 1 0 0 0 0 0 1 1 0 0 0 0 1 0 1 0]
     Bob       --> [1 0 1 0 0 1 0 0 1 0 1 0 1 1 0 1 1 0 0 0 0 0 1 1 0 0 0 0 1 0 1 0]   | Precisión: 1.00 | Hamming: 0
     Eve       --> [1 0 1 0 0 1 0 0 1 0 1 0 1 1 0 1 1 0 0 0 0 0 1 1 0 0 0 0 1 0 1 0]   | Precisión: 1.00 | Hamming: 0
------------------------------------------------------------
[9] Original  --> [0 1 0 1 1 1 1 1 0 0 1 0 1 0 0 0 0 1 1 0 0 0 1 1 0 1 0 1 1 0 0 0]
     Bob       --> [0 1 0 1 1 1 1 1 0 0 1 0 1 0 0 0 0 1 1 0 0 0 1 1 0 1 0 1 1 0 0 0]   | Precisión: 1.00 | Hamming: 0
     Eve       --> [0 1 0 1 1 1 1 1 0 0 1 0 1 0 1 0 0 1 1 0 1 0 1 1 0 1 0 1 1 0 0 0]   | Precisión: 0.94 | Hamming: 2
------------------------------------------------------------
[10] Original  --> [0 1 0 1 1 1 1 1 0 1 1 1 1 0 0 1 0 1 1 0 0 1 1 1 0 1 0 0 0 0 1 0]
     Bob       --> [0 1 0 1 1 1 1 1 0 1 1 1 1 0 0 1 0 1 0 0 0 1 1 1 0 1 0 0 0 0 0 0]   | Precisión: 0.94 | Hamming: 2
     Eve       --> [0 1 0 1 1 1 1 1 0 1 1 1 1 0 0 1 0 1 0 1 0 1 1 1 0 1 0 0 0 0 0 0]   | Precisión: 0.91 | Hamming: 3
------------------------------------------------------------

RESULTADOS FINALES

Bob -> Precisión media: 0.9561 | Hamming media: 1.41
Eve -> Precisión media: 0.9431 | Hamming media: 1.82
Bob -> Perfectas: 2856 | Eve -> Perfectas: 1918

EVALUACIÓN CON CLAVES ERRÓNEAS PARA BOB

[1] Bob (clave errada) --> [1 1 0 0 1 0 0 1 1 1 0 1 1 0 1 1 1 1 1 0 1 1 1 0 1 0 1 1 1 0 0 0] | Precisión: 0.97 | Hamming: 1
------------------------------------------------------------
[2] Bob (clave errada) --> [0 0 0 0 0 0 0 0 0 0 0 0 0 0 0 0 0 0 0 0 0 0 0 0 0 0 0 0 0 0 0 0] | Precisión: 0.69 | Hamming: 10
------------------------------------------------------------
[3] Bob (clave errada) --> [0 0 0 0 0 0 0 0 0 0 0 0 0 0 0 0 0 0 0 0 0 0 0 0 0 0 0 0 0 0 0 0] | Precisión: 0.31 | Hamming: 22
------------------------------------------------------------
[4] Bob (clave errada) --> [0 0 0 0 0 0 0 0 0 0 0 0 0 0 0 0 0 0 0 0 0 0 0 0 0 0 0 0 0 0 0 0] | Precisión: 0.34 | Hamming: 21
------------------------------------------------------------
[5] Bob (clave errada) --> [0 0 0 0 0 0 0 0 0 0 0 0 0 0 0 0 0 0 0 0 0 0 0 0 0 0 0 0 0 0 0 0] | Precisión: 0.59 | Hamming: 13
------------------------------------------------------------
[6] Bob (clave errada) --> [0 0 0 0 0 0 0 0 0 0 0 0 0 0 0 0 0 0 0 0 0 0 0 0 1 0 0 0 0 0 0 0] | Precisión: 0.38 | Hamming: 20
------------------------------------------------------------
[7] Bob (clave errada) --> [0 0 0 0 0 0 0 0 0 0 0 0 0 0 0 0 0 0 0 0 0 0 0 0 0 0 0 0 0 0 0 0] | Precisión: 0.38 | Hamming: 20
------------------------------------------------------------
[8] Bob (clave errada) --> [0 0 0 0 0 0 0 0 0 0 0 0 0 0 0 0 0 0 0 0 0 0 0 0 0 0 0 0 0 0 1 0] | Precisión: 0.62 | Hamming: 12
------------------------------------------------------------
[9] Bob (clave errada) --> [0 0 0 0 0 0 0 0 0 0 0 0 0 0 0 0 0 0 0 0 0 0 0 0 0 0 0 0 0 0 0 0] | Precisión: 0.53 | Hamming: 15
------------------------------------------------------------
[10] Bob (clave errada) --> [0 0 0 0 0 0 0 0 0 0 0 0 0 0 0 0 0 0 0 0 0 0 0 0 0 0 0 0 0 0 0 0] | Precisión: 0.44 | Hamming: 18
------------------------------------------------------------

RESULTADOS CON CLAVES ERRÓNEAS

Bob -> Precisión media (clave errada): 0.5616 | Hamming media: 14.03

EVALUACIÓN CON 5000:

[1] Original  --> [1 1 0 0 0 0 1 0 0 1 1 0 1 1 0 1 1 0 0 1 0 1 0 0 0 1 1 1 1 0 1 0]
     Bob       --> [1 1 0 0 0 0 1 0 0 1 1 0 1 1 0 1 1 0 0 1 0 1 0 0 0 1 1 1 1 0 1 0]   | Precisión: 1.00 | Hamming: 0
     Eve       --> [0 1 0 0 0 0 1 0 0 1 1 1 1 1 0 1 1 0 0 1 0 1 1 0 0 1 1 1 1 0 1 0]   | Precisión: 0.91 | Hamming: 3
------------------------------------------------------------
[2] Original  --> [0 1 0 1 1 0 1 0 1 1 0 0 1 0 1 0 0 1 1 0 0 0 0 1 1 1 0 0 0 0 1 1]
     Bob       --> [1 1 0 1 1 0 1 0 1 1 0 0 1 0 1 0 0 0 1 0 0 0 0 1 1 1 0 1 0 0 1 1]   | Precisión: 0.91 | Hamming: 3
     Eve       --> [1 1 0 1 1 0 1 0 1 1 0 0 1 0 1 0 0 1 1 0 0 0 0 1 1 1 0 1 0 0 1 1]   | Precisión: 0.94 | Hamming: 2
------------------------------------------------------------
[3] Original  --> [0 0 1 0 1 1 0 1 0 0 1 0 0 1 0 0 0 0 0 1 1 1 0 0 0 1 0 0 0 0 1 0]
     Bob       --> [0 0 1 0 1 1 0 1 0 0 1 0 0 1 0 0 0 0 0 1 1 1 0 0 0 1 0 0 0 0 1 0]   | Precisión: 1.00 | Hamming: 0
     Eve       --> [1 0 1 0 1 1 0 1 0 0 1 0 0 1 0 0 0 0 0 1 1 1 0 0 0 1 0 0 0 0 1 0]   | Precisión: 0.97 | Hamming: 1
------------------------------------------------------------
[4] Original  --> [0 0 1 1 1 1 0 0 1 0 0 1 0 0 1 0 1 1 1 1 0 0 0 0 1 1 0 1 0 1 1 1]
     Bob       --> [0 0 0 1 1 1 0 0 0 0 0 1 0 0 1 0 1 1 1 1 0 0 0 0 1 1 0 1 0 1 1 1]   | Precisión: 0.94 | Hamming: 2
     Eve       --> [1 0 1 1 1 1 0 0 1 0 0 1 0 0 1 0 1 1 1 1 0 0 0 0 1 1 0 1 0 1 1 1]   | Precisión: 0.97 | Hamming: 1
------------------------------------------------------------
[5] Original  --> [1 1 0 0 0 1 1 0 0 0 1 1 0 0 1 0 0 1 1 0 0 1 0 1 1 1 0 0 0 1 0 0]
     Bob       --> [0 1 0 0 0 1 1 0 0 0 1 1 0 0 1 0 0 1 1 0 0 1 0 1 1 1 0 1 0 1 0 0]   | Precisión: 0.94 | Hamming: 2
     Eve       --> [0 1 0 0 0 1 1 1 0 0 1 1 0 0 1 0 0 1 1 0 0 1 1 1 1 1 0 1 0 1 0 1]   | Precisión: 0.84 | Hamming: 5
------------------------------------------------------------
[6] Original  --> [1 1 0 1 0 1 0 1 1 1 0 0 0 1 0 1 1 0 1 0 1 0 0 1 1 0 0 0 1 1 1 0]
     Bob       --> [1 1 0 1 0 1 0 1 1 1 0 0 0 1 0 1 1 0 1 0 1 0 0 1 1 0 0 0 1 1 1 0]   | Precisión: 1.00 | Hamming: 0
     Eve       --> [1 1 0 1 0 1 0 1 1 1 0 0 0 1 0 1 1 0 0 0 1 0 0 1 1 0 0 0 1 1 1 0]   | Precisión: 0.97 | Hamming: 1
------------------------------------------------------------
[7] Original  --> [0 0 0 1 1 1 1 0 1 1 0 1 1 0 0 0 1 1 0 1 0 1 1 0 1 1 1 0 1 0 1 1]
     Bob       --> [1 0 0 1 1 1 1 0 1 1 0 1 1 0 0 0 1 0 0 1 0 1 1 0 1 1 1 1 1 0 1 1]   | Precisión: 0.91 | Hamming: 3
     Eve       --> [1 0 0 1 1 1 1 1 1 1 0 1 1 0 0 0 1 0 0 1 0 1 0 0 1 1 1 1 1 0 1 0]   | Precisión: 0.81 | Hamming: 6
------------------------------------------------------------
[8] Original  --> [0 1 0 1 0 0 1 0 0 1 0 0 1 0 1 1 0 1 1 0 1 1 0 0 1 0 1 1 1 0 0 0]
     Bob       --> [0 1 0 1 0 0 1 0 0 1 0 0 0 0 1 1 0 0 1 0 1 1 0 0 1 0 1 1 1 0 0 0]   | Precisión: 0.94 | Hamming: 2
     Eve       --> [0 1 0 1 0 0 1 0 0 1 0 0 1 0 1 1 0 0 0 0 1 1 0 0 1 0 1 0 0 0 0 0]   | Precisión: 0.88 | Hamming: 4
------------------------------------------------------------
[9] Original  --> [0 1 0 0 0 0 1 0 0 1 1 1 1 1 1 1 0 0 1 1 1 0 1 1 0 0 1 0 1 1 0 1]
     Bob       --> [1 1 0 0 0 0 1 0 0 1 1 1 1 1 1 1 0 0 1 1 1 0 1 1 0 0 1 1 1 1 0 1]   | Precisión: 0.94 | Hamming: 2
     Eve       --> [1 1 0 0 0 0 1 0 0 1 1 1 1 1 1 1 0 0 0 1 1 0 1 1 0 0 1 0 1 1 0 1]   | Precisión: 0.94 | Hamming: 2
------------------------------------------------------------
[10] Original  --> [1 1 1 1 0 0 0 0 1 1 0 0 0 1 0 1 0 1 1 1 1 1 1 1 1 0 1 0 1 0 0 0]
     Bob       --> [1 1 1 1 0 0 0 0 1 1 0 0 0 1 0 1 0 1 1 1 1 1 1 1 1 0 1 1 1 0 0 0]   | Precisión: 0.97 | Hamming: 1
     Eve       --> [1 1 1 1 0 0 0 1 1 1 0 0 0 1 0 1 0 1 1 1 1 1 1 1 1 0 1 1 1 0 0 0]   | Precisión: 0.94 | Hamming: 2
------------------------------------------------------------

RESULTADOS FINALES

Bob -> Precisión media: 0.9495 | Hamming media: 1.62
Eve -> Precisión media: 0.9222 | Hamming media: 2.49
Bob -> Perfectas: 1919 | Eve -> Perfectas: 676

EVALUACIÓN CON CLAVES ERRÓNEAS PARA BOB

[1] Bob (clave errada) --> [0 0 0 0 0 0 0 0 0 0 0 0 0 0 0 0 0 0 0 0 0 0 0 0 0 0 0 0 0 0 0 0] | Precisión: 0.50 | Hamming: 16
------------------------------------------------------------
[2] Bob (clave errada) --> [0 0 0 0 0 0 0 0 0 0 0 0 0 0 0 0 0 0 0 0 0 0 0 0 0 0 0 0 0 0 0 0] | Precisión: 0.53 | Hamming: 15
------------------------------------------------------------
[3] Bob (clave errada) --> [0 0 0 0 0 0 0 0 0 0 0 0 0 0 0 0 0 0 0 0 0 0 0 0 0 0 0 0 0 0 0 0] | Precisión: 0.66 | Hamming: 11
------------------------------------------------------------
[4] Bob (clave errada) --> [0 0 0 0 0 0 0 0 0 0 0 0 0 0 0 0 0 0 0 0 0 0 0 0 0 0 0 0 0 0 0 0] | Precisión: 0.47 | Hamming: 17
------------------------------------------------------------
[5] Bob (clave errada) --> [0 0 0 0 0 0 0 0 0 0 0 0 0 0 0 0 0 0 0 0 0 0 0 0 0 0 0 0 0 0 0 0] | Precisión: 0.56 | Hamming: 14
------------------------------------------------------------
[6] Bob (clave errada) --> [0 0 0 0 0 0 0 1 1 0 0 0 0 0 0 0 0 0 0 0 0 0 0 0 1 0 0 0 0 0 1 0] | Precisión: 0.59 | Hamming: 13
------------------------------------------------------------
[7] Bob (clave errada) --> [0 0 0 0 0 0 0 0 0 0 0 0 0 0 0 0 0 0 0 0 0 0 0 0 0 0 0 0 0 0 0 0] | Precisión: 0.41 | Hamming: 19
------------------------------------------------------------
[8] Bob (clave errada) --> [0 0 0 0 0 0 0 0 0 0 0 0 0 0 0 0 0 0 0 0 0 0 0 0 0 0 0 0 0 0 0 0] | Precisión: 0.53 | Hamming: 15
------------------------------------------------------------
[9] Bob (clave errada) --> [0 0 0 0 0 0 0 0 0 0 0 0 0 0 0 0 0 0 0 0 0 0 0 0 0 0 0 0 0 0 0 0] | Precisión: 0.44 | Hamming: 18
------------------------------------------------------------
[10] Bob (clave errada) --> [0 0 0 0 0 0 0 0 0 0 0 0 0 0 0 0 0 0 0 0 0 0 0 0 0 0 0 0 0 0 0 0] | Precisión: 0.44 | Hamming: 18
------------------------------------------------------------

RESULTADOS CON CLAVES ERRÓNEAS

Bob -> Precisión media (clave errada): 0.5042 | Hamming media: 15.86

EVALUACIÓN CON 5500:

[1] Original  --> [1 1 0 1 1 1 0 0 1 1 0 1 0 1 1 1 0 1 1 0 0 1 0 0 0 1 0 1 0 0 0 0]
     Bob       --> [0 1 0 1 1 1 0 0 1 1 0 1 0 1 1 1 0 1 0 0 0 1 0 0 0 1 0 0 0 0 0 0]   | Precisión: 0.91 | Hamming: 3
     Eve       --> [0 1 0 1 1 1 0 0 1 1 0 1 0 1 1 1 0 1 0 0 0 1 0 0 0 1 0 0 0 1 0 0]   | Precisión: 0.88 | Hamming: 4
------------------------------------------------------------
[2] Original  --> [1 0 0 0 1 1 1 0 1 0 0 0 0 0 1 0 1 0 0 0 0 1 1 1 1 1 0 1 0 1 0 1]
     Bob       --> [0 0 0 0 1 0 1 0 1 0 0 0 0 0 1 0 1 0 0 0 0 0 1 0 0 1 0 0 0 1 0 1]   | Precisión: 0.81 | Hamming: 6
     Eve       --> [0 0 0 1 1 1 1 0 1 0 0 0 0 0 1 0 1 0 0 0 0 1 1 1 1 1 0 0 0 1 0 1]   | Precisión: 0.91 | Hamming: 3
------------------------------------------------------------
[3] Original  --> [1 1 1 1 1 0 0 1 0 0 0 1 0 0 0 1 0 1 1 0 0 0 0 1 1 1 0 0 1 1 0 0]
     Bob       --> [0 1 0 1 1 0 0 1 0 0 0 0 0 0 0 1 0 1 0 0 0 0 0 1 1 1 0 1 1 1 0 0]   | Precisión: 0.84 | Hamming: 5
     Eve       --> [1 1 0 1 1 0 0 0 0 0 0 1 0 0 0 1 0 1 0 0 0 0 0 1 0 1 0 0 1 1 0 0]   | Precisión: 0.88 | Hamming: 4
------------------------------------------------------------
[4] Original  --> [1 1 0 1 1 0 0 0 1 1 0 1 0 0 1 1 1 1 1 0 0 1 1 1 0 0 0 1 0 1 0 0]
     Bob       --> [0 1 0 1 1 0 0 0 1 1 0 1 0 0 1 1 1 1 0 0 0 1 1 1 0 0 0 0 0 1 0 0]   | Precisión: 0.91 | Hamming: 3
     Eve       --> [0 1 0 1 1 0 0 0 1 1 0 0 0 0 1 1 1 1 0 0 0 1 1 1 1 0 0 0 0 1 0 0]   | Precisión: 0.84 | Hamming: 5
------------------------------------------------------------
[5] Original  --> [0 0 1 1 0 1 0 0 1 1 0 0 0 0 1 0 1 1 1 1 0 1 0 1 1 1 0 1 1 1 0 1]
     Bob       --> [0 0 1 0 0 1 0 0 1 1 0 0 0 0 1 0 1 0 0 1 0 1 0 1 0 1 0 0 0 1 0 1]   | Precisión: 0.81 | Hamming: 6
     Eve       --> [0 0 1 1 0 1 0 0 1 1 0 0 0 0 1 0 1 1 0 1 0 1 0 1 1 1 0 1 1 1 0 1]   | Precisión: 0.97 | Hamming: 1
------------------------------------------------------------
[6] Original  --> [0 1 0 0 0 0 0 0 0 0 0 1 1 1 0 1 1 0 0 1 1 1 1 1 0 0 0 0 1 1 0 1]
     Bob       --> [0 0 0 0 0 0 0 0 0 0 0 1 0 1 0 0 1 0 0 1 0 0 0 1 0 0 0 0 1 0 0 1]   | Precisión: 0.78 | Hamming: 7
     Eve       --> [0 1 0 1 0 0 0 0 0 0 0 1 0 1 0 1 0 1 0 1 1 1 1 1 0 0 0 0 1 1 0 1]   | Precisión: 0.88 | Hamming: 4
------------------------------------------------------------
[7] Original  --> [1 0 1 1 1 0 0 0 0 1 1 1 1 0 1 1 0 1 1 0 1 0 1 0 1 1 1 0 1 0 1 0]
     Bob       --> [1 0 1 1 1 0 0 0 0 1 0 1 1 0 1 1 0 1 0 0 1 0 1 0 0 1 1 0 1 0 1 0]   | Precisión: 0.91 | Hamming: 3
     Eve       --> [1 0 0 0 1 0 0 0 0 1 1 1 0 0 1 1 0 1 0 0 1 0 1 0 0 1 1 0 1 0 1 0]   | Precisión: 0.84 | Hamming: 5
------------------------------------------------------------
[8] Original  --> [0 0 0 0 1 0 1 0 0 1 1 1 1 0 0 1 1 0 0 0 0 1 0 0 1 1 1 1 1 0 1 1]
     Bob       --> [0 0 0 0 1 0 0 0 0 0 0 1 0 0 0 1 0 0 0 0 0 1 0 0 0 1 1 1 1 0 1 1]   | Precisión: 0.81 | Hamming: 6
     Eve       --> [0 0 1 0 1 0 1 0 0 1 0 0 0 0 0 1 0 0 0 0 0 1 0 0 1 1 1 1 1 1 1 1]   | Precisión: 0.81 | Hamming: 6
------------------------------------------------------------
[9] Original  --> [0 1 0 0 0 0 0 1 0 0 0 1 0 1 1 0 0 0 0 0 1 0 1 1 1 0 0 0 0 1 1 0]
     Bob       --> [0 1 0 0 0 0 0 1 0 0 0 1 0 1 1 0 0 0 0 0 1 0 0 0 0 0 0 0 0 1 1 0]   | Precisión: 0.91 | Hamming: 3
     Eve       --> [0 1 0 0 0 0 0 1 0 0 0 1 0 1 1 0 0 0 0 0 1 0 1 1 1 0 0 0 0 1 1 0]   | Precisión: 1.00 | Hamming: 0
------------------------------------------------------------
[10] Original  --> [0 1 1 1 0 0 0 1 0 0 1 0 0 1 0 0 0 0 1 0 1 1 0 0 1 0 0 0 1 0 1 0]
     Bob       --> [0 1 0 1 0 0 0 1 0 0 0 0 0 1 0 0 0 0 0 0 1 1 0 0 1 0 0 1 1 0 1 0]   | Precisión: 0.88 | Hamming: 4
     Eve       --> [0 1 0 1 0 0 0 1 0 0 0 0 0 1 0 0 0 0 0 0 1 1 0 0 0 0 0 0 1 0 1 0]   | Precisión: 0.88 | Hamming: 4
------------------------------------------------------------

RESULTADOS FINALES

Bob -> Precisión media: 0.8515 | Hamming media: 4.75
Eve -> Precisión media: 0.8585 | Hamming media: 4.53
Bob -> Perfectas: 93 | Eve -> Perfectas: 62

EVALUACIÓN CON CLAVES ERRÓNEAS PARA BOB

[1] Bob (clave errada) --> [1 1 1 1 1 1 0 1 1 1 1 1 1 1 1 1 1 1 1 1 0 1 1 0 0 1 1 1 0 0 0 0] | Precisión: 0.75 | Hamming: 8
------------------------------------------------------------
[2] Bob (clave errada) --> [0 0 0 0 0 0 0 0 0 0 0 0 0 0 0 0 0 0 0 0 0 0 0 0 0 0 0 0 0 0 0 0] | Precisión: 0.53 | Hamming: 15
------------------------------------------------------------
[3] Bob (clave errada) --> [0 0 0 1 0 0 0 1 0 0 0 0 0 0 0 0 0 1 0 0 0 0 0 0 0 0 0 0 1 0 0 0] | Precisión: 0.66 | Hamming: 11
------------------------------------------------------------
[4] Bob (clave errada) --> [0 0 0 0 0 0 0 0 0 0 0 0 0 0 0 0 0 0 0 0 0 0 0 0 0 0 0 0 0 0 0 0] | Precisión: 0.47 | Hamming: 17
------------------------------------------------------------
[5] Bob (clave errada) --> [0 0 0 0 0 0 0 0 0 0 0 0 0 0 0 0 0 0 0 0 0 0 0 0 0 0 0 0 0 0 0 0] | Precisión: 0.44 | Hamming: 18
------------------------------------------------------------
[6] Bob (clave errada) --> [0 0 0 0 0 0 0 0 0 0 0 0 0 0 0 0 0 0 0 0 0 0 0 0 0 0 0 0 0 0 0 0] | Precisión: 0.56 | Hamming: 14
------------------------------------------------------------
[7] Bob (clave errada) --> [0 0 0 0 0 0 0 0 0 0 0 0 0 0 0 0 0 0 0 0 0 0 0 0 0 0 0 0 0 0 0 0] | Precisión: 0.41 | Hamming: 19
------------------------------------------------------------
[8] Bob (clave errada) --> [0 0 0 0 0 0 0 0 0 0 0 0 0 0 0 0 0 0 0 0 0 0 0 0 0 0 0 0 0 0 0 0] | Precisión: 0.50 | Hamming: 16
------------------------------------------------------------
[9] Bob (clave errada) --> [0 0 0 0 0 0 0 0 0 0 0 0 0 0 0 0 0 0 0 0 0 0 0 0 0 0 0 0 0 0 0 0] | Precisión: 0.66 | Hamming: 11
------------------------------------------------------------
[10] Bob (clave errada) --> [0 0 0 0 0 0 0 0 0 0 0 0 0 0 0 0 0 0 0 0 0 1 0 0 0 0 0 0 0 0 0 0] | Precisión: 0.66 | Hamming: 11
------------------------------------------------------------

RESULTADOS CON CLAVES ERRÓNEAS

Bob -> Precisión media (clave errada): 0.5556 | Hamming media: 14.22

EVALUACIÓN CON 6000:

[1] Original  --> [1 0 0 1 1 0 0 1 1 1 1 1 0 1 0 1 0 0 1 1 1 1 0 1 1 1 1 1 1 1 1 0]
     Bob       --> [1 0 0 1 1 0 0 1 1 1 1 1 0 1 0 1 0 0 1 1 1 0 1 1 1 1 1 1 1 0 1 0]   | Precisión: 0.91 | Hamming: 3
     Eve       --> [1 0 0 1 1 0 0 1 1 1 1 0 0 1 0 1 0 0 1 1 1 0 1 1 1 1 1 1 1 1 1 0]   | Precisión: 0.91 | Hamming: 3
------------------------------------------------------------
[2] Original  --> [0 0 0 0 1 0 0 0 0 1 1 0 1 0 1 0 0 1 1 1 0 0 1 0 1 0 1 0 1 1 1 1]
     Bob       --> [0 0 0 0 1 0 0 0 0 1 1 0 1 0 1 0 0 1 1 1 0 1 1 1 1 0 1 0 0 1 1 1]   | Precisión: 0.91 | Hamming: 3
     Eve       --> [1 0 0 0 1 0 0 0 0 1 1 0 1 0 1 0 0 1 1 1 0 0 1 0 1 0 1 0 0 1 1 1]   | Precisión: 0.94 | Hamming: 2
------------------------------------------------------------
[3] Original  --> [1 1 1 0 1 1 1 0 1 1 1 0 1 1 0 1 0 1 0 0 1 0 1 1 1 1 1 0 1 0 0 0]
     Bob       --> [1 1 1 0 1 1 1 0 1 1 1 0 1 1 0 1 0 1 0 0 1 1 1 1 1 1 1 0 1 0 0 0]   | Precisión: 0.97 | Hamming: 1
     Eve       --> [1 1 1 0 1 1 1 0 1 1 1 0 1 1 0 1 0 1 0 0 1 0 0 1 1 1 1 1 1 0 0 0]   | Precisión: 0.94 | Hamming: 2
------------------------------------------------------------
[4] Original  --> [0 0 1 0 0 0 1 1 0 1 1 0 0 0 0 1 0 1 0 0 1 0 1 0 1 1 0 1 0 1 0 0]
     Bob       --> [0 0 1 0 0 0 1 0 0 1 1 0 1 0 0 1 0 1 0 0 1 0 1 0 1 1 0 1 0 1 0 0]   | Precisión: 0.94 | Hamming: 2
     Eve       --> [0 0 1 0 0 0 1 1 0 1 1 0 1 1 0 1 0 1 0 0 1 0 1 0 1 1 0 1 0 1 0 0]   | Precisión: 0.94 | Hamming: 2
------------------------------------------------------------
[5] Original  --> [0 0 1 0 1 0 1 0 1 0 0 1 0 0 0 0 1 1 0 0 0 0 1 0 0 0 0 0 1 1 0 1]
     Bob       --> [0 0 1 0 1 0 1 0 1 0 0 1 0 0 0 0 1 1 0 0 0 0 1 0 0 0 0 0 0 1 1 1]   | Precisión: 0.94 | Hamming: 2
     Eve       --> [0 0 1 0 1 0 1 0 1 0 0 1 0 0 1 0 1 1 0 0 0 1 1 0 0 0 0 0 1 1 1 1]   | Precisión: 0.91 | Hamming: 3
------------------------------------------------------------
[6] Original  --> [0 1 1 0 1 1 0 1 1 1 0 0 1 0 0 1 1 0 1 1 0 0 1 0 1 0 1 0 0 0 0 1]
     Bob       --> [0 1 1 1 1 0 0 0 1 1 0 0 1 1 0 1 1 0 1 1 0 0 0 1 1 0 1 0 0 0 1 1]   | Precisión: 0.78 | Hamming: 7
     Eve       --> [0 1 1 1 1 0 0 0 1 1 0 0 1 1 0 1 1 0 1 1 0 0 1 1 1 0 1 0 0 0 1 1]   | Precisión: 0.81 | Hamming: 6
------------------------------------------------------------
[7] Original  --> [1 1 1 1 0 1 1 1 0 0 1 1 1 1 1 1 1 0 0 1 1 1 1 0 0 1 1 1 0 1 0 0]
     Bob       --> [1 1 1 1 0 1 1 1 0 0 1 1 1 1 1 1 1 0 0 1 1 0 0 0 0 1 1 1 1 1 0 0]   | Precisión: 0.91 | Hamming: 3
     Eve       --> [1 1 1 1 0 1 1 1 0 0 1 1 1 1 1 1 1 0 0 1 1 0 0 0 0 1 1 1 0 1 0 0]   | Precisión: 0.94 | Hamming: 2
------------------------------------------------------------
[8] Original  --> [0 1 1 0 1 1 1 1 0 0 1 0 1 0 1 1 0 1 0 1 1 0 0 0 0 0 0 1 1 1 0 1]
     Bob       --> [0 1 1 0 1 1 1 1 0 0 1 0 1 1 1 1 0 1 0 1 1 1 1 0 0 0 0 1 1 1 0 1]   | Precisión: 0.91 | Hamming: 3
     Eve       --> [1 1 1 0 1 1 1 1 0 0 1 0 1 1 1 1 0 1 0 1 1 1 1 0 0 0 0 1 1 1 0 1]   | Precisión: 0.88 | Hamming: 4
------------------------------------------------------------
[9] Original  --> [0 1 0 1 0 1 0 1 1 1 1 1 1 0 1 1 0 0 0 1 1 1 1 1 1 1 0 1 1 0 0 0]
     Bob       --> [0 1 0 1 0 1 0 1 1 1 1 1 1 1 1 1 0 0 0 1 1 1 1 1 1 1 0 1 1 0 0 0]   | Precisión: 0.97 | Hamming: 1
     Eve       --> [0 1 0 1 0 1 0 1 1 1 1 1 1 0 1 1 0 0 0 1 1 1 1 1 1 1 0 1 1 0 0 0]   | Precisión: 1.00 | Hamming: 0
------------------------------------------------------------
[10] Original  --> [0 0 0 1 0 1 0 0 0 1 1 0 1 0 0 0 0 0 0 1 0 0 1 0 0 0 0 1 0 1 1 0]
     Bob       --> [0 0 0 1 0 1 0 0 0 1 1 0 1 0 0 0 0 0 0 1 0 0 1 0 0 0 0 1 0 1 1 0]   | Precisión: 1.00 | Hamming: 0
     Eve       --> [0 0 0 1 0 1 0 0 0 1 1 0 1 0 0 0 0 0 0 1 1 0 1 0 0 0 0 1 0 1 1 1]   | Precisión: 0.94 | Hamming: 2
------------------------------------------------------------

RESULTADOS FINALES

Bob -> Precisión media: 0.9506 | Hamming media: 1.58
Eve -> Precisión media: 0.9383 | Hamming media: 1.98
Bob -> Perfectas: 2208 | Eve -> Perfectas: 1492

EVALUACIÓN CON CLAVES ERRÓNEAS PARA BOB

[1] Bob (clave errada) --> [0 0 0 0 0 0 0 0 0 0 0 0 0 0 0 0 0 0 0 0 0 0 0 0 0 0 0 0 0 0 0 0] | Precisión: 0.31 | Hamming: 22
------------------------------------------------------------
[2] Bob (clave errada) --> [0 0 0 0 0 0 0 0 0 0 1 0 0 0 0 0 0 0 1 0 0 0 0 0 0 0 0 0 0 1 0 1] | Precisión: 0.66 | Hamming: 11
------------------------------------------------------------
[3] Bob (clave errada) --> [0 0 0 0 0 0 0 0 0 0 0 0 0 0 0 0 0 0 0 0 0 0 0 0 0 0 0 0 0 0 0 0] | Precisión: 0.38 | Hamming: 20
------------------------------------------------------------
[4] Bob (clave errada) --> [0 0 0 0 0 0 0 0 0 0 0 0 0 0 0 0 0 0 0 0 0 0 0 0 0 0 0 0 0 0 0 0] | Precisión: 0.59 | Hamming: 13
------------------------------------------------------------
[5] Bob (clave errada) --> [0 0 0 0 0 0 0 0 0 0 0 0 0 0 0 0 0 0 0 0 0 0 0 0 0 0 0 0 0 0 0 0] | Precisión: 0.66 | Hamming: 11
------------------------------------------------------------
[6] Bob (clave errada) --> [0 0 0 0 0 0 0 0 0 0 0 0 0 0 0 0 0 0 0 0 0 0 0 0 0 0 0 0 0 0 0 0] | Precisión: 0.50 | Hamming: 16
------------------------------------------------------------
[7] Bob (clave errada) --> [1 1 1 1 0 1 1 0 0 0 1 0 1 1 0 1 1 0 0 0 1 0 0 0 0 1 1 1 0 1 0 0] | Precisión: 0.81 | Hamming: 6
------------------------------------------------------------
[8] Bob (clave errada) --> [0 0 0 0 0 0 0 0 0 0 1 0 1 0 0 0 0 0 0 0 1 0 0 0 0 0 0 0 1 0 0 1] | Precisión: 0.62 | Hamming: 12
------------------------------------------------------------
[9] Bob (clave errada) --> [0 0 0 0 0 0 0 0 0 0 0 0 0 0 0 0 0 0 0 0 0 0 0 0 0 0 0 0 0 0 0 0] | Precisión: 0.38 | Hamming: 20
------------------------------------------------------------
[10] Bob (clave errada) --> [0 0 0 0 0 0 0 0 0 0 0 0 0 0 0 0 0 0 0 0 0 0 0 0 0 0 0 0 0 0 0 0] | Precisión: 0.69 | Hamming: 10
------------------------------------------------------------

RESULTADOS CON CLAVES ERRÓNEAS

Bob -> Precisión media (clave errada): 0.5140 | Hamming media: 15.55

Tiempo total de ejecución (s) = 8290.16458773613
Tiempo total de ejecución (mins) = 138.16940979560215