-- RESULTADOS DEL EXPERIMENTO 2.2. --

Número de mensajes = 10000
Número de bits = 32
Tamaño del batch = 128
Adam optimizer learning rate = 0.001
Epochs totales = 6000
Epochs iniciales = 500
beta = 2.0
gamma = 7.0

EVALUACIÓN CON 500:

[1] Original  --> [0 1 0 1 1 1 0 1 1 1 0 1 0 1 1 0 0 1 1 1 1 1 0 0 1 0 1 0 1 1 1 1]
     Bob       --> [0 0 0 1 1 1 0 0 0 1 0 1 0 1 0 0 0 1 0 0 1 0 0 0 1 0 0 0 0 0 0 0]   | Precisión: 0.62 | Hamming: 12
     Eve       --> [1 1 0 1 1 1 0 1 1 1 1 1 0 1 1 0 0 1 0 0 1 0 0 0 1 0 1 0 1 0 1 1]   | Precisión: 0.81 | Hamming: 6
------------------------------------------------------------
[2] Original  --> [1 1 1 0 0 1 1 0 0 1 1 0 0 0 0 1 1 1 1 1 1 0 1 0 1 1 1 0 1 1 1 0]
     Bob       --> [0 1 1 0 0 1 0 0 0 0 1 0 0 0 0 0 0 0 1 0 0 0 0 0 1 0 1 0 1 0 1 0]   | Precisión: 0.66 | Hamming: 11
     Eve       --> [0 1 1 0 1 1 0 1 0 1 1 0 0 1 0 0 1 1 0 0 1 0 0 1 1 1 1 1 1 0 1 1]   | Precisión: 0.59 | Hamming: 13
------------------------------------------------------------
[3] Original  --> [1 1 1 0 1 0 1 0 1 1 0 0 1 0 0 0 0 1 0 0 0 1 0 0 1 0 0 0 1 1 1 1]
     Bob       --> [1 0 0 0 1 0 1 0 0 0 0 0 0 0 1 0 0 1 0 0 0 0 0 0 0 0 1 0 1 1 1 0]   | Precisión: 0.69 | Hamming: 10
     Eve       --> [1 0 0 0 1 0 1 1 1 1 0 0 1 0 1 0 0 1 0 0 1 1 0 1 0 0 1 0 1 0 1 0]   | Precisión: 0.69 | Hamming: 10
------------------------------------------------------------
[4] Original  --> [1 1 0 1 0 0 0 0 0 0 0 0 1 0 1 1 0 0 0 0 0 0 1 0 1 0 1 1 1 1 0 1]
     Bob       --> [1 0 0 1 0 0 0 0 0 0 0 0 1 0 1 1 1 0 0 0 0 0 0 0 0 0 0 0 0 1 0 1]   | Precisión: 0.78 | Hamming: 7
     Eve       --> [1 0 0 0 0 0 0 0 1 0 0 0 1 0 1 1 1 0 0 0 0 1 1 0 0 0 0 1 1 1 0 1]   | Precisión: 0.78 | Hamming: 7
------------------------------------------------------------
[5] Original  --> [0 1 1 1 0 0 1 1 1 1 0 0 0 1 1 0 0 1 1 1 0 0 0 0 0 1 0 0 0 1 0 1]
     Bob       --> [1 0 0 1 1 0 0 1 0 1 0 0 0 1 1 1 0 0 0 0 0 0 0 0 0 1 0 0 0 0 0 1]   | Precisión: 0.66 | Hamming: 11
     Eve       --> [1 0 1 0 1 0 0 1 1 1 0 0 0 1 1 1 0 0 0 1 0 0 0 1 0 1 0 0 0 1 0 1]   | Precisión: 0.72 | Hamming: 9
------------------------------------------------------------
[6] Original  --> [0 0 0 1 0 0 1 0 1 0 1 0 1 0 0 0 0 1 0 1 0 1 0 0 1 1 1 0 1 1 0 0]
     Bob       --> [0 0 0 0 0 0 1 0 0 0 1 0 1 0 0 0 0 1 0 0 0 1 0 0 0 0 1 0 0 1 0 0]   | Precisión: 0.81 | Hamming: 6
     Eve       --> [1 0 0 0 1 0 1 0 0 0 1 1 1 0 1 0 0 1 0 0 1 1 0 1 0 0 1 0 1 1 1 0]   | Precisión: 0.62 | Hamming: 12
------------------------------------------------------------
[7] Original  --> [0 0 0 1 1 1 1 1 0 1 1 1 0 1 0 0 1 1 1 0 0 0 1 0 1 0 1 0 1 1 0 0]
     Bob       --> [0 0 0 1 1 0 0 0 0 1 0 0 0 1 0 0 0 1 0 0 1 0 0 0 1 0 0 0 0 0 1 0]   | Precisión: 0.59 | Hamming: 13
     Eve       --> [0 0 0 0 1 1 0 1 0 1 1 1 0 1 0 0 0 1 0 0 1 0 0 0 1 0 1 0 1 0 1 0]   | Precisión: 0.75 | Hamming: 8
------------------------------------------------------------
[8] Original  --> [1 0 0 1 1 1 1 1 1 1 0 1 0 0 0 1 1 1 1 0 0 1 1 0 0 0 1 0 1 1 0 0]
     Bob       --> [1 0 0 1 1 0 0 0 1 0 0 0 0 0 1 0 0 1 0 0 0 1 0 0 0 0 0 0 0 0 0 0]   | Precisión: 0.59 | Hamming: 13
     Eve       --> [1 0 0 0 1 1 0 1 1 1 0 1 1 1 1 1 0 1 0 0 1 1 1 0 0 1 0 0 1 1 1 1]   | Precisión: 0.62 | Hamming: 12
------------------------------------------------------------
[9] Original  --> [1 0 0 1 0 0 1 1 0 0 1 0 1 1 1 0 0 0 0 0 0 1 0 1 1 1 0 1 1 0 1 0]
     Bob       --> [0 0 0 0 0 0 1 0 0 1 0 0 1 0 0 0 0 0 0 0 0 1 0 1 0 0 0 0 0 0 0 0]   | Precisión: 0.62 | Hamming: 12
     Eve       --> [1 0 0 0 0 0 1 1 0 1 0 1 1 0 1 0 0 1 0 0 1 0 0 1 1 1 0 1 1 1 1 1]   | Precisión: 0.69 | Hamming: 10
------------------------------------------------------------
[10] Original  --> [1 1 1 1 1 0 1 0 0 1 1 0 1 1 1 0 1 0 0 1 0 0 1 1 1 0 1 0 1 0 0 1]
     Bob       --> [1 0 1 0 0 1 1 1 0 0 0 0 0 0 0 0 0 0 0 0 0 0 1 1 0 0 0 0 0 0 0 0]   | Precisión: 0.50 | Hamming: 16
     Eve       --> [1 0 1 0 1 1 1 1 1 1 0 0 1 0 1 1 1 1 0 0 0 0 1 1 0 0 1 1 1 0 1 1]   | Precisión: 0.59 | Hamming: 13
------------------------------------------------------------

RESULTADOS FINALES

Bob -> Precisión media: 0.6605 | Hamming media: 10.86
Eve -> Precisión media: 0.7294 | Hamming media: 8.66
Bob -> Perfectas: 0 | Eve -> Perfectas: 0

EVALUACIÓN CON CLAVES ERRÓNEAS PARA BOB

[1] Bob (clave errada) --> [0 0 0 1 1 0 0 0 0 1 0 1 0 1 0 0 0 1 0 0 1 0 0 0 1 0 1 0 0 0 1 0] | Precisión: 0.66 | Hamming: 11
------------------------------------------------------------
[2] Bob (clave errada) --> [0 0 1 0 0 1 0 0 0 0 0 0 0 0 0 0 0 0 1 0 0 0 0 0 1 0 1 0 1 0 1 0] | Precisión: 0.59 | Hamming: 13
------------------------------------------------------------
[3] Bob (clave errada) --> [0 0 0 0 1 0 1 0 0 1 0 0 0 0 0 0 0 0 0 0 0 0 0 0 0 0 1 0 1 0 1 0] | Precisión: 0.66 | Hamming: 11
------------------------------------------------------------
[4] Bob (clave errada) --> [1 0 0 1 0 0 0 0 1 0 0 0 1 0 1 1 1 0 0 0 0 0 1 0 0 0 0 0 0 1 0 1] | Precisión: 0.78 | Hamming: 7
------------------------------------------------------------
[5] Bob (clave errada) --> [1 0 1 1 1 0 0 1 0 1 0 0 0 1 1 1 0 0 0 0 0 0 0 0 0 0 0 0 0 0 0 1] | Precisión: 0.66 | Hamming: 11
------------------------------------------------------------
[6] Bob (clave errada) --> [0 0 0 0 0 0 1 0 0 0 1 1 1 0 0 0 0 1 0 0 0 0 0 0 0 0 1 0 0 0 0 0] | Precisión: 0.72 | Hamming: 9
------------------------------------------------------------
[7] Bob (clave errada) --> [0 0 0 0 1 0 0 0 0 1 0 1 0 0 0 0 0 1 0 1 1 0 0 0 1 0 0 0 0 0 1 0] | Precisión: 0.53 | Hamming: 15
------------------------------------------------------------
[8] Bob (clave errada) --> [1 0 0 1 1 0 0 0 1 0 0 0 0 1 1 0 0 1 0 0 0 0 1 0 0 0 0 0 0 0 0 0] | Precisión: 0.56 | Hamming: 14
------------------------------------------------------------
[9] Bob (clave errada) --> [0 0 0 0 0 0 1 0 0 1 0 0 1 0 0 0 0 0 0 0 0 1 0 1 0 0 0 0 0 0 0 0] | Precisión: 0.62 | Hamming: 12
------------------------------------------------------------
[10] Bob (clave errada) --> [1 0 1 0 0 0 1 0 0 0 0 0 0 0 0 0 0 0 0 0 0 0 0 1 0 0 1 0 1 0 0 0] | Precisión: 0.59 | Hamming: 13
------------------------------------------------------------

RESULTADOS CON CLAVES ERRÓNEAS

Bob -> Precisión media (clave errada): 0.6520 | Hamming media: 11.14

EVALUACIÓN CON 1000:

[1] Original  --> [1 0 1 0 1 1 1 0 1 1 0 1 0 1 1 1 0 1 0 1 1 0 0 1 0 1 1 1 1 1 1 0]
     Bob       --> [1 1 1 0 1 1 1 0 1 1 0 1 0 1 0 1 0 1 0 0 1 0 0 1 0 1 1 1 1 1 1 0]   | Precisión: 0.91 | Hamming: 3
     Eve       --> [1 0 1 0 1 1 1 0 1 1 0 0 0 1 1 1 0 1 0 0 1 0 0 1 0 1 1 1 1 1 1 0]   | Precisión: 0.94 | Hamming: 2
------------------------------------------------------------
[2] Original  --> [1 0 1 0 0 0 0 0 0 0 1 1 1 1 1 1 1 0 0 1 0 1 1 0 0 0 1 0 0 1 1 1]
     Bob       --> [1 0 1 0 0 0 0 0 0 0 1 1 1 1 1 1 0 0 1 0 0 1 1 0 0 0 1 0 0 1 1 1]   | Precisión: 0.91 | Hamming: 3
     Eve       --> [1 0 1 0 0 0 0 0 0 0 1 1 1 1 1 1 0 0 1 1 0 1 1 0 0 0 1 0 0 1 1 1]   | Precisión: 0.94 | Hamming: 2
------------------------------------------------------------
[3] Original  --> [1 0 0 1 1 1 1 1 1 0 0 1 0 1 1 0 1 1 0 1 1 1 1 1 1 0 1 1 0 0 1 1]
     Bob       --> [1 0 0 1 0 1 1 1 1 0 0 1 0 1 1 0 1 1 1 1 1 1 1 1 1 0 1 1 0 0 1 1]   | Precisión: 0.94 | Hamming: 2
     Eve       --> [1 0 0 0 0 1 1 1 1 0 0 1 0 1 1 0 1 1 1 1 1 1 1 1 0 0 1 1 0 0 1 1]   | Precisión: 0.88 | Hamming: 4
------------------------------------------------------------
[4] Original  --> [0 1 0 1 1 0 0 1 0 1 1 1 1 1 1 1 0 0 1 1 0 0 1 0 1 1 0 1 1 1 0 0]
     Bob       --> [0 1 0 1 1 0 0 1 0 1 1 1 0 1 1 1 0 0 1 1 0 0 0 0 1 1 0 1 1 1 0 0]   | Precisión: 0.94 | Hamming: 2
     Eve       --> [0 1 0 1 1 0 0 1 0 1 1 1 0 1 1 1 0 0 1 1 0 1 0 0 1 0 0 1 1 1 0 1]   | Precisión: 0.84 | Hamming: 5
------------------------------------------------------------
[5] Original  --> [0 0 1 1 0 1 0 1 1 0 0 1 0 1 1 0 0 1 1 1 1 0 0 0 0 0 1 1 1 1 0 0]
     Bob       --> [0 0 1 1 0 1 0 1 1 0 0 1 0 1 1 0 0 1 1 1 1 0 0 0 0 0 1 1 1 0 0 0]   | Precisión: 0.97 | Hamming: 1
     Eve       --> [0 0 1 1 1 1 0 1 1 0 0 1 0 1 1 0 0 1 1 1 1 0 0 0 0 0 1 1 1 0 0 0]   | Precisión: 0.94 | Hamming: 2
------------------------------------------------------------
[6] Original  --> [0 1 1 1 0 1 1 0 1 0 1 0 1 1 0 1 1 1 0 1 0 0 1 1 0 1 1 1 0 0 0 0]
     Bob       --> [0 1 1 1 0 1 1 0 1 0 1 0 1 0 0 1 1 1 0 1 0 0 1 1 0 1 0 1 0 0 1 1]   | Precisión: 0.88 | Hamming: 4
     Eve       --> [0 1 1 1 0 1 1 0 1 0 0 0 1 0 0 0 1 1 0 1 0 0 1 1 0 1 0 1 0 0 1 0]   | Precisión: 0.84 | Hamming: 5
------------------------------------------------------------
[7] Original  --> [1 0 0 0 0 1 1 1 1 0 1 0 1 1 1 0 1 0 0 1 0 1 0 1 0 1 1 0 1 0 1 0]
     Bob       --> [1 0 0 0 0 1 1 1 1 0 1 0 1 1 1 0 1 0 0 1 0 1 0 1 0 1 1 0 1 0 1 0]   | Precisión: 1.00 | Hamming: 0
     Eve       --> [1 0 0 0 0 1 1 1 1 0 1 0 1 1 1 0 1 0 1 1 0 1 0 1 0 1 1 0 1 0 1 0]   | Precisión: 0.97 | Hamming: 1
------------------------------------------------------------
[8] Original  --> [1 0 1 0 0 0 0 0 1 0 1 0 0 1 1 1 0 0 0 0 1 0 1 0 1 1 0 1 0 0 0 1]
     Bob       --> [1 0 1 0 0 0 0 0 1 0 1 0 0 1 1 1 0 0 0 0 1 0 1 0 1 1 0 1 0 0 0 1]   | Precisión: 1.00 | Hamming: 0
     Eve       --> [1 0 1 0 0 0 0 0 1 0 1 0 0 1 1 1 0 0 0 0 1 0 1 0 1 1 0 0 0 0 1 1]   | Precisión: 0.94 | Hamming: 2
------------------------------------------------------------
[9] Original  --> [1 0 0 0 0 1 1 1 1 1 0 1 1 1 0 1 0 0 0 0 1 1 1 0 1 0 1 1 1 0 1 1]
     Bob       --> [1 0 0 0 0 1 1 1 1 1 0 1 1 1 0 1 0 0 0 0 1 1 1 1 1 0 1 1 1 0 1 1]   | Precisión: 0.97 | Hamming: 1
     Eve       --> [1 0 0 0 0 1 1 1 1 1 0 1 1 1 1 1 0 0 0 0 1 0 1 1 1 0 1 1 0 0 1 1]   | Precisión: 0.88 | Hamming: 4
------------------------------------------------------------
[10] Original  --> [1 1 0 0 1 1 0 0 0 1 0 0 0 0 0 0 1 1 1 1 1 0 0 1 1 1 0 1 1 0 1 1]
     Bob       --> [1 1 0 0 1 1 0 0 1 1 0 0 1 0 0 1 1 1 1 1 1 0 0 1 1 1 0 1 1 0 0 1]   | Precisión: 0.88 | Hamming: 4
     Eve       --> [1 1 0 0 1 0 0 0 1 1 0 0 0 0 0 1 1 1 1 1 1 0 0 1 1 1 0 1 1 0 0 1]   | Precisión: 0.88 | Hamming: 4
------------------------------------------------------------

RESULTADOS FINALES

Bob -> Precisión media: 0.9011 | Hamming media: 3.16
Eve -> Precisión media: 0.8880 | Hamming media: 3.58
Bob -> Perfectas: 621 | Eve -> Perfectas: 361

EVALUACIÓN CON CLAVES ERRÓNEAS PARA BOB

[1] Bob (clave errada) --> [0 0 0 0 0 0 0 0 0 0 0 0 0 0 0 0 0 0 0 0 0 0 0 0 0 0 0 0 0 0 0 0] | Precisión: 0.34 | Hamming: 21
------------------------------------------------------------
[2] Bob (clave errada) --> [0 0 0 0 0 0 0 0 0 0 0 0 0 0 0 0 0 0 0 0 0 0 0 0 0 0 0 0 0 0 0 0] | Precisión: 0.50 | Hamming: 16
------------------------------------------------------------
[3] Bob (clave errada) --> [0 0 0 0 0 0 1 0 0 0 0 0 0 0 0 0 0 0 0 1 1 0 0 0 0 0 1 0 0 0 0 0] | Precisión: 0.44 | Hamming: 18
------------------------------------------------------------
[4] Bob (clave errada) --> [0 0 0 0 0 0 0 0 0 0 0 0 0 0 0 0 0 0 0 0 0 0 0 0 0 0 0 0 0 0 0 0] | Precisión: 0.41 | Hamming: 19
------------------------------------------------------------
[5] Bob (clave errada) --> [0 0 1 0 0 0 0 1 0 0 0 1 0 1 0 0 0 0 0 0 1 0 0 0 0 0 0 0 1 0 0 0] | Precisión: 0.69 | Hamming: 10
------------------------------------------------------------
[6] Bob (clave errada) --> [0 0 0 0 0 0 0 0 0 0 0 0 0 0 0 0 0 0 0 0 0 0 0 0 0 0 0 0 0 0 0 0] | Precisión: 0.44 | Hamming: 18
------------------------------------------------------------
[7] Bob (clave errada) --> [1 0 0 0 0 1 1 1 1 0 1 0 1 1 1 0 1 0 0 1 0 1 0 1 0 1 1 0 1 0 1 0] | Precisión: 1.00 | Hamming: 0
------------------------------------------------------------
[8] Bob (clave errada) --> [0 0 0 0 0 0 0 0 1 0 1 0 0 1 1 0 0 0 0 0 1 0 1 0 0 1 0 0 0 0 0 1] | Precisión: 0.84 | Hamming: 5
------------------------------------------------------------
[9] Bob (clave errada) --> [0 0 0 0 0 0 0 0 0 0 0 0 0 0 0 0 0 0 0 0 0 0 0 0 0 0 0 0 0 0 0 0] | Precisión: 0.41 | Hamming: 19
------------------------------------------------------------
[10] Bob (clave errada) --> [0 1 0 0 0 0 0 0 0 0 0 0 0 0 0 0 0 1 0 0 0 0 0 0 1 1 0 0 0 0 0 1] | Precisión: 0.62 | Hamming: 12
------------------------------------------------------------

RESULTADOS CON CLAVES ERRÓNEAS

Bob -> Precisión media (clave errada): 0.5558 | Hamming media: 14.21

EVALUACIÓN CON 1500:

[1] Original  --> [1 1 0 0 1 0 1 0 0 0 1 0 1 1 0 0 1 0 1 1 0 1 0 1 0 0 1 1 1 1 1 0]
     Bob       --> [1 1 0 0 1 0 1 1 1 0 1 0 1 1 0 0 1 0 1 1 0 1 0 1 0 0 1 1 1 1 1 0]   | Precisión: 0.94 | Hamming: 2
     Eve       --> [1 1 0 0 1 0 1 1 1 0 1 0 1 1 0 0 1 0 0 1 0 1 0 1 0 0 1 1 0 1 1 0]   | Precisión: 0.88 | Hamming: 4
------------------------------------------------------------
[2] Original  --> [1 1 0 1 1 1 0 1 0 1 0 1 1 1 1 0 0 0 0 1 1 1 0 1 0 0 0 0 1 1 0 1]
     Bob       --> [1 1 0 1 1 0 0 1 0 1 0 1 1 1 1 0 0 0 0 1 1 1 0 1 0 0 0 0 1 1 0 1]   | Precisión: 0.97 | Hamming: 1
     Eve       --> [1 1 0 1 1 1 0 1 0 1 0 1 1 0 1 0 0 0 0 1 1 1 0 1 0 0 0 0 1 1 0 1]   | Precisión: 0.97 | Hamming: 1
------------------------------------------------------------
[3] Original  --> [1 1 0 1 0 1 0 1 0 0 1 1 0 1 1 0 1 0 0 1 0 0 0 1 1 0 1 0 1 0 1 0]
     Bob       --> [1 1 0 1 0 0 1 1 0 1 1 1 1 1 1 0 1 1 0 1 0 0 1 1 1 0 0 0 1 0 1 0]   | Precisión: 0.78 | Hamming: 7
     Eve       --> [1 1 0 1 0 0 0 1 0 1 1 1 1 1 1 0 1 1 0 1 0 0 0 1 1 0 0 0 1 1 1 0]   | Precisión: 0.81 | Hamming: 6
------------------------------------------------------------
[4] Original  --> [1 0 1 1 0 1 0 0 0 0 0 1 0 0 0 0 0 0 1 1 0 0 1 0 0 1 0 0 0 0 0 1]
     Bob       --> [1 0 1 1 0 1 0 0 0 0 0 1 0 0 0 0 0 0 1 1 0 0 1 0 0 1 0 0 0 0 0 1]   | Precisión: 1.00 | Hamming: 0
     Eve       --> [1 1 1 1 0 1 0 0 0 0 0 1 0 1 0 0 0 1 1 1 0 0 1 0 0 1 1 0 0 0 0 1]   | Precisión: 0.88 | Hamming: 4
------------------------------------------------------------
[5] Original  --> [0 1 0 0 0 0 0 0 1 0 0 1 1 1 1 1 0 0 1 1 1 1 0 1 0 0 1 1 0 1 1 0]
     Bob       --> [0 1 0 0 0 0 0 0 1 0 0 1 1 1 1 1 0 0 1 1 1 1 0 1 0 0 1 1 0 1 1 0]   | Precisión: 1.00 | Hamming: 0
     Eve       --> [0 1 0 0 0 0 0 0 1 0 1 1 1 1 1 1 0 0 1 1 1 1 0 1 0 0 1 1 0 1 1 0]   | Precisión: 0.97 | Hamming: 1
------------------------------------------------------------
[6] Original  --> [1 1 0 1 1 1 0 0 0 0 0 1 0 0 0 1 0 1 1 0 0 1 0 1 1 1 1 1 0 0 0 1]
     Bob       --> [1 1 0 1 1 1 0 0 1 0 0 1 1 0 0 1 0 1 1 0 0 1 0 1 1 1 1 1 0 0 0 1]   | Precisión: 0.94 | Hamming: 2
     Eve       --> [1 1 0 1 1 1 0 0 0 0 0 1 0 0 0 1 0 1 1 0 0 1 0 1 1 1 1 0 0 0 0 1]   | Precisión: 0.97 | Hamming: 1
------------------------------------------------------------
[7] Original  --> [1 1 1 0 0 0 1 1 0 0 0 1 0 1 0 1 1 1 1 0 1 1 0 1 0 1 0 1 0 0 0 1]
     Bob       --> [1 1 1 0 0 0 1 0 1 0 0 0 0 1 0 0 1 1 1 0 1 1 0 0 0 1 0 1 0 0 0 1]   | Precisión: 0.84 | Hamming: 5
     Eve       --> [1 1 1 0 1 0 1 0 1 0 0 1 0 1 0 1 1 1 1 0 1 1 0 1 0 1 0 0 0 0 0 0]   | Precisión: 0.84 | Hamming: 5
------------------------------------------------------------
[8] Original  --> [1 0 1 0 0 0 1 1 0 1 1 0 0 0 1 0 0 0 1 1 0 1 1 0 1 0 1 1 0 0 0 1]
     Bob       --> [1 0 1 0 0 0 1 0 1 1 1 1 0 0 1 0 0 0 0 1 0 1 1 0 1 0 1 1 0 0 0 1]   | Precisión: 0.88 | Hamming: 4
     Eve       --> [1 0 1 0 0 0 1 0 1 1 0 1 0 0 1 0 0 0 1 1 0 1 1 0 1 0 1 1 0 0 0 1]   | Precisión: 0.88 | Hamming: 4
------------------------------------------------------------
[9] Original  --> [0 0 1 0 1 1 1 1 0 1 1 1 0 1 0 0 1 0 0 1 0 1 1 1 0 0 0 1 1 0 0 0]
     Bob       --> [0 0 1 0 1 0 1 1 0 1 1 1 0 1 0 0 1 0 0 1 0 1 1 1 0 0 1 1 1 0 0 0]   | Precisión: 0.94 | Hamming: 2
     Eve       --> [0 0 1 0 1 0 1 1 0 1 1 1 0 1 0 0 1 0 0 1 0 1 1 1 0 0 1 1 1 0 0 0]   | Precisión: 0.94 | Hamming: 2
------------------------------------------------------------
[10] Original  --> [0 1 1 1 0 0 0 0 1 0 0 1 0 1 1 0 1 0 0 0 0 1 1 0 1 1 1 1 1 0 1 1]
     Bob       --> [0 1 1 0 0 0 0 1 1 0 0 1 1 1 1 0 1 1 1 1 0 1 1 0 1 1 1 1 1 0 1 1]   | Precisión: 0.81 | Hamming: 6
     Eve       --> [0 1 1 0 0 0 0 0 1 0 0 1 1 1 1 0 1 0 1 1 0 1 1 0 1 1 1 1 1 0 1 1]   | Precisión: 0.88 | Hamming: 4
------------------------------------------------------------

RESULTADOS FINALES

Bob -> Precisión media: 0.9223 | Hamming media: 2.49
Eve -> Precisión media: 0.9088 | Hamming media: 2.92
Bob -> Perfectas: 911 | Eve -> Perfectas: 590

EVALUACIÓN CON CLAVES ERRÓNEAS PARA BOB

[1] Bob (clave errada) --> [0 0 0 0 0 0 0 0 0 0 0 0 0 0 0 0 0 0 0 0 0 0 0 1 0 0 0 0 0 0 0 0] | Precisión: 0.50 | Hamming: 16
------------------------------------------------------------
[2] Bob (clave errada) --> [1 0 0 1 1 0 0 0 0 0 0 0 0 0 0 0 0 0 0 0 0 0 0 0 0 0 0 0 0 1 0 1] | Precisión: 0.59 | Hamming: 13
------------------------------------------------------------
[3] Bob (clave errada) --> [0 0 0 0 0 0 0 0 0 0 0 0 0 0 0 0 0 0 0 0 0 0 0 0 0 0 0 0 0 0 0 0] | Precisión: 0.50 | Hamming: 16
------------------------------------------------------------
[4] Bob (clave errada) --> [0 0 0 0 0 0 0 0 0 0 0 0 0 0 0 0 0 0 0 0 0 0 0 0 0 0 0 0 0 0 0 0] | Precisión: 0.69 | Hamming: 10
------------------------------------------------------------
[5] Bob (clave errada) --> [0 0 0 0 0 0 0 0 0 0 0 0 0 0 0 0 0 0 0 0 0 0 0 0 0 0 0 0 0 0 0 0] | Precisión: 0.50 | Hamming: 16
------------------------------------------------------------
[6] Bob (clave errada) --> [1 0 0 0 1 0 0 0 0 0 0 0 0 0 0 0 0 1 1 0 0 1 0 0 0 0 1 0 0 0 0 1] | Precisión: 0.72 | Hamming: 9
------------------------------------------------------------
[7] Bob (clave errada) --> [1 1 1 0 0 0 1 0 0 0 0 0 0 1 0 0 1 1 1 0 0 1 0 0 0 1 0 0 0 0 0 0] | Precisión: 0.78 | Hamming: 7
------------------------------------------------------------
[8] Bob (clave errada) --> [0 0 0 0 0 0 0 0 0 0 0 0 0 0 1 0 0 0 0 0 0 0 0 0 0 0 0 0 0 0 0 0] | Precisión: 0.56 | Hamming: 14
------------------------------------------------------------
[9] Bob (clave errada) --> [0 0 0 0 0 0 0 0 0 1 0 0 0 0 0 0 0 0 0 0 0 0 0 0 0 0 0 1 0 0 0 0] | Precisión: 0.56 | Hamming: 14
------------------------------------------------------------
[10] Bob (clave errada) --> [0 0 1 0 0 0 0 0 0 0 0 0 0 1 0 0 0 0 1 0 0 0 1 0 1 1 0 1 1 0 0 1] | Precisión: 0.69 | Hamming: 10
------------------------------------------------------------

RESULTADOS CON CLAVES ERRÓNEAS

Bob -> Precisión media (clave errada): 0.5844 | Hamming media: 13.30

EVALUACIÓN CON 2000:

[1] Original  --> [0 0 0 1 1 0 0 0 0 0 0 0 0 1 0 1 0 0 1 1 1 0 1 1 0 0 1 0 0 0 1 1]
     Bob       --> [0 1 0 1 1 0 0 0 1 1 0 0 1 1 0 1 0 1 1 1 1 0 1 1 0 1 1 0 1 0 1 1]   | Precisión: 0.78 | Hamming: 7
     Eve       --> [0 0 0 1 1 0 0 0 1 0 0 0 0 1 0 1 0 0 0 1 1 0 1 1 0 1 1 0 0 0 1 0]   | Precisión: 0.88 | Hamming: 4
------------------------------------------------------------
[2] Original  --> [1 1 0 0 0 1 0 0 1 1 1 1 1 1 0 1 0 0 1 0 0 1 1 0 0 1 0 0 0 1 1 1]
     Bob       --> [1 1 0 1 1 1 0 1 1 1 1 1 1 1 1 1 0 0 1 1 0 1 1 0 0 1 1 1 0 1 1 1]   | Precisión: 0.78 | Hamming: 7
     Eve       --> [1 1 0 1 0 1 0 1 0 0 1 0 1 1 1 1 0 0 1 1 0 0 1 0 0 1 0 0 0 1 1 1]   | Precisión: 0.75 | Hamming: 8
------------------------------------------------------------
[3] Original  --> [0 0 0 0 1 0 0 1 1 0 0 0 0 0 1 1 1 0 1 1 0 0 1 1 0 1 0 1 0 1 0 0]
     Bob       --> [0 1 0 0 1 0 0 1 1 0 0 1 0 0 1 1 1 1 1 1 0 1 1 1 1 1 1 1 1 1 1 0]   | Precisión: 0.75 | Hamming: 8
     Eve       --> [0 0 0 0 1 0 0 1 1 0 0 0 0 1 1 1 1 0 1 0 0 0 0 0 1 1 0 0 0 1 0 0]   | Precisión: 0.81 | Hamming: 6
------------------------------------------------------------
[4] Original  --> [1 1 1 0 1 0 1 1 0 0 1 1 0 1 0 0 1 1 1 1 0 1 0 0 0 0 0 1 1 0 0 1]
     Bob       --> [1 1 1 0 1 1 1 1 0 1 1 1 0 1 1 1 1 1 1 1 0 1 1 0 0 0 1 1 1 1 0 1]   | Precisión: 0.78 | Hamming: 7
     Eve       --> [0 1 1 0 1 0 1 0 0 0 1 0 0 1 1 0 1 1 0 0 0 0 0 0 0 0 0 1 1 0 0 1]   | Precisión: 0.78 | Hamming: 7
------------------------------------------------------------
[5] Original  --> [1 1 0 0 1 0 0 1 1 1 0 0 0 1 0 0 0 0 0 1 1 1 0 1 1 1 0 1 1 0 1 1]
     Bob       --> [1 1 0 0 1 0 0 1 1 1 0 1 0 1 1 1 0 0 1 1 1 1 0 1 1 1 1 1 1 0 1 1]   | Precisión: 0.84 | Hamming: 5
     Eve       --> [0 1 0 0 1 0 0 1 0 0 0 0 0 1 1 0 0 0 0 0 1 1 0 1 1 1 0 0 1 0 1 1]   | Precisión: 0.81 | Hamming: 6
------------------------------------------------------------
[6] Original  --> [1 1 0 1 0 0 0 0 0 0 0 1 1 1 0 0 1 0 0 0 0 1 0 0 1 1 1 1 1 0 1 1]
     Bob       --> [1 1 0 1 0 0 0 0 0 0 0 1 1 1 0 0 1 1 0 1 0 1 1 1 1 1 1 1 1 0 1 1]   | Precisión: 0.88 | Hamming: 4
     Eve       --> [1 1 0 1 0 0 0 0 0 0 0 1 1 1 0 0 1 0 0 0 0 1 0 0 1 1 1 1 1 0 1 1]   | Precisión: 1.00 | Hamming: 0
------------------------------------------------------------
[7] Original  --> [0 0 0 0 0 0 1 1 1 1 1 1 0 0 0 1 1 0 1 0 0 0 0 0 0 0 1 1 1 1 0 0]
     Bob       --> [0 0 0 0 0 1 1 1 1 1 1 1 0 0 1 1 1 1 1 1 0 1 1 1 0 0 1 1 1 1 1 0]   | Precisión: 0.75 | Hamming: 8
     Eve       --> [0 0 0 0 0 0 1 1 1 0 1 0 0 0 0 1 1 0 1 0 0 0 0 0 0 0 0 1 1 0 0 0]   | Precisión: 0.88 | Hamming: 4
------------------------------------------------------------
[8] Original  --> [0 0 0 1 1 0 1 1 1 1 0 1 0 0 0 0 0 1 1 0 1 0 0 0 1 0 1 0 1 1 1 1]
     Bob       --> [1 0 0 1 1 0 1 1 1 1 1 1 0 0 0 0 1 1 1 1 1 0 1 1 1 1 1 0 1 1 1 1]   | Precisión: 0.78 | Hamming: 7
     Eve       --> [0 0 0 1 1 0 1 0 1 0 0 1 0 0 0 0 0 1 0 1 1 0 0 0 1 0 0 0 1 1 1 1]   | Precisión: 0.84 | Hamming: 5
------------------------------------------------------------
[9] Original  --> [0 0 0 0 0 0 0 0 1 0 0 1 1 0 0 0 0 0 0 0 0 0 1 0 1 0 1 0 1 0 0 1]
     Bob       --> [1 1 0 1 0 1 0 0 1 0 1 0 1 0 1 1 1 0 1 1 1 0 1 0 1 0 1 1 1 1 0 1]   | Precisión: 0.56 | Hamming: 14
     Eve       --> [0 0 0 1 0 0 0 0 1 0 0 0 1 0 0 0 1 0 0 0 0 0 0 0 1 0 1 0 1 0 0 1]   | Precisión: 0.88 | Hamming: 4
------------------------------------------------------------
[10] Original  --> [1 0 0 1 1 0 1 0 0 1 1 1 0 0 0 1 1 1 1 0 1 1 0 1 1 1 1 1 1 1 0 1]
     Bob       --> [1 0 0 1 1 0 1 1 0 1 1 1 0 0 1 1 1 1 1 0 1 1 1 1 1 1 1 1 1 1 0 1]   | Precisión: 0.91 | Hamming: 3
     Eve       --> [1 0 0 1 1 0 1 0 0 0 1 1 0 0 0 1 1 1 0 0 0 1 0 0 1 0 0 1 1 0 0 0]   | Precisión: 0.75 | Hamming: 8
------------------------------------------------------------

RESULTADOS FINALES

Bob -> Precisión media: 0.8304 | Hamming media: 5.43
Eve -> Precisión media: 0.8348 | Hamming media: 5.29
Bob -> Perfectas: 86 | Eve -> Perfectas: 51

EVALUACIÓN CON CLAVES ERRÓNEAS PARA BOB

[1] Bob (clave errada) --> [0 0 0 0 0 0 0 0 0 0 0 0 0 0 0 0 0 0 0 0 0 0 0 0 0 0 0 0 0 0 0 0] | Precisión: 0.62 | Hamming: 12
------------------------------------------------------------
[2] Bob (clave errada) --> [1 1 0 1 1 1 0 1 0 0 1 0 1 1 0 1 0 0 1 1 0 0 1 0 0 0 0 0 0 1 1 1] | Precisión: 0.72 | Hamming: 9
------------------------------------------------------------
[3] Bob (clave errada) --> [0 0 0 0 0 0 0 0 0 0 0 0 0 0 0 0 0 0 0 0 0 0 0 0 0 0 0 0 0 0 0 0] | Precisión: 0.59 | Hamming: 13
------------------------------------------------------------
[4] Bob (clave errada) --> [0 0 0 0 0 0 0 0 0 0 0 0 0 0 0 0 1 0 0 0 0 0 0 0 0 0 0 0 0 0 0 0] | Precisión: 0.50 | Hamming: 16
------------------------------------------------------------
[5] Bob (clave errada) --> [0 0 0 0 0 0 0 0 0 0 0 0 0 0 0 0 0 0 0 0 0 0 0 0 0 0 0 0 0 0 0 0] | Precisión: 0.47 | Hamming: 17
------------------------------------------------------------
[6] Bob (clave errada) --> [0 1 0 1 0 0 0 0 0 0 0 0 0 0 0 0 0 0 0 0 0 0 0 0 1 1 0 1 0 0 1 1] | Precisión: 0.75 | Hamming: 8
------------------------------------------------------------
[7] Bob (clave errada) --> [0 0 0 0 0 1 1 1 1 1 1 1 0 0 0 1 1 1 1 1 0 1 1 0 0 0 0 1 1 1 0 0] | Precisión: 0.81 | Hamming: 6
------------------------------------------------------------
[8] Bob (clave errada) --> [0 0 0 0 0 0 0 0 0 0 0 0 0 0 0 0 0 0 0 0 0 0 0 0 0 0 0 0 0 0 0 0] | Precisión: 0.50 | Hamming: 16
------------------------------------------------------------
[9] Bob (clave errada) --> [1 0 0 0 0 0 0 0 1 0 1 0 1 0 0 0 0 0 1 1 0 0 1 0 1 0 1 0 1 0 0 1] | Precisión: 0.84 | Hamming: 5
------------------------------------------------------------
[10] Bob (clave errada) --> [1 0 0 1 1 0 1 1 0 0 1 1 0 0 0 1 1 1 1 0 1 1 1 1 1 1 1 1 1 1 0 1] | Precisión: 0.91 | Hamming: 3
------------------------------------------------------------

RESULTADOS CON CLAVES ERRÓNEAS

Bob -> Precisión media (clave errada): 0.5977 | Hamming media: 12.87

EVALUACIÓN CON 2500:

[1] Original  --> [1 0 0 1 0 0 0 0 1 1 1 0 1 1 1 0 1 0 1 1 1 1 0 0 0 1 1 1 1 1 0 1]
     Bob       --> [1 0 0 1 0 0 0 0 1 1 1 0 1 1 1 0 1 0 1 1 1 1 0 0 0 1 1 1 1 1 0 1]   | Precisión: 1.00 | Hamming: 0
     Eve       --> [1 0 0 1 0 0 0 0 1 1 1 0 1 1 1 0 1 0 1 1 0 1 0 0 0 1 1 1 1 1 0 1]   | Precisión: 0.97 | Hamming: 1
------------------------------------------------------------
[2] Original  --> [0 0 0 0 1 0 1 1 1 0 0 0 1 0 0 1 1 0 1 0 0 1 1 0 1 0 1 0 1 1 1 0]
     Bob       --> [0 0 0 0 1 0 1 1 1 0 0 0 1 0 0 1 1 0 1 0 0 1 1 0 1 0 0 0 1 1 1 0]   | Precisión: 0.97 | Hamming: 1
     Eve       --> [0 0 0 0 1 0 1 1 1 0 0 0 1 0 0 1 1 0 1 0 0 1 1 0 1 0 1 0 1 1 0 0]   | Precisión: 0.97 | Hamming: 1
------------------------------------------------------------
[3] Original  --> [0 0 0 0 0 1 0 0 1 1 0 1 1 0 1 1 1 0 1 0 1 1 0 0 1 1 1 1 1 0 0 0]
     Bob       --> [0 0 0 0 0 1 0 0 1 1 0 1 1 0 1 1 1 0 1 0 1 1 0 0 1 1 1 1 1 0 0 0]   | Precisión: 1.00 | Hamming: 0
     Eve       --> [0 0 0 0 0 1 0 0 1 1 0 1 1 0 1 1 1 0 1 0 1 1 0 1 1 1 1 1 1 0 0 0]   | Precisión: 0.97 | Hamming: 1
------------------------------------------------------------
[4] Original  --> [0 1 1 1 0 0 1 1 1 1 1 1 0 0 0 0 1 1 1 1 1 1 1 1 0 1 1 0 0 0 0 0]
     Bob       --> [0 1 1 1 0 0 1 1 1 1 1 1 0 0 0 0 1 1 1 1 1 1 1 1 0 1 1 0 0 0 0 1]   | Precisión: 0.97 | Hamming: 1
     Eve       --> [0 1 1 0 0 0 1 1 1 1 0 1 0 0 0 0 1 1 1 1 1 1 1 1 0 1 1 0 0 0 0 1]   | Precisión: 0.91 | Hamming: 3
------------------------------------------------------------
[5] Original  --> [0 1 1 0 0 1 1 0 0 1 1 1 1 0 1 0 1 0 1 1 1 1 0 1 0 0 1 0 0 1 1 0]
     Bob       --> [0 1 1 0 0 1 0 0 0 1 1 0 0 0 0 0 1 0 1 0 0 1 0 0 0 0 1 0 0 1 1 0]   | Precisión: 0.78 | Hamming: 7
     Eve       --> [0 1 1 0 0 1 1 0 0 1 1 0 1 0 0 0 1 0 1 1 1 1 0 0 0 1 1 1 0 1 1 0]   | Precisión: 0.84 | Hamming: 5
------------------------------------------------------------
[6] Original  --> [0 0 1 1 1 1 0 1 1 0 0 1 1 1 1 1 0 1 1 1 0 1 1 1 1 1 1 0 1 0 1 1]
     Bob       --> [0 0 1 1 1 1 0 1 1 0 0 0 1 1 1 1 0 1 1 1 0 1 1 1 1 1 1 0 1 0 1 0]   | Precisión: 0.94 | Hamming: 2
     Eve       --> [0 0 1 0 1 1 0 1 1 0 0 1 1 1 1 1 0 1 1 1 0 1 1 1 1 1 1 0 1 0 1 1]   | Precisión: 0.97 | Hamming: 1
------------------------------------------------------------
[7] Original  --> [0 1 0 1 0 1 1 1 0 1 0 1 1 1 1 1 0 0 0 1 0 1 0 0 0 0 1 1 0 1 0 0]
     Bob       --> [0 1 0 1 0 1 1 1 0 1 0 1 0 1 1 1 1 1 0 1 0 1 0 0 1 0 1 1 0 0 0 0]   | Precisión: 0.84 | Hamming: 5
     Eve       --> [0 1 0 1 0 1 1 1 0 1 0 1 0 1 1 1 1 0 0 1 1 1 0 0 1 0 1 1 0 0 0 0]   | Precisión: 0.84 | Hamming: 5
------------------------------------------------------------
[8] Original  --> [0 1 0 1 0 1 1 0 1 1 0 0 0 1 1 1 1 0 0 0 1 0 0 0 1 1 1 0 1 1 1 1]
     Bob       --> [0 1 0 1 0 1 1 0 1 1 1 0 0 1 1 1 1 1 0 0 0 0 0 0 1 1 1 0 1 1 1 1]   | Precisión: 0.91 | Hamming: 3
     Eve       --> [0 1 0 1 0 1 1 0 1 1 1 0 0 1 1 1 1 1 0 0 0 0 0 0 1 1 1 0 1 1 1 1]   | Precisión: 0.91 | Hamming: 3
------------------------------------------------------------
[9] Original  --> [0 1 1 0 1 1 0 1 1 0 0 0 1 0 0 1 0 0 0 1 1 0 0 0 0 0 0 0 1 1 0 1]
     Bob       --> [0 0 1 0 1 1 0 1 1 0 0 0 1 0 0 1 0 0 0 1 1 0 0 0 0 0 0 0 1 1 1 0]   | Precisión: 0.91 | Hamming: 3
     Eve       --> [0 1 1 0 1 1 0 1 1 0 0 0 1 0 0 1 0 0 0 1 1 0 0 0 0 0 1 0 1 0 1 1]   | Precisión: 0.91 | Hamming: 3
------------------------------------------------------------
[10] Original  --> [0 1 1 0 1 0 1 0 1 1 0 0 1 0 1 0 0 1 1 1 0 0 1 0 1 0 0 0 1 0 0 0]
     Bob       --> [0 1 1 0 1 0 1 0 1 1 0 0 1 0 1 0 0 1 1 1 0 0 1 0 1 0 0 0 1 0 0 1]   | Precisión: 0.97 | Hamming: 1
     Eve       --> [0 1 1 0 1 0 1 0 1 1 0 0 1 0 0 0 0 1 1 1 0 0 1 0 1 0 0 0 1 0 0 1]   | Precisión: 0.94 | Hamming: 2
------------------------------------------------------------

RESULTADOS FINALES

Bob -> Precisión media: 0.9204 | Hamming media: 2.55
Eve -> Precisión media: 0.9007 | Hamming media: 3.18
Bob -> Perfectas: 959 | Eve -> Perfectas: 531

EVALUACIÓN CON CLAVES ERRÓNEAS PARA BOB

[1] Bob (clave errada) --> [0 0 0 1 0 0 0 0 0 0 0 0 0 0 0 0 1 0 0 0 0 1 0 0 0 0 0 0 0 0 0 0] | Precisión: 0.50 | Hamming: 16
------------------------------------------------------------
[2] Bob (clave errada) --> [0 0 0 0 1 0 0 1 0 0 0 0 0 0 0 1 0 0 0 0 0 0 0 0 0 0 0 0 1 1 0 0] | Precisión: 0.69 | Hamming: 10
------------------------------------------------------------
[3] Bob (clave errada) --> [0 0 0 0 0 0 0 0 0 0 0 0 0 0 0 0 0 0 0 0 0 0 0 0 0 0 0 0 0 0 0 0] | Precisión: 0.50 | Hamming: 16
------------------------------------------------------------
[4] Bob (clave errada) --> [0 0 0 0 0 0 0 0 0 0 0 0 0 0 0 0 0 0 0 0 0 0 0 0 0 0 0 0 0 0 0 0] | Precisión: 0.41 | Hamming: 19
------------------------------------------------------------
[5] Bob (clave errada) --> [0 0 0 0 0 0 0 0 0 0 0 0 0 0 0 0 0 0 0 0 0 0 0 0 0 0 0 0 0 0 0 0] | Precisión: 0.44 | Hamming: 18
------------------------------------------------------------
[6] Bob (clave errada) --> [0 0 0 0 0 1 0 0 0 0 0 0 0 1 0 0 0 0 1 1 0 0 0 1 1 1 0 0 0 0 0 0] | Precisión: 0.50 | Hamming: 16
------------------------------------------------------------
[7] Bob (clave errada) --> [0 0 0 0 0 0 0 0 0 0 0 0 0 0 0 0 0 0 0 0 0 0 0 0 0 0 0 0 0 0 0 0] | Precisión: 0.50 | Hamming: 16
------------------------------------------------------------
[8] Bob (clave errada) --> [0 0 0 0 0 0 0 0 0 0 0 0 0 0 0 0 0 0 0 0 0 0 0 0 0 0 0 0 0 0 0 0] | Precisión: 0.44 | Hamming: 18
------------------------------------------------------------
[9] Bob (clave errada) --> [0 0 0 0 0 0 0 0 0 0 0 0 0 0 0 0 0 0 0 0 0 0 0 0 0 0 0 0 0 0 0 0] | Precisión: 0.59 | Hamming: 13
------------------------------------------------------------
[10] Bob (clave errada) --> [0 0 0 0 0 0 0 0 0 0 0 0 0 0 0 0 0 1 0 1 0 0 0 0 0 0 0 0 0 0 0 0] | Precisión: 0.62 | Hamming: 12
------------------------------------------------------------

RESULTADOS CON CLAVES ERRÓNEAS

Bob -> Precisión media (clave errada): 0.5497 | Hamming media: 14.41

EVALUACIÓN CON 3000:

[1] Original  --> [0 0 1 1 0 1 0 1 1 0 0 1 1 1 0 0 1 1 0 1 1 0 1 0 0 0 0 0 0 1 1 1]
     Bob       --> [0 0 1 1 1 1 0 1 1 0 1 1 1 1 0 0 1 1 0 1 1 0 1 0 0 0 0 1 0 1 1 1]   | Precisión: 0.91 | Hamming: 3
     Eve       --> [0 0 1 1 0 1 0 1 1 0 1 0 1 1 0 0 1 1 0 0 1 0 1 0 0 0 0 0 0 1 1 1]   | Precisión: 0.91 | Hamming: 3
------------------------------------------------------------
[2] Original  --> [0 0 1 0 0 1 0 0 0 0 0 1 1 0 0 1 1 0 0 0 0 1 0 1 0 1 0 0 0 0 0 1]
     Bob       --> [0 0 0 0 1 1 1 0 0 0 0 1 1 0 0 1 0 0 0 0 0 1 0 1 0 1 0 0 0 0 0 1]   | Precisión: 0.88 | Hamming: 4
     Eve       --> [0 0 1 0 1 1 1 0 0 0 0 1 1 0 0 1 0 0 0 0 0 1 0 1 0 1 0 0 0 0 0 0]   | Precisión: 0.88 | Hamming: 4
------------------------------------------------------------
[3] Original  --> [1 1 0 1 1 0 0 0 0 0 0 0 1 0 1 0 0 0 1 1 0 0 1 0 1 1 0 0 1 0 0 1]
     Bob       --> [1 1 0 1 1 0 0 0 0 0 0 0 1 0 1 0 0 0 1 1 0 0 1 0 1 1 0 0 1 0 1 1]   | Precisión: 0.97 | Hamming: 1
     Eve       --> [1 1 0 1 1 0 0 0 0 0 0 0 1 0 1 0 0 0 1 1 0 0 1 0 1 1 0 0 1 0 0 1]   | Precisión: 1.00 | Hamming: 0
------------------------------------------------------------
[4] Original  --> [1 0 0 1 1 1 0 0 1 1 0 0 0 1 1 0 0 1 1 0 1 0 0 0 1 0 0 0 0 1 0 1]
     Bob       --> [1 0 0 1 1 1 0 0 1 1 1 0 0 1 1 0 0 1 1 0 1 0 0 0 1 0 0 0 0 1 0 1]   | Precisión: 0.97 | Hamming: 1
     Eve       --> [1 0 0 1 1 1 0 0 1 1 1 1 0 1 1 0 0 1 1 0 1 0 0 0 1 0 0 0 1 1 0 1]   | Precisión: 0.91 | Hamming: 3
------------------------------------------------------------
[5] Original  --> [0 1 1 1 1 0 0 0 0 0 1 1 1 1 1 0 0 0 0 1 1 1 0 0 1 1 1 0 1 0 1 0]
     Bob       --> [1 1 1 1 1 0 0 0 0 0 1 1 1 1 1 0 0 0 0 1 1 1 0 0 1 1 0 0 1 0 1 0]   | Precisión: 0.94 | Hamming: 2
     Eve       --> [0 1 0 1 1 0 0 0 0 1 1 1 1 1 1 0 1 0 0 1 0 1 1 0 1 1 0 0 1 0 1 0]   | Precisión: 0.81 | Hamming: 6
------------------------------------------------------------
[6] Original  --> [0 1 0 1 0 1 1 1 1 0 0 0 0 0 1 1 0 1 0 0 1 0 1 1 0 0 0 1 0 1 0 0]
     Bob       --> [0 1 1 1 0 1 1 1 1 0 0 0 0 0 1 1 0 1 0 0 1 0 1 1 0 0 0 1 0 1 0 0]   | Precisión: 0.97 | Hamming: 1
     Eve       --> [0 1 0 1 0 1 1 1 1 0 0 0 0 0 1 1 0 1 0 0 1 0 1 1 0 0 1 1 0 1 0 0]   | Precisión: 0.97 | Hamming: 1
------------------------------------------------------------
[7] Original  --> [0 0 0 0 0 0 1 1 1 0 0 1 0 1 1 0 1 1 0 1 0 0 0 0 0 1 1 1 0 0 1 0]
     Bob       --> [0 0 0 0 0 0 1 1 1 0 1 1 0 1 1 0 1 1 0 1 0 0 1 0 0 1 1 1 0 0 1 0]   | Precisión: 0.94 | Hamming: 2
     Eve       --> [0 0 0 0 0 0 1 1 1 0 1 0 0 1 1 0 1 1 0 1 0 0 0 1 0 1 1 1 0 0 1 0]   | Precisión: 0.91 | Hamming: 3
------------------------------------------------------------
[8] Original  --> [0 1 0 0 1 0 0 0 0 0 0 0 0 1 1 0 1 1 1 0 1 0 0 0 1 1 0 0 0 0 1 0]
     Bob       --> [0 1 0 0 1 0 0 0 0 0 0 0 0 1 1 0 0 1 1 0 1 1 0 0 1 1 0 0 0 0 1 0]   | Precisión: 0.94 | Hamming: 2
     Eve       --> [0 1 0 0 1 0 0 0 0 0 0 0 0 1 1 0 0 1 1 0 1 0 0 0 1 1 0 0 0 0 1 0]   | Precisión: 0.97 | Hamming: 1
------------------------------------------------------------
[9] Original  --> [0 1 0 0 1 0 1 1 1 1 0 1 1 0 1 1 0 0 0 1 0 1 0 1 0 0 0 1 0 0 0 1]
     Bob       --> [0 1 1 0 1 0 1 1 0 1 1 1 1 0 1 1 0 0 1 1 0 1 0 1 0 0 1 1 0 0 0 1]   | Precisión: 0.84 | Hamming: 5
     Eve       --> [0 1 1 0 1 0 1 1 0 1 1 1 1 1 1 1 1 0 1 1 0 1 0 1 0 0 1 1 0 0 0 1]   | Precisión: 0.78 | Hamming: 7
------------------------------------------------------------
[10] Original  --> [0 1 1 0 0 0 0 1 1 0 1 1 0 1 0 1 0 0 0 0 1 0 1 1 1 1 1 0 0 0 1 1]
     Bob       --> [1 1 1 0 1 0 0 1 1 0 1 1 0 1 0 1 0 0 0 0 1 0 1 1 1 1 1 0 0 0 1 1]   | Precisión: 0.94 | Hamming: 2
     Eve       --> [0 1 0 0 1 0 0 1 1 0 1 1 0 1 0 1 0 0 0 0 1 0 1 1 1 1 1 0 0 0 1 1]   | Precisión: 0.94 | Hamming: 2
------------------------------------------------------------

RESULTADOS FINALES

Bob -> Precisión media: 0.9268 | Hamming media: 2.34
Eve -> Precisión media: 0.9087 | Hamming media: 2.92
Bob -> Perfectas: 1180 | Eve -> Perfectas: 665

EVALUACIÓN CON CLAVES ERRÓNEAS PARA BOB

[1] Bob (clave errada) --> [0 0 0 0 0 0 0 0 0 0 0 0 0 0 0 0 0 0 0 0 0 0 0 0 0 0 0 0 0 0 0 0] | Precisión: 0.50 | Hamming: 16
------------------------------------------------------------
[2] Bob (clave errada) --> [0 0 0 0 0 0 0 0 0 0 0 0 0 0 0 0 0 0 0 0 0 0 0 0 0 0 0 0 0 0 0 0] | Precisión: 0.69 | Hamming: 10
------------------------------------------------------------
[3] Bob (clave errada) --> [0 0 0 0 0 0 0 0 0 0 0 0 0 0 0 0 0 0 0 0 0 0 0 0 0 0 0 0 0 0 0 0] | Precisión: 0.59 | Hamming: 13
------------------------------------------------------------
[4] Bob (clave errada) --> [0 0 0 0 0 0 0 0 0 0 0 0 0 0 0 0 0 0 0 0 0 0 0 0 0 0 0 0 0 0 0 0] | Precisión: 0.56 | Hamming: 14
------------------------------------------------------------
[5] Bob (clave errada) --> [0 0 0 0 0 0 0 0 0 0 0 0 0 0 0 0 0 0 0 0 0 0 0 0 0 0 0 0 0 0 0 0] | Precisión: 0.47 | Hamming: 17
------------------------------------------------------------
[6] Bob (clave errada) --> [0 0 0 0 0 0 0 0 0 0 0 0 0 0 0 0 0 0 0 0 0 0 0 0 0 0 0 0 0 0 0 0] | Precisión: 0.56 | Hamming: 14
------------------------------------------------------------
[7] Bob (clave errada) --> [0 0 0 0 0 0 0 0 0 0 0 0 0 0 0 0 0 0 0 0 0 0 0 0 0 0 0 0 0 0 0 0] | Precisión: 0.59 | Hamming: 13
------------------------------------------------------------
[8] Bob (clave errada) --> [0 0 0 0 0 0 0 0 0 0 0 0 0 0 0 0 0 0 0 0 0 0 0 0 0 0 0 0 0 0 0 0] | Precisión: 0.66 | Hamming: 11
------------------------------------------------------------
[9] Bob (clave errada) --> [0 0 0 0 0 0 0 0 0 0 0 0 0 0 0 0 0 0 0 0 0 0 0 0 0 0 0 0 0 0 0 0] | Precisión: 0.53 | Hamming: 15
------------------------------------------------------------
[10] Bob (clave errada) --> [0 0 0 0 0 0 0 0 0 0 0 0 0 0 0 0 0 0 0 0 0 0 0 0 0 0 0 0 0 0 0 0] | Precisión: 0.50 | Hamming: 16
------------------------------------------------------------

RESULTADOS CON CLAVES ERRÓNEAS

Bob -> Precisión media (clave errada): 0.5162 | Hamming media: 15.48

EVALUACIÓN CON 3500:

[1] Original  --> [1 0 1 1 0 0 0 1 1 0 0 0 0 1 0 1 1 1 1 0 0 1 1 0 1 1 0 0 0 0 0 1]
     Bob       --> [1 0 1 1 0 0 0 1 1 0 0 0 0 1 0 0 1 1 1 0 0 1 1 0 1 1 0 0 0 0 0 1]   | Precisión: 0.97 | Hamming: 1
     Eve       --> [1 0 1 1 0 0 0 1 1 0 1 0 0 1 0 0 1 1 1 0 0 1 1 0 1 1 0 0 0 0 0 1]   | Precisión: 0.94 | Hamming: 2
------------------------------------------------------------
[2] Original  --> [1 0 0 1 1 0 0 1 1 0 1 0 0 1 1 0 1 1 1 1 0 1 0 1 1 0 1 1 1 1 1 1]
     Bob       --> [1 0 0 1 0 0 1 1 1 0 1 0 1 1 1 0 1 1 1 1 0 1 0 1 1 0 1 1 1 1 1 1]   | Precisión: 0.91 | Hamming: 3
     Eve       --> [1 0 0 1 1 0 0 1 1 0 1 0 0 1 1 0 1 1 1 1 0 1 0 1 1 0 0 1 1 1 1 1]   | Precisión: 0.97 | Hamming: 1
------------------------------------------------------------
[3] Original  --> [1 0 1 1 1 0 1 1 0 0 0 1 0 0 0 0 0 1 0 0 1 0 1 1 1 0 1 1 1 1 1 1]
     Bob       --> [1 0 1 1 1 0 1 1 0 0 0 1 1 1 0 0 0 1 0 0 1 0 1 1 1 0 1 1 1 1 1 1]   | Precisión: 0.94 | Hamming: 2
     Eve       --> [1 0 1 1 1 0 1 1 0 0 0 1 1 1 0 0 0 1 0 0 1 0 1 1 1 0 1 1 1 1 1 1]   | Precisión: 0.94 | Hamming: 2
------------------------------------------------------------
[4] Original  --> [0 1 1 0 0 0 0 0 0 1 1 0 1 1 1 0 0 1 0 0 0 0 0 0 1 0 0 0 0 1 0 1]
     Bob       --> [0 1 1 0 1 0 0 0 0 1 1 0 1 0 1 0 0 1 0 0 0 0 0 0 1 0 0 0 0 1 0 1]   | Precisión: 0.94 | Hamming: 2
     Eve       --> [1 1 1 0 0 0 0 0 1 1 1 0 0 0 1 0 0 1 0 0 0 0 0 0 1 0 0 0 0 1 0 1]   | Precisión: 0.88 | Hamming: 4
------------------------------------------------------------
[5] Original  --> [1 1 0 1 1 1 0 1 1 0 1 1 0 0 1 1 0 1 1 1 0 0 0 0 0 1 0 0 1 0 1 0]
     Bob       --> [1 1 0 1 1 1 0 0 0 0 1 1 0 1 1 1 0 1 1 1 0 0 0 0 0 1 0 0 1 0 1 0]   | Precisión: 0.91 | Hamming: 3
     Eve       --> [1 1 0 1 1 1 0 0 0 0 1 1 0 0 1 1 0 0 1 1 0 0 0 0 0 1 0 0 1 0 1 0]   | Precisión: 0.91 | Hamming: 3
------------------------------------------------------------
[6] Original  --> [0 0 1 1 1 0 0 1 0 0 0 0 0 1 0 0 0 0 1 1 1 1 0 0 0 1 1 1 0 1 0 0]
     Bob       --> [0 0 1 1 1 0 0 1 0 0 0 0 0 1 0 0 0 0 1 1 1 1 0 0 0 1 1 1 0 1 0 0]   | Precisión: 1.00 | Hamming: 0
     Eve       --> [1 0 1 1 1 0 0 1 0 0 0 0 0 1 0 0 0 0 1 1 1 1 0 0 0 1 1 1 0 1 0 0]   | Precisión: 0.97 | Hamming: 1
------------------------------------------------------------
[7] Original  --> [0 0 0 1 0 1 1 0 0 0 0 1 0 0 1 0 1 0 0 0 1 1 0 1 1 1 1 0 0 0 0 1]
     Bob       --> [0 0 0 1 0 1 1 0 0 0 0 1 0 0 1 1 1 0 0 0 1 1 0 1 1 1 1 0 0 0 0 1]   | Precisión: 0.97 | Hamming: 1
     Eve       --> [0 0 0 1 0 1 1 0 0 0 0 1 1 0 1 1 1 0 0 0 1 1 0 1 1 1 1 0 0 0 0 1]   | Precisión: 0.94 | Hamming: 2
------------------------------------------------------------
[8] Original  --> [0 1 0 0 0 1 1 1 1 1 1 0 0 0 0 0 1 1 1 0 1 1 1 1 1 1 1 1 0 0 1 1]
     Bob       --> [0 1 0 0 0 1 0 1 1 1 0 0 0 0 0 0 1 1 0 0 1 0 1 1 1 1 1 0 0 0 1 1]   | Precisión: 0.84 | Hamming: 5
     Eve       --> [0 1 0 0 0 1 1 1 1 1 0 0 0 1 0 0 1 1 0 0 1 1 1 1 1 1 1 0 0 0 1 1]   | Precisión: 0.88 | Hamming: 4
------------------------------------------------------------
[9] Original  --> [0 1 1 0 0 0 0 1 1 1 0 1 0 0 1 0 0 0 0 1 1 1 0 0 1 0 1 1 1 0 1 1]
     Bob       --> [0 1 1 0 0 0 1 1 1 1 0 1 0 1 1 1 0 0 0 1 1 0 0 0 1 0 1 1 1 0 1 1]   | Precisión: 0.88 | Hamming: 4
     Eve       --> [0 1 1 0 0 0 1 0 1 1 0 1 0 0 1 0 0 0 0 1 1 1 0 0 1 0 1 1 1 0 1 1]   | Precisión: 0.94 | Hamming: 2
------------------------------------------------------------
[10] Original  --> [0 0 0 1 0 1 0 1 0 0 1 1 0 0 1 1 0 1 1 0 0 1 1 0 0 1 1 0 1 0 1 0]
     Bob       --> [0 0 0 1 0 1 0 0 0 0 1 1 0 0 1 1 0 1 1 0 0 1 1 0 0 1 1 0 1 0 1 0]   | Precisión: 0.97 | Hamming: 1
     Eve       --> [0 0 0 1 0 1 1 0 0 0 1 1 0 1 1 1 0 1 1 0 1 1 1 0 0 1 1 0 1 0 1 0]   | Precisión: 0.88 | Hamming: 4
------------------------------------------------------------

RESULTADOS FINALES

Bob -> Precisión media: 0.9316 | Hamming media: 2.19
Eve -> Precisión media: 0.9181 | Hamming media: 2.62
Bob -> Perfectas: 1253 | Eve -> Perfectas: 792

EVALUACIÓN CON CLAVES ERRÓNEAS PARA BOB

[1] Bob (clave errada) --> [0 0 0 0 0 0 0 0 0 0 0 0 0 0 0 0 0 0 0 0 0 0 0 0 0 0 0 0 0 0 0 0] | Precisión: 0.53 | Hamming: 15
------------------------------------------------------------
[2] Bob (clave errada) --> [0 0 0 0 0 0 0 0 0 0 0 0 0 0 0 0 0 0 0 0 0 0 0 0 0 0 0 0 0 0 0 0] | Precisión: 0.34 | Hamming: 21
------------------------------------------------------------
[3] Bob (clave errada) --> [0 0 0 0 0 0 0 0 0 0 0 0 0 0 0 0 0 0 0 0 0 0 0 0 0 0 0 0 0 0 0 0] | Precisión: 0.44 | Hamming: 18
------------------------------------------------------------
[4] Bob (clave errada) --> [0 0 0 0 0 0 0 0 0 0 0 0 0 0 0 0 0 0 0 0 0 0 0 0 0 0 0 0 0 0 0 0] | Precisión: 0.66 | Hamming: 11
------------------------------------------------------------
[5] Bob (clave errada) --> [0 0 0 0 0 0 0 0 0 0 0 0 0 0 0 0 0 0 0 0 0 0 0 0 0 0 0 0 0 0 0 0] | Precisión: 0.47 | Hamming: 17
------------------------------------------------------------
[6] Bob (clave errada) --> [0 0 0 0 0 0 0 0 0 0 0 0 0 0 0 0 0 0 0 0 0 0 0 0 0 0 0 0 0 0 0 0] | Precisión: 0.59 | Hamming: 13
------------------------------------------------------------
[7] Bob (clave errada) --> [0 0 0 0 0 0 0 0 0 0 0 0 0 0 0 0 0 0 0 0 0 0 0 0 0 0 0 0 0 0 0 0] | Precisión: 0.59 | Hamming: 13
------------------------------------------------------------
[8] Bob (clave errada) --> [0 0 0 0 0 0 0 0 0 0 0 0 0 0 0 0 0 0 0 0 0 0 0 0 0 0 0 0 0 0 0 0] | Precisión: 0.38 | Hamming: 20
------------------------------------------------------------
[9] Bob (clave errada) --> [0 0 0 0 0 0 0 0 0 0 0 0 0 0 0 0 0 0 0 0 0 0 0 0 0 0 0 0 0 0 0 0] | Precisión: 0.50 | Hamming: 16
------------------------------------------------------------
[10] Bob (clave errada) --> [0 0 0 0 0 0 0 0 0 0 0 0 0 0 0 0 0 0 0 0 0 0 0 0 0 0 0 0 0 0 0 0] | Precisión: 0.53 | Hamming: 15
------------------------------------------------------------

RESULTADOS CON CLAVES ERRÓNEAS

Bob -> Precisión media (clave errada): 0.5214 | Hamming media: 15.31

EVALUACIÓN CON 4000:

[1] Original  --> [0 0 1 1 1 0 0 0 1 0 0 1 1 1 0 0 1 1 0 1 1 0 1 1 0 0 0 1 0 1 0 1]
     Bob       --> [0 0 0 1 1 0 0 0 1 0 0 1 0 1 0 0 1 1 0 1 1 0 1 1 0 0 0 1 0 1 1 1]   | Precisión: 0.91 | Hamming: 3
     Eve       --> [0 0 0 1 0 0 1 0 1 1 0 1 1 1 0 0 1 1 0 1 1 0 1 1 0 0 0 1 0 1 0 1]   | Precisión: 0.88 | Hamming: 4
------------------------------------------------------------
[2] Original  --> [0 1 1 1 1 1 0 0 0 0 0 1 1 1 1 0 0 1 0 0 1 0 0 0 1 0 0 0 0 1 1 1]
     Bob       --> [0 1 1 1 1 1 0 0 0 0 0 1 1 1 1 0 0 1 0 0 0 0 0 0 1 0 0 0 0 1 0 1]   | Precisión: 0.94 | Hamming: 2
     Eve       --> [0 1 0 1 1 0 0 0 0 0 0 1 1 1 1 0 0 1 0 0 0 0 0 0 1 0 0 0 0 1 0 1]   | Precisión: 0.88 | Hamming: 4
------------------------------------------------------------
[3] Original  --> [1 1 1 1 1 0 0 0 0 0 0 0 0 1 1 1 0 0 0 1 1 1 0 1 1 0 0 1 1 0 0 0]
     Bob       --> [1 1 0 1 1 0 0 0 1 0 0 0 1 1 1 1 0 0 0 1 1 1 0 1 1 0 1 1 1 0 1 0]   | Precisión: 0.84 | Hamming: 5
     Eve       --> [1 1 0 1 0 1 0 0 0 0 0 0 1 1 1 1 0 0 0 1 0 1 0 1 1 0 0 1 1 0 1 0]   | Precisión: 0.81 | Hamming: 6
------------------------------------------------------------
[4] Original  --> [0 0 1 1 0 1 1 1 0 0 1 0 1 1 1 0 1 1 0 1 1 1 1 1 1 1 0 0 1 0 0 0]
     Bob       --> [0 0 1 1 0 1 1 1 0 0 1 0 1 1 1 0 1 1 0 1 1 1 1 1 1 1 0 0 1 0 0 0]   | Precisión: 1.00 | Hamming: 0
     Eve       --> [0 0 1 1 0 1 1 1 0 0 1 0 1 1 1 0 1 1 0 1 1 1 1 1 1 1 0 0 1 0 0 0]   | Precisión: 1.00 | Hamming: 0
------------------------------------------------------------
[5] Original  --> [0 0 1 0 0 0 1 0 0 1 0 0 0 0 1 1 1 0 1 0 0 0 0 1 1 0 0 0 1 1 0 0]
     Bob       --> [0 0 1 0 0 1 1 0 1 1 0 0 1 0 1 1 1 0 1 0 0 0 0 1 1 0 0 0 1 1 0 0]   | Precisión: 0.91 | Hamming: 3
     Eve       --> [0 0 1 0 0 1 1 0 0 1 0 1 1 0 1 1 1 1 1 0 0 0 1 1 1 0 0 0 1 1 0 0]   | Precisión: 0.84 | Hamming: 5
------------------------------------------------------------
[6] Original  --> [1 0 0 1 1 0 1 0 1 1 0 0 1 0 0 1 1 0 0 1 0 0 1 1 1 1 1 0 0 1 0 0]
     Bob       --> [1 0 0 1 1 0 1 0 1 1 0 0 0 0 0 1 1 0 0 1 1 0 1 1 1 1 1 0 0 1 1 0]   | Precisión: 0.91 | Hamming: 3
     Eve       --> [1 0 0 1 1 0 1 0 1 1 0 0 0 0 0 1 1 0 0 1 0 0 1 1 1 1 1 0 0 1 1 0]   | Precisión: 0.94 | Hamming: 2
------------------------------------------------------------
[7] Original  --> [1 0 1 0 1 0 0 0 0 1 1 0 0 0 0 1 0 0 1 1 0 1 0 1 0 0 1 1 0 0 0 0]
     Bob       --> [1 0 0 0 1 1 0 0 1 1 1 0 0 0 0 1 0 0 1 1 0 1 0 1 0 0 1 1 0 0 1 0]   | Precisión: 0.88 | Hamming: 4
     Eve       --> [1 0 1 0 1 1 0 0 1 1 1 0 0 0 0 1 0 0 1 1 0 1 0 1 0 0 1 1 0 0 1 0]   | Precisión: 0.91 | Hamming: 3
------------------------------------------------------------
[8] Original  --> [0 0 1 1 1 1 0 1 1 0 1 1 0 0 0 1 1 1 0 0 0 1 1 1 0 1 0 0 0 1 0 0]
     Bob       --> [0 0 1 1 1 1 0 1 0 0 1 1 0 0 0 1 1 1 1 0 0 1 1 1 0 1 0 0 0 1 0 0]   | Precisión: 0.94 | Hamming: 2
     Eve       --> [0 0 1 1 1 1 1 1 0 0 1 1 0 0 0 1 1 1 1 0 0 1 1 1 0 1 0 0 0 1 0 0]   | Precisión: 0.91 | Hamming: 3
------------------------------------------------------------
[9] Original  --> [1 0 0 1 1 0 0 0 1 0 1 0 1 1 0 1 1 1 0 0 1 0 1 0 0 0 0 1 1 0 0 1]
     Bob       --> [1 0 0 1 0 0 0 0 0 0 1 0 1 0 0 1 1 1 0 0 1 1 1 0 0 0 0 1 1 0 1 1]   | Precisión: 0.84 | Hamming: 5
     Eve       --> [1 0 0 1 0 0 0 0 0 0 1 0 0 1 0 1 1 1 0 0 1 0 1 0 0 0 0 1 1 0 0 1]   | Precisión: 0.91 | Hamming: 3
------------------------------------------------------------
[10] Original  --> [0 0 1 1 1 1 1 1 1 1 1 1 1 1 0 1 0 0 0 0 1 1 1 0 1 1 1 0 1 1 1 0]
     Bob       --> [0 0 1 1 0 1 1 1 1 1 1 1 1 1 0 1 0 0 0 0 1 1 0 0 1 1 1 0 1 1 1 0]   | Precisión: 0.94 | Hamming: 2
     Eve       --> [0 0 1 1 0 1 1 1 1 1 1 1 1 1 0 1 0 0 0 1 1 1 1 0 1 1 1 0 1 1 1 0]   | Precisión: 0.94 | Hamming: 2
------------------------------------------------------------

RESULTADOS FINALES

Bob -> Precisión media: 0.9370 | Hamming media: 2.02
Eve -> Precisión media: 0.9199 | Hamming media: 2.56
Bob -> Perfectas: 1247 | Eve -> Perfectas: 665

EVALUACIÓN CON CLAVES ERRÓNEAS PARA BOB

[1] Bob (clave errada) --> [0 0 0 0 0 0 0 0 0 0 0 0 0 0 0 0 0 0 0 0 0 0 0 0 0 0 0 0 0 0 0 0] | Precisión: 0.50 | Hamming: 16
------------------------------------------------------------
[2] Bob (clave errada) --> [0 0 0 0 0 0 0 0 0 0 0 0 0 0 0 0 0 0 0 0 0 0 0 0 0 0 0 0 0 0 0 0] | Precisión: 0.53 | Hamming: 15
------------------------------------------------------------
[3] Bob (clave errada) --> [0 0 0 0 0 0 0 0 0 0 0 0 0 0 0 0 0 0 0 0 0 0 0 0 0 0 0 0 0 0 0 0] | Precisión: 0.53 | Hamming: 15
------------------------------------------------------------
[4] Bob (clave errada) --> [0 0 0 0 0 0 0 0 0 0 0 0 0 0 0 0 0 0 0 0 0 0 0 0 0 0 0 0 0 0 0 0] | Precisión: 0.41 | Hamming: 19
------------------------------------------------------------
[5] Bob (clave errada) --> [0 0 0 0 0 0 0 0 0 0 0 0 0 0 0 0 0 0 0 0 0 0 0 0 0 0 0 0 0 0 0 0] | Precisión: 0.66 | Hamming: 11
------------------------------------------------------------
[6] Bob (clave errada) --> [0 0 0 0 0 0 0 0 0 0 0 0 0 0 0 0 0 0 0 0 0 0 0 0 0 0 0 0 0 0 0 0] | Precisión: 0.50 | Hamming: 16
------------------------------------------------------------
[7] Bob (clave errada) --> [0 0 0 0 0 0 0 0 0 0 0 0 0 0 0 0 0 0 0 0 0 0 0 0 0 0 0 0 0 0 0 0] | Precisión: 0.62 | Hamming: 12
------------------------------------------------------------
[8] Bob (clave errada) --> [0 0 0 0 0 0 0 0 0 0 0 0 0 0 0 0 0 0 0 0 0 0 0 0 0 0 0 0 0 0 0 0] | Precisión: 0.50 | Hamming: 16
------------------------------------------------------------
[9] Bob (clave errada) --> [0 0 0 0 0 0 0 0 0 0 0 0 0 0 0 0 0 0 0 0 0 0 0 0 0 0 0 0 0 0 0 0] | Precisión: 0.53 | Hamming: 15
------------------------------------------------------------
[10] Bob (clave errada) --> [0 0 0 0 0 0 0 0 0 0 0 0 0 0 0 0 0 0 0 0 0 0 0 0 0 0 0 0 0 0 0 0] | Precisión: 0.31 | Hamming: 22
------------------------------------------------------------

RESULTADOS CON CLAVES ERRÓNEAS

Bob -> Precisión media (clave errada): 0.5191 | Hamming media: 15.39

EVALUACIÓN CON 4500:

[1] Original  --> [0 0 1 1 1 0 1 1 0 1 1 1 0 1 0 0 1 1 1 0 1 0 1 1 0 0 0 0 0 0 1 0]
     Bob       --> [0 0 1 1 1 0 1 1 0 1 1 1 0 1 1 0 1 1 1 0 1 0 1 1 0 0 0 0 0 0 1 0]   | Precisión: 0.97 | Hamming: 1
     Eve       --> [0 0 1 1 1 0 1 1 0 0 1 1 0 1 1 0 1 0 1 0 1 0 1 1 1 0 0 0 0 0 1 1]   | Precisión: 0.84 | Hamming: 5
------------------------------------------------------------
[2] Original  --> [0 1 0 0 0 1 0 1 1 0 0 1 0 1 1 0 0 1 1 0 1 1 0 1 0 0 0 0 1 1 0 0]
     Bob       --> [0 1 0 0 0 1 0 1 1 0 0 1 0 1 0 0 0 1 0 0 1 1 0 0 0 0 0 0 1 1 0 0]   | Precisión: 0.91 | Hamming: 3
     Eve       --> [0 1 0 0 0 1 0 1 1 0 0 1 0 1 0 1 0 1 1 0 1 1 0 0 1 0 0 0 1 1 0 0]   | Precisión: 0.88 | Hamming: 4
------------------------------------------------------------
[3] Original  --> [1 0 0 0 0 1 0 0 0 0 1 0 1 1 1 0 1 0 1 0 0 0 1 0 1 1 1 1 1 1 1 1]
     Bob       --> [1 0 0 0 0 1 0 0 1 0 1 0 1 1 0 0 1 0 1 0 0 0 1 0 1 1 1 1 1 1 1 1]   | Precisión: 0.94 | Hamming: 2
     Eve       --> [1 0 0 0 0 1 0 1 1 0 1 0 1 1 0 0 1 0 1 0 0 0 1 0 1 1 1 1 1 1 1 1]   | Precisión: 0.91 | Hamming: 3
------------------------------------------------------------
[4] Original  --> [1 0 0 1 0 0 0 0 1 0 1 0 0 1 0 0 0 1 0 1 0 1 1 0 1 1 0 0 0 1 0 1]
     Bob       --> [1 0 0 1 0 0 0 1 1 0 1 0 0 1 0 0 0 0 0 1 0 1 1 0 0 1 0 0 0 1 0 1]   | Precisión: 0.91 | Hamming: 3
     Eve       --> [1 0 0 1 0 0 0 1 1 0 1 0 0 1 0 0 0 0 0 1 0 1 1 0 0 1 0 0 0 1 0 1]   | Precisión: 0.91 | Hamming: 3
------------------------------------------------------------
[5] Original  --> [1 0 1 0 1 1 1 0 1 1 0 0 1 0 1 0 0 0 0 0 0 0 0 1 0 0 1 1 0 0 1 1]
     Bob       --> [1 0 1 0 1 0 1 0 1 1 0 0 1 0 0 0 0 0 0 0 0 0 0 1 1 0 1 1 1 0 1 1]   | Precisión: 0.88 | Hamming: 4
     Eve       --> [1 0 1 0 1 0 1 0 1 1 0 0 1 0 0 0 0 0 1 0 0 0 0 1 1 0 1 1 1 0 1 1]   | Precisión: 0.84 | Hamming: 5
------------------------------------------------------------
[6] Original  --> [0 1 0 0 0 0 0 1 0 1 0 1 0 1 1 1 1 1 0 1 0 0 1 1 0 0 0 0 0 0 1 1]
     Bob       --> [0 1 0 0 0 0 0 1 0 1 0 1 0 0 0 1 1 1 0 1 0 0 1 0 1 0 0 0 0 0 1 1]   | Precisión: 0.88 | Hamming: 4
     Eve       --> [0 1 0 0 0 0 0 1 0 1 0 1 0 1 0 1 1 1 0 1 0 0 1 0 1 0 0 0 0 0 1 1]   | Precisión: 0.91 | Hamming: 3
------------------------------------------------------------
[7] Original  --> [1 1 1 0 1 0 0 1 1 0 1 1 0 1 0 1 0 0 1 1 1 0 0 0 0 1 1 1 1 1 0 0]
     Bob       --> [1 1 1 0 1 0 0 1 1 0 1 1 0 1 0 1 0 0 1 1 1 0 0 0 1 1 1 1 1 1 0 0]   | Precisión: 0.97 | Hamming: 1
     Eve       --> [1 1 1 0 1 0 0 1 1 0 1 1 0 1 0 1 0 0 1 1 1 0 0 0 1 1 1 1 1 1 0 0]   | Precisión: 0.97 | Hamming: 1
------------------------------------------------------------
[8] Original  --> [0 0 1 0 0 1 1 0 0 1 0 0 1 0 0 0 1 1 0 1 1 0 1 0 1 1 1 1 1 1 1 0]
     Bob       --> [0 0 0 0 0 1 1 0 0 1 0 0 1 0 0 0 1 1 0 1 1 0 0 0 0 1 1 1 1 1 1 0]   | Precisión: 0.91 | Hamming: 3
     Eve       --> [0 0 1 0 0 1 1 0 0 1 0 0 1 0 0 0 1 1 0 1 0 0 1 0 1 0 1 1 1 1 0 0]   | Precisión: 0.91 | Hamming: 3
------------------------------------------------------------
[9] Original  --> [1 0 1 1 0 1 0 1 0 1 1 1 0 1 1 0 1 1 1 0 0 0 1 1 1 1 0 1 0 1 1 0]
     Bob       --> [1 0 1 1 0 1 0 1 0 1 1 1 0 1 0 0 1 1 1 0 0 0 1 1 1 1 0 1 0 1 1 0]   | Precisión: 0.97 | Hamming: 1
     Eve       --> [1 0 1 1 0 1 0 1 0 1 1 1 0 1 0 0 1 0 1 0 0 0 1 1 1 1 0 1 0 1 1 0]   | Precisión: 0.94 | Hamming: 2
------------------------------------------------------------
[10] Original  --> [0 0 1 1 1 1 1 1 0 0 0 1 0 1 0 1 1 1 0 0 1 0 0 0 1 0 1 1 0 0 1 0]
     Bob       --> [0 0 1 1 1 1 1 1 0 0 0 1 0 1 0 1 1 1 1 1 1 0 0 0 1 0 1 1 0 0 0 0]   | Precisión: 0.91 | Hamming: 3
     Eve       --> [0 0 1 1 1 1 1 1 0 0 0 1 0 1 0 0 1 1 1 1 1 1 0 1 1 0 1 1 1 0 1 0]   | Precisión: 0.81 | Hamming: 6
------------------------------------------------------------

RESULTADOS FINALES

Bob -> Precisión media: 0.9402 | Hamming media: 1.91
Eve -> Precisión media: 0.9250 | Hamming media: 2.40
Bob -> Perfectas: 1464 | Eve -> Perfectas: 889

EVALUACIÓN CON CLAVES ERRÓNEAS PARA BOB

[1] Bob (clave errada) --> [0 0 0 0 0 0 0 0 0 0 0 0 0 0 0 0 0 0 0 0 0 0 0 0 0 0 0 0 0 0 0 0] | Precisión: 0.50 | Hamming: 16
------------------------------------------------------------
[2] Bob (clave errada) --> [0 0 0 0 0 0 0 0 0 0 0 0 0 0 0 0 0 0 0 0 0 0 0 0 0 0 0 0 0 0 0 0] | Precisión: 0.56 | Hamming: 14
------------------------------------------------------------
[3] Bob (clave errada) --> [0 0 0 0 0 0 0 0 0 0 0 0 0 0 0 0 0 0 0 0 0 0 0 0 0 0 0 0 0 0 0 0] | Precisión: 0.47 | Hamming: 17
------------------------------------------------------------
[4] Bob (clave errada) --> [0 0 0 0 0 0 0 0 0 0 0 0 0 0 0 0 0 0 0 0 0 0 0 0 0 0 0 0 0 0 0 0] | Precisión: 0.59 | Hamming: 13
------------------------------------------------------------
[5] Bob (clave errada) --> [0 0 0 0 0 0 0 0 0 0 0 0 0 0 0 0 0 0 0 0 0 0 0 0 0 0 0 0 0 0 0 0] | Precisión: 0.56 | Hamming: 14
------------------------------------------------------------
[6] Bob (clave errada) --> [0 0 0 0 0 0 0 0 0 0 0 0 0 0 0 0 0 0 0 0 0 0 0 0 0 0 0 0 0 0 0 0] | Precisión: 0.56 | Hamming: 14
------------------------------------------------------------
[7] Bob (clave errada) --> [0 0 0 0 0 0 0 0 0 0 0 0 0 0 0 0 0 0 0 0 0 0 0 0 0 0 0 0 0 0 0 0] | Precisión: 0.44 | Hamming: 18
------------------------------------------------------------
[8] Bob (clave errada) --> [0 0 0 0 0 0 0 0 0 0 0 0 0 0 0 0 0 0 0 0 0 0 0 0 0 0 0 0 0 0 0 0] | Precisión: 0.47 | Hamming: 17
------------------------------------------------------------
[9] Bob (clave errada) --> [0 0 0 0 0 0 0 0 0 0 0 0 0 0 0 0 0 0 0 0 0 0 0 0 0 0 0 0 0 0 0 0] | Precisión: 0.38 | Hamming: 20
------------------------------------------------------------
[10] Bob (clave errada) --> [0 0 0 0 0 0 0 0 0 0 0 0 0 0 0 0 0 0 0 0 0 0 0 0 0 0 0 0 0 0 0 0] | Precisión: 0.50 | Hamming: 16
------------------------------------------------------------

RESULTADOS CON CLAVES ERRÓNEAS

Bob -> Precisión media (clave errada): 0.5312 | Hamming media: 15.00

EVALUACIÓN CON 5000:

[1] Original  --> [0 0 0 1 1 0 1 1 1 1 1 1 0 1 1 1 1 1 0 0 1 0 0 0 1 0 1 1 1 1 1 1]
     Bob       --> [0 0 0 1 1 0 1 0 1 1 1 1 0 1 1 1 1 1 0 0 1 0 0 0 1 0 1 1 1 1 1 1]   | Precisión: 0.97 | Hamming: 1
     Eve       --> [0 0 0 0 1 0 1 0 1 1 1 1 0 1 1 0 1 1 0 0 1 0 0 0 1 0 1 1 1 0 1 1]   | Precisión: 0.88 | Hamming: 4
------------------------------------------------------------
[2] Original  --> [0 0 0 1 1 1 1 0 1 0 0 0 0 0 1 0 1 0 0 0 0 1 0 0 1 1 1 0 1 0 1 1]
     Bob       --> [0 0 0 1 1 1 1 0 1 0 0 0 0 0 1 0 1 0 0 0 0 1 0 0 1 1 1 0 1 0 1 1]   | Precisión: 1.00 | Hamming: 0
     Eve       --> [0 0 0 1 1 1 1 0 1 0 0 0 0 0 1 0 1 0 0 0 0 1 0 0 1 1 1 0 1 0 1 1]   | Precisión: 1.00 | Hamming: 0
------------------------------------------------------------
[3] Original  --> [1 1 0 0 0 0 1 0 1 0 1 0 1 0 1 0 1 1 0 1 0 1 0 1 1 1 1 0 1 1 1 1]
     Bob       --> [0 1 0 0 0 0 1 0 1 0 1 0 1 0 1 0 1 1 0 1 0 1 0 1 1 1 1 0 1 1 1 1]   | Precisión: 0.97 | Hamming: 1
     Eve       --> [1 1 0 0 0 0 1 0 1 0 1 0 1 0 1 1 1 1 0 1 0 1 0 1 1 1 1 0 1 1 1 1]   | Precisión: 0.97 | Hamming: 1
------------------------------------------------------------
[4] Original  --> [1 1 0 1 1 1 1 0 1 1 0 1 0 1 1 1 0 1 0 0 0 0 0 1 1 0 1 0 1 1 1 0]
     Bob       --> [1 1 0 1 1 1 1 0 1 1 1 1 0 1 0 1 1 1 0 0 0 1 0 1 1 0 1 0 1 1 1 0]   | Precisión: 0.88 | Hamming: 4
     Eve       --> [1 1 0 1 1 1 1 0 1 1 0 1 0 1 0 1 1 1 0 0 0 1 0 0 1 0 1 0 1 1 1 0]   | Precisión: 0.88 | Hamming: 4
------------------------------------------------------------
[5] Original  --> [1 0 1 1 1 0 0 1 0 1 1 0 1 1 0 1 1 1 1 0 0 0 1 0 0 1 1 1 1 0 1 0]
     Bob       --> [1 0 1 1 1 0 1 1 0 1 1 0 1 1 0 1 1 1 1 0 0 0 1 0 0 1 1 1 1 0 1 0]   | Precisión: 0.97 | Hamming: 1
     Eve       --> [1 0 1 1 1 0 1 1 0 1 1 0 1 1 0 1 0 1 1 0 0 0 1 0 0 1 1 1 1 0 1 0]   | Precisión: 0.94 | Hamming: 2
------------------------------------------------------------
[6] Original  --> [0 1 1 1 0 1 0 0 1 1 1 1 0 1 1 1 1 0 0 0 0 1 0 0 1 1 1 0 0 1 0 1]
     Bob       --> [0 1 1 1 0 1 1 0 1 0 1 1 0 1 1 1 1 1 0 0 0 1 0 0 1 1 1 1 0 1 0 1]   | Precisión: 0.88 | Hamming: 4
     Eve       --> [0 1 1 1 0 1 1 0 1 1 1 1 0 1 1 1 0 0 0 0 0 1 0 0 1 1 1 0 0 1 0 1]   | Precisión: 0.94 | Hamming: 2
------------------------------------------------------------
[7] Original  --> [0 1 1 0 1 1 1 1 0 0 1 1 1 0 0 1 0 0 0 1 0 0 0 0 1 1 0 0 1 0 0 0]
     Bob       --> [1 1 1 0 1 1 1 1 0 0 1 1 1 0 0 1 0 0 0 1 0 0 0 0 1 1 0 0 1 0 0 1]   | Precisión: 0.94 | Hamming: 2
     Eve       --> [1 1 1 0 1 1 1 1 0 0 1 1 1 0 0 1 0 0 0 0 0 0 0 0 1 1 0 0 1 0 0 1]   | Precisión: 0.91 | Hamming: 3
------------------------------------------------------------
[8] Original  --> [1 1 1 0 0 1 1 0 1 0 1 0 0 1 1 1 0 1 1 0 0 0 1 0 0 0 0 0 0 1 0 1]
     Bob       --> [1 1 1 0 0 1 1 0 1 0 1 0 0 1 1 1 0 1 1 0 0 0 1 0 0 0 0 0 0 1 0 1]   | Precisión: 1.00 | Hamming: 0
     Eve       --> [0 1 1 0 0 1 1 0 1 0 1 0 0 1 1 1 0 1 1 0 0 0 1 0 0 0 0 0 0 1 0 1]   | Precisión: 0.97 | Hamming: 1
------------------------------------------------------------
[9] Original  --> [0 0 0 1 1 1 1 1 1 0 1 1 0 0 1 1 1 1 0 1 1 0 0 0 0 1 1 1 0 1 0 1]
     Bob       --> [0 0 0 1 1 1 1 1 1 0 1 1 0 0 1 1 1 1 0 1 1 0 0 0 0 1 1 1 0 1 0 1]   | Precisión: 1.00 | Hamming: 0
     Eve       --> [0 0 0 1 1 1 1 1 1 0 1 1 0 0 1 1 1 1 0 1 1 0 0 0 0 1 1 1 0 1 0 1]   | Precisión: 1.00 | Hamming: 0
------------------------------------------------------------
[10] Original  --> [1 1 1 0 1 0 1 1 1 0 0 0 1 1 1 0 1 0 1 1 0 0 0 1 0 0 0 1 0 1 0 1]
     Bob       --> [0 0 1 0 1 0 1 1 1 0 0 0 1 1 1 0 1 0 1 0 0 1 1 1 0 1 0 1 0 1 0 1]   | Precisión: 0.81 | Hamming: 6
     Eve       --> [0 0 1 0 1 1 1 1 1 0 0 0 1 1 1 0 1 0 1 0 0 1 1 1 0 0 0 0 0 1 0 1]   | Precisión: 0.78 | Hamming: 7
------------------------------------------------------------

RESULTADOS FINALES

Bob -> Precisión media: 0.9539 | Hamming media: 1.48
Eve -> Precisión media: 0.9400 | Hamming media: 1.92
Bob -> Perfectas: 2336 | Eve -> Perfectas: 1571

EVALUACIÓN CON CLAVES ERRÓNEAS PARA BOB

[1] Bob (clave errada) --> [0 0 0 0 0 0 0 0 0 0 0 0 0 0 0 0 0 0 0 0 0 0 0 0 0 0 0 0 0 0 0 0] | Precisión: 0.34 | Hamming: 21
------------------------------------------------------------
[2] Bob (clave errada) --> [0 0 0 0 0 0 0 0 0 0 0 0 0 0 0 0 0 0 0 0 0 0 0 0 0 0 0 0 0 0 0 0] | Precisión: 0.56 | Hamming: 14
------------------------------------------------------------
[3] Bob (clave errada) --> [0 0 0 0 0 0 0 0 0 0 0 0 0 0 0 0 0 0 0 0 0 0 0 0 0 0 0 0 0 0 0 0] | Precisión: 0.41 | Hamming: 19
------------------------------------------------------------
[4] Bob (clave errada) --> [0 0 0 0 0 0 0 0 0 0 0 0 0 0 0 0 0 0 0 0 0 0 0 0 0 0 0 0 0 0 0 0] | Precisión: 0.41 | Hamming: 19
------------------------------------------------------------
[5] Bob (clave errada) --> [0 0 0 0 0 0 0 0 0 0 0 0 0 0 0 0 0 0 0 0 0 0 0 0 0 0 0 0 0 0 0 0] | Precisión: 0.41 | Hamming: 19
------------------------------------------------------------
[6] Bob (clave errada) --> [0 0 0 0 0 0 0 0 0 0 0 0 0 0 0 0 0 0 0 0 0 0 0 0 0 0 0 0 0 0 0 0] | Precisión: 0.44 | Hamming: 18
------------------------------------------------------------
[7] Bob (clave errada) --> [0 0 0 0 0 0 0 0 0 0 0 0 0 0 0 0 0 0 0 0 0 0 0 0 0 0 0 0 0 0 0 0] | Precisión: 0.56 | Hamming: 14
------------------------------------------------------------
[8] Bob (clave errada) --> [0 0 0 0 0 0 0 0 0 0 0 0 0 0 0 0 0 0 0 0 0 0 0 0 0 0 0 0 0 0 0 0] | Precisión: 0.53 | Hamming: 15
------------------------------------------------------------
[9] Bob (clave errada) --> [0 0 0 0 0 0 0 0 0 0 0 0 0 0 0 0 0 0 0 0 0 0 0 0 0 0 0 0 0 0 0 0] | Precisión: 0.41 | Hamming: 19
------------------------------------------------------------
[10] Bob (clave errada) --> [0 0 0 0 0 0 0 0 0 0 0 0 0 0 0 0 0 0 0 0 0 0 0 0 0 0 0 0 0 0 0 0] | Precisión: 0.47 | Hamming: 17
------------------------------------------------------------

RESULTADOS CON CLAVES ERRÓNEAS

Bob -> Precisión media (clave errada): 0.5228 | Hamming media: 15.27

EVALUACIÓN CON 5500:

[1] Original  --> [1 1 0 0 1 0 1 1 1 0 0 0 0 1 0 1 1 1 0 1 0 0 0 1 1 1 0 0 1 0 0 1]
     Bob       --> [1 1 0 0 0 0 1 1 1 0 0 1 0 1 0 1 1 1 0 1 0 0 0 1 1 1 0 0 0 0 0 1]   | Precisión: 0.91 | Hamming: 3
     Eve       --> [1 1 0 1 1 0 1 1 1 0 0 1 0 1 0 1 1 1 0 1 0 0 0 1 0 1 0 0 0 0 0 1]   | Precisión: 0.88 | Hamming: 4
------------------------------------------------------------
[2] Original  --> [0 1 0 1 0 1 0 0 0 1 1 0 1 1 1 1 1 1 1 1 1 0 0 1 0 0 0 1 1 0 1 1]
     Bob       --> [0 1 0 1 0 1 0 0 0 1 1 1 1 1 1 1 1 1 1 1 1 0 0 1 1 0 0 1 1 0 1 1]   | Precisión: 0.94 | Hamming: 2
     Eve       --> [0 1 0 1 0 1 0 0 0 1 0 1 1 1 1 1 1 1 1 1 1 0 0 1 0 0 0 1 1 0 1 1]   | Precisión: 0.94 | Hamming: 2
------------------------------------------------------------
[3] Original  --> [1 0 0 0 0 1 0 1 1 0 0 1 1 1 0 0 1 0 1 1 0 0 0 0 0 1 1 0 1 1 1 1]
     Bob       --> [1 0 0 0 0 1 0 1 1 0 1 1 1 1 0 0 1 0 1 1 0 0 0 0 1 1 1 0 1 0 1 1]   | Precisión: 0.91 | Hamming: 3
     Eve       --> [1 0 0 0 0 1 1 1 1 0 1 1 1 1 0 0 1 0 1 1 0 0 0 0 0 1 1 1 1 1 1 1]   | Precisión: 0.91 | Hamming: 3
------------------------------------------------------------
[4] Original  --> [1 1 1 0 1 0 1 1 0 0 0 1 1 1 1 0 0 1 1 0 0 0 0 0 0 1 0 0 0 0 1 0]
     Bob       --> [1 1 1 0 1 0 0 1 0 0 0 0 1 1 1 0 0 1 1 0 0 0 0 0 0 1 0 0 0 0 1 0]   | Precisión: 0.94 | Hamming: 2
     Eve       --> [1 1 1 0 1 0 1 0 0 0 0 0 1 1 1 0 0 1 1 0 0 0 0 0 0 1 0 0 0 0 1 0]   | Precisión: 0.94 | Hamming: 2
------------------------------------------------------------
[5] Original  --> [0 0 1 1 1 1 0 1 1 1 0 0 0 0 0 1 0 1 0 1 1 0 1 1 1 1 1 1 0 0 0 1]
     Bob       --> [0 0 1 1 1 1 1 1 1 1 0 0 0 0 0 1 0 1 0 1 1 0 1 1 1 1 1 1 0 0 0 1]   | Precisión: 0.97 | Hamming: 1
     Eve       --> [0 0 1 1 1 1 1 1 1 1 0 0 0 0 0 1 0 1 0 1 1 0 1 1 0 1 1 0 0 0 0 1]   | Precisión: 0.91 | Hamming: 3
------------------------------------------------------------
[6] Original  --> [0 0 0 0 1 0 1 1 0 0 0 1 0 1 1 1 0 0 0 1 0 0 0 0 1 0 0 1 1 1 0 0]
     Bob       --> [0 0 0 0 1 0 0 1 0 0 0 1 0 1 1 1 0 0 0 1 0 0 0 0 1 0 0 1 1 1 0 0]   | Precisión: 0.97 | Hamming: 1
     Eve       --> [0 0 0 0 1 0 1 1 0 0 0 1 0 1 1 1 0 0 0 1 0 0 0 0 0 0 0 1 1 1 0 0]   | Precisión: 0.97 | Hamming: 1
------------------------------------------------------------
[7] Original  --> [1 0 1 1 1 0 0 1 0 1 1 0 0 0 1 1 0 1 0 0 0 0 0 0 0 1 0 0 1 1 1 1]
     Bob       --> [1 0 1 1 1 0 1 1 0 1 1 1 0 0 1 1 0 1 0 0 0 0 0 0 0 1 0 0 1 1 1 1]   | Precisión: 0.94 | Hamming: 2
     Eve       --> [1 0 1 1 0 0 1 1 0 1 1 0 0 0 1 1 0 1 0 0 0 0 0 0 0 1 0 0 1 1 1 1]   | Precisión: 0.94 | Hamming: 2
------------------------------------------------------------
[8] Original  --> [0 0 1 1 1 1 0 0 0 1 1 0 0 1 1 0 0 1 1 1 0 0 0 1 1 0 1 0 0 1 1 0]
     Bob       --> [0 0 1 1 1 1 0 0 0 1 1 1 0 1 1 0 0 1 1 1 0 0 0 1 1 0 1 0 0 1 1 0]   | Precisión: 0.97 | Hamming: 1
     Eve       --> [0 0 1 1 1 1 0 0 0 1 1 0 0 1 1 0 0 1 1 1 0 0 0 1 0 0 1 0 0 1 1 0]   | Precisión: 0.97 | Hamming: 1
------------------------------------------------------------
[9] Original  --> [0 0 1 1 0 0 0 0 1 1 1 0 0 1 0 0 0 0 0 0 0 0 0 0 0 0 0 0 0 1 0 0]
     Bob       --> [0 0 1 1 0 0 0 0 1 1 0 0 0 1 0 0 0 0 0 0 0 0 0 0 0 0 0 0 0 1 0 0]   | Precisión: 0.97 | Hamming: 1
     Eve       --> [0 0 1 1 0 0 0 0 1 1 0 0 0 1 0 0 0 0 0 0 0 0 0 0 0 0 0 0 0 1 0 1]   | Precisión: 0.94 | Hamming: 2
------------------------------------------------------------
[10] Original  --> [1 0 1 0 0 0 0 1 1 0 0 0 1 1 0 1 1 0 1 0 0 0 1 0 1 0 1 0 0 0 0 1]
     Bob       --> [1 0 1 0 0 0 0 1 1 0 1 0 1 1 0 1 1 0 1 0 0 0 1 0 1 0 1 0 0 0 0 1]   | Precisión: 0.97 | Hamming: 1
     Eve       --> [1 0 1 0 0 0 0 1 1 0 0 1 1 1 0 1 1 0 1 0 0 0 1 0 1 1 1 0 0 0 0 1]   | Precisión: 0.94 | Hamming: 2
------------------------------------------------------------

RESULTADOS FINALES

Bob -> Precisión media: 0.9345 | Hamming media: 2.10
Eve -> Precisión media: 0.9256 | Hamming media: 2.38
Bob -> Perfectas: 891 | Eve -> Perfectas: 731

EVALUACIÓN CON CLAVES ERRÓNEAS PARA BOB

[1] Bob (clave errada) --> [0 0 0 0 0 0 0 0 0 0 0 0 0 0 0 0 0 0 0 0 0 0 0 0 0 0 0 0 0 0 0 0] | Precisión: 0.50 | Hamming: 16
------------------------------------------------------------
[2] Bob (clave errada) --> [0 0 0 0 0 0 0 0 0 0 0 0 0 0 0 0 0 0 0 0 0 0 0 0 0 0 0 0 0 0 0 0] | Precisión: 0.41 | Hamming: 19
------------------------------------------------------------
[3] Bob (clave errada) --> [0 0 0 0 0 0 0 0 0 0 0 0 0 0 0 0 0 0 0 0 0 0 0 0 0 0 0 0 0 0 0 0] | Precisión: 0.50 | Hamming: 16
------------------------------------------------------------
[4] Bob (clave errada) --> [0 0 0 0 0 0 0 0 0 0 0 0 0 0 0 0 0 0 0 0 0 0 0 0 0 0 0 0 0 0 0 0] | Precisión: 0.56 | Hamming: 14
------------------------------------------------------------
[5] Bob (clave errada) --> [0 0 0 0 0 0 0 0 0 0 0 0 0 0 0 0 0 0 0 0 0 0 0 0 0 0 0 0 0 0 0 0] | Precisión: 0.44 | Hamming: 18
------------------------------------------------------------
[6] Bob (clave errada) --> [0 0 0 0 0 0 0 0 0 0 0 0 0 0 0 0 0 0 0 0 0 0 0 0 0 0 0 0 0 0 0 0] | Precisión: 0.62 | Hamming: 12
------------------------------------------------------------
[7] Bob (clave errada) --> [0 0 0 0 0 0 0 0 0 0 0 0 0 0 0 0 0 0 0 0 0 0 0 0 0 0 0 0 0 0 0 0] | Precisión: 0.53 | Hamming: 15
------------------------------------------------------------
[8] Bob (clave errada) --> [0 0 0 0 0 0 0 0 0 0 0 0 0 0 0 0 0 0 0 0 0 0 0 0 0 0 0 0 0 0 0 0] | Precisión: 0.50 | Hamming: 16
------------------------------------------------------------
[9] Bob (clave errada) --> [0 0 0 0 0 0 0 0 0 0 0 0 0 0 0 0 0 0 0 0 0 0 0 0 0 0 0 0 0 0 0 0] | Precisión: 0.78 | Hamming: 7
------------------------------------------------------------
[10] Bob (clave errada) --> [0 0 0 0 0 0 0 0 0 0 0 0 0 0 0 0 0 0 0 0 0 0 0 0 0 0 0 0 0 0 0 0] | Precisión: 0.59 | Hamming: 13
------------------------------------------------------------

RESULTADOS CON CLAVES ERRÓNEAS

Bob -> Precisión media (clave errada): 0.5092 | Hamming media: 15.70

EVALUACIÓN CON 6000:

[1] Original  --> [0 1 1 0 1 0 1 0 1 1 0 1 1 1 1 1 0 0 1 0 1 1 0 0 0 0 0 0 1 1 0 0]
     Bob       --> [0 1 1 0 1 0 1 0 1 1 0 0 1 1 1 1 0 0 1 0 1 1 0 0 0 0 0 0 1 1 0 1]   | Precisión: 0.94 | Hamming: 2
     Eve       --> [0 1 1 0 1 0 1 0 1 1 0 0 1 1 1 1 0 0 1 0 1 1 0 0 0 0 0 1 1 1 0 1]   | Precisión: 0.91 | Hamming: 3
------------------------------------------------------------
[2] Original  --> [1 1 0 0 1 0 0 1 0 1 1 0 1 0 1 1 0 0 1 1 1 0 1 0 1 0 1 0 1 0 0 1]
     Bob       --> [1 1 0 0 1 0 0 1 0 1 1 1 1 0 1 1 0 0 1 1 1 0 1 0 1 0 1 0 1 0 0 1]   | Precisión: 0.97 | Hamming: 1
     Eve       --> [1 1 0 0 1 0 0 1 0 0 1 1 1 0 1 1 0 0 1 1 1 0 1 0 1 0 0 0 1 0 0 1]   | Precisión: 0.91 | Hamming: 3
------------------------------------------------------------
[3] Original  --> [1 1 0 1 0 0 1 1 0 0 1 0 1 0 1 1 0 0 0 1 0 0 1 0 0 1 1 0 0 1 1 1]
     Bob       --> [1 1 0 1 0 0 1 1 0 0 1 0 1 0 1 1 0 0 0 1 0 0 1 0 0 1 1 0 0 1 1 0]   | Precisión: 0.97 | Hamming: 1
     Eve       --> [1 1 0 1 0 0 1 1 0 0 0 0 1 0 1 1 0 0 0 1 0 0 1 0 0 1 1 0 0 1 1 0]   | Precisión: 0.94 | Hamming: 2
------------------------------------------------------------
[4] Original  --> [0 1 0 1 0 1 0 1 0 0 1 1 1 0 1 1 0 1 0 1 0 1 1 0 1 0 0 0 1 0 0 1]
     Bob       --> [0 1 0 1 0 1 0 1 0 0 1 1 1 0 1 1 0 1 0 1 0 1 1 0 1 0 0 0 1 0 0 0]   | Precisión: 0.97 | Hamming: 1
     Eve       --> [0 1 0 1 0 1 0 1 0 0 1 1 1 0 1 1 0 1 0 1 0 1 1 0 1 0 0 0 1 0 0 1]   | Precisión: 1.00 | Hamming: 0
------------------------------------------------------------
[5] Original  --> [1 0 0 1 0 1 0 1 0 1 1 0 1 0 1 1 0 1 0 0 0 0 1 0 1 1 0 0 0 1 1 0]
     Bob       --> [1 0 0 1 0 1 0 1 0 1 1 0 1 0 1 1 0 1 0 0 0 0 1 0 1 1 0 1 0 1 1 0]   | Precisión: 0.97 | Hamming: 1
     Eve       --> [1 0 0 1 0 1 1 1 0 1 1 0 1 0 1 1 0 1 0 0 0 0 1 0 1 1 0 0 0 1 1 1]   | Precisión: 0.94 | Hamming: 2
------------------------------------------------------------
[6] Original  --> [0 1 0 0 1 0 0 1 1 0 1 1 1 0 0 0 0 0 1 1 1 0 1 0 0 0 0 0 0 0 1 0]
     Bob       --> [0 1 0 0 1 0 0 1 1 0 1 1 1 0 0 0 0 0 1 1 1 0 1 0 0 0 0 0 0 0 1 0]   | Precisión: 1.00 | Hamming: 0
     Eve       --> [0 1 0 0 1 0 0 1 1 0 1 1 1 0 0 0 0 0 1 1 1 0 0 0 0 0 0 0 0 0 0 1]   | Precisión: 0.91 | Hamming: 3
------------------------------------------------------------
[7] Original  --> [1 0 0 1 0 0 0 1 0 1 0 1 1 1 0 0 1 0 1 0 0 0 0 0 0 0 1 1 0 1 0 0]
     Bob       --> [1 0 0 1 0 0 0 1 0 1 0 0 1 1 0 0 1 0 0 0 0 0 0 0 0 0 1 1 0 1 0 0]   | Precisión: 0.94 | Hamming: 2
     Eve       --> [1 0 1 1 0 0 0 1 0 1 0 0 1 1 0 0 1 0 1 0 0 0 0 0 0 0 1 1 0 1 0 1]   | Precisión: 0.91 | Hamming: 3
------------------------------------------------------------
[8] Original  --> [0 0 0 1 0 0 0 0 0 0 0 0 1 1 1 1 1 0 0 1 1 0 0 0 1 1 1 0 0 1 0 1]
     Bob       --> [0 0 0 1 0 0 0 0 0 0 0 0 1 1 1 1 1 0 0 1 1 0 0 0 1 1 1 1 0 1 0 0]   | Precisión: 0.94 | Hamming: 2
     Eve       --> [0 0 0 1 0 0 0 0 0 0 0 0 1 1 1 1 1 0 0 1 1 0 0 0 1 1 1 1 0 1 0 0]   | Precisión: 0.94 | Hamming: 2
------------------------------------------------------------
[9] Original  --> [1 0 0 1 1 1 1 0 0 0 0 0 0 0 1 1 0 0 1 1 0 1 1 1 1 0 0 0 0 0 0 0]
     Bob       --> [1 0 0 1 1 1 1 0 0 0 0 0 0 0 1 1 0 0 0 1 0 1 1 1 1 0 0 0 0 0 0 0]   | Precisión: 0.97 | Hamming: 1
     Eve       --> [1 0 0 1 1 1 1 0 0 0 0 0 0 0 1 1 0 0 0 1 0 1 1 1 1 0 0 0 0 0 0 1]   | Precisión: 0.94 | Hamming: 2
------------------------------------------------------------
[10] Original  --> [1 1 0 1 0 1 0 0 1 1 0 1 0 0 0 1 0 0 1 1 1 1 1 1 0 0 0 0 1 0 0 1]
     Bob       --> [1 1 0 1 0 1 0 0 1 1 1 0 0 0 0 1 0 0 1 1 1 1 1 1 0 0 0 0 1 0 0 1]   | Precisión: 0.94 | Hamming: 2
     Eve       --> [1 1 0 1 0 1 0 0 1 1 1 0 0 0 0 1 0 0 1 1 1 1 1 1 0 0 0 0 1 0 0 1]   | Precisión: 0.94 | Hamming: 2
------------------------------------------------------------

RESULTADOS FINALES

Bob -> Precisión media: 0.9536 | Hamming media: 1.48
Eve -> Precisión media: 0.9380 | Hamming media: 1.98
Bob -> Perfectas: 2031 | Eve -> Perfectas: 1160

EVALUACIÓN CON CLAVES ERRÓNEAS PARA BOB

[1] Bob (clave errada) --> [0 0 0 0 0 0 0 0 0 0 0 0 0 0 0 0 0 0 0 0 0 0 0 0 0 0 0 0 0 0 0 0] | Precisión: 0.50 | Hamming: 16
------------------------------------------------------------
[2] Bob (clave errada) --> [0 0 0 0 0 0 0 0 0 0 0 0 0 0 0 0 0 0 0 0 0 0 0 0 0 0 0 0 0 0 0 0] | Precisión: 0.47 | Hamming: 17
------------------------------------------------------------
[3] Bob (clave errada) --> [1 1 0 1 0 0 1 1 0 0 0 0 1 0 1 1 0 0 0 1 0 0 1 0 0 0 1 0 0 1 1 0] | Precisión: 0.91 | Hamming: 3
------------------------------------------------------------
[4] Bob (clave errada) --> [0 0 0 0 0 0 0 0 0 0 0 0 0 0 0 0 0 0 0 0 0 0 0 0 0 0 0 0 0 0 0 0] | Precisión: 0.50 | Hamming: 16
------------------------------------------------------------
[5] Bob (clave errada) --> [0 0 0 0 0 0 0 0 0 0 0 0 0 0 0 0 0 0 0 0 0 0 0 0 0 0 0 0 0 0 0 0] | Precisión: 0.53 | Hamming: 15
------------------------------------------------------------
[6] Bob (clave errada) --> [0 0 0 0 0 0 0 0 0 0 0 0 0 0 0 0 0 0 0 0 0 0 0 0 0 0 0 0 0 0 0 0] | Precisión: 0.62 | Hamming: 12
------------------------------------------------------------
[7] Bob (clave errada) --> [0 0 0 0 0 0 0 0 0 0 0 0 0 0 0 0 0 0 0 0 0 0 0 0 0 0 0 0 0 0 0 0] | Precisión: 0.62 | Hamming: 12
------------------------------------------------------------
[8] Bob (clave errada) --> [0 0 0 0 0 0 0 0 0 0 0 0 0 0 0 0 0 0 0 0 0 0 0 0 0 0 0 0 0 0 0 0] | Precisión: 0.59 | Hamming: 13
------------------------------------------------------------
[9] Bob (clave errada) --> [0 0 0 0 0 0 0 0 0 0 0 0 0 0 0 0 0 0 0 0 0 0 0 0 0 0 0 0 0 0 0 0] | Precisión: 0.59 | Hamming: 13
------------------------------------------------------------
[10] Bob (clave errada) --> [0 0 0 0 0 0 0 0 0 0 0 0 0 0 0 0 0 0 0 0 0 0 0 0 0 0 0 0 0 0 0 0] | Precisión: 0.50 | Hamming: 16
------------------------------------------------------------

RESULTADOS CON CLAVES ERRÓNEAS

Bob -> Precisión media (clave errada): 0.5169 | Hamming media: 15.46

Tiempo total de ejecución (s) = 8310.763011932373
Tiempo total de ejecución (mins) = 138.51271686553955