-- RESULTADOS DEL EXPERIMENTO 2.2. --

Número de mensajes = 10000
Número de bits = 32
Tamaño del batch = 128
Adam optimizer learning rate = 0.001
Epochs totales = 6000
Epochs iniciales = 500
beta = 2.0
gamma = 7.0

EVALUACIÓN CON 500:

[1] Original  --> [0 0 1 0 1 1 1 1 0 0 1 0 0 1 0 1 1 1 0 0 1 1 1 1 1 1 1 0 0 1 0 0]
     Bob       --> [0 0 0 0 0 0 0 0 0 0 1 0 0 0 0 1 0 0 0 0 1 0 0 0 0 1 1 1 0 1 0 0]   | Precisión: 0.59 | Hamming: 13
     Eve       --> [0 0 1 0 1 0 1 0 0 0 0 1 0 1 0 1 1 1 0 0 1 1 0 1 0 1 1 1 1 1 0 0]   | Precisión: 0.75 | Hamming: 8
------------------------------------------------------------
[2] Original  --> [0 0 0 0 1 0 0 0 1 1 1 1 1 1 1 1 0 1 0 1 0 0 1 0 1 1 1 0 1 0 0 0]
     Bob       --> [0 0 0 0 0 0 0 0 0 0 0 0 0 0 0 0 0 0 0 1 0 0 0 0 1 1 1 0 0 0 0 0]   | Precisión: 0.62 | Hamming: 12
     Eve       --> [0 0 0 0 1 1 1 0 0 0 0 1 0 1 0 0 0 1 1 1 0 0 0 0 1 1 1 0 0 0 0 0]   | Precisión: 0.66 | Hamming: 11
------------------------------------------------------------
[3] Original  --> [1 0 0 1 0 0 0 0 0 1 0 1 1 1 0 1 1 0 1 0 0 1 0 1 1 1 0 0 0 0 1 0]
     Bob       --> [1 0 0 1 0 0 0 0 1 1 0 0 1 1 0 0 1 0 1 0 0 0 1 0 1 0 0 0 0 0 0 0]   | Precisión: 0.75 | Hamming: 8
     Eve       --> [1 1 0 1 0 0 1 0 1 1 0 1 1 1 1 1 1 0 1 0 0 1 1 0 1 0 0 0 0 1 0 0]   | Precisión: 0.72 | Hamming: 9
------------------------------------------------------------
[4] Original  --> [0 1 1 0 0 1 0 1 0 0 0 0 0 1 1 0 0 1 1 1 0 1 0 0 1 1 0 0 1 1 1 0]
     Bob       --> [0 0 1 0 0 0 0 1 0 0 1 0 0 0 0 0 0 0 1 0 0 0 0 0 0 1 0 0 1 1 1 0]   | Precisión: 0.72 | Hamming: 9
     Eve       --> [0 1 1 0 0 1 0 0 1 0 0 1 0 1 1 0 0 1 1 0 0 0 1 0 0 1 1 0 1 1 1 0]   | Precisión: 0.75 | Hamming: 8
------------------------------------------------------------
[5] Original  --> [1 1 0 1 0 0 1 0 1 0 0 0 0 1 0 1 0 0 0 1 0 1 1 0 0 1 0 0 0 0 0 0]
     Bob       --> [1 0 0 1 0 0 1 0 1 0 0 0 0 1 0 0 0 0 0 1 0 1 1 0 0 1 0 0 0 0 0 0]   | Precisión: 0.94 | Hamming: 2
     Eve       --> [1 1 0 0 0 0 1 0 1 0 0 0 0 1 0 0 0 0 0 1 0 1 1 0 0 1 0 0 0 0 0 0]   | Precisión: 0.94 | Hamming: 2
------------------------------------------------------------
[6] Original  --> [1 1 0 1 1 0 0 1 1 1 1 1 1 0 0 0 1 1 0 1 0 0 0 1 0 0 0 1 0 1 0 1]
     Bob       --> [1 1 0 1 0 1 0 0 0 0 0 1 1 0 0 0 0 0 0 0 0 0 0 1 0 0 0 0 0 0 0 1]   | Precisión: 0.66 | Hamming: 11
     Eve       --> [1 1 0 1 0 1 1 0 0 0 1 1 1 0 1 0 1 1 0 1 0 0 1 1 1 0 0 1 0 0 0 1]   | Precisión: 0.69 | Hamming: 10
------------------------------------------------------------
[7] Original  --> [0 1 1 0 1 0 0 1 0 0 0 0 0 0 1 1 1 1 0 1 0 0 1 1 1 0 1 0 1 0 1 1]
     Bob       --> [0 0 1 0 0 1 0 1 0 0 0 0 0 0 0 0 0 1 0 0 0 0 0 1 0 0 1 1 0 0 0 0]   | Precisión: 0.59 | Hamming: 13
     Eve       --> [0 1 1 0 1 1 0 1 0 0 0 1 0 0 1 1 1 1 0 0 0 0 1 0 1 0 1 1 1 0 0 1]   | Precisión: 0.81 | Hamming: 6
------------------------------------------------------------
[8] Original  --> [0 1 0 1 1 1 1 1 1 0 1 1 0 0 1 1 1 1 0 1 1 0 0 1 1 0 0 0 1 0 0 0]
     Bob       --> [0 1 0 0 0 1 0 1 0 0 1 0 0 0 0 0 0 0 1 0 1 0 0 1 1 0 0 1 0 0 0 0]   | Precisión: 0.59 | Hamming: 13
     Eve       --> [0 1 0 0 1 1 1 1 1 0 1 1 0 0 1 0 0 1 1 1 1 1 1 1 1 0 0 1 0 0 0 0]   | Precisión: 0.75 | Hamming: 8
------------------------------------------------------------
[9] Original  --> [1 0 0 1 0 0 0 0 0 0 0 1 0 1 1 1 1 0 0 0 1 0 0 1 0 0 0 1 1 0 1 0]
     Bob       --> [1 0 0 0 0 0 0 0 0 0 0 0 0 1 0 0 1 0 0 0 0 0 0 0 0 0 0 1 0 0 0 0]   | Precisión: 0.75 | Hamming: 8
     Eve       --> [1 1 1 0 0 0 1 0 0 0 0 1 0 1 1 1 1 0 0 0 1 0 1 0 0 0 1 1 1 1 1 0]   | Precisión: 0.75 | Hamming: 8
------------------------------------------------------------
[10] Original  --> [0 1 0 1 1 1 0 1 0 0 1 0 0 0 1 1 0 0 0 0 0 0 0 0 0 1 1 1 0 0 1 1]
     Bob       --> [0 0 0 0 0 0 0 1 0 0 0 0 0 0 0 0 0 0 0 0 0 0 0 0 0 1 0 0 0 0 1 0]   | Precisión: 0.69 | Hamming: 10
     Eve       --> [0 1 1 0 1 1 1 1 0 0 1 1 0 0 1 1 0 0 0 0 0 0 0 0 0 1 1 1 1 0 1 1]   | Precisión: 0.84 | Hamming: 5
------------------------------------------------------------

RESULTADOS FINALES

Bob -> Precisión media: 0.6638 | Hamming media: 10.76
Eve -> Precisión media: 0.7437 | Hamming media: 8.20
Bob -> Perfectas: 0 | Eve -> Perfectas: 0

EVALUACIÓN CON CLAVES ERRÓNEAS PARA BOB

[1] Bob (clave errada) --> [0 0 0 0 0 0 1 1 0 0 0 0 0 1 0 1 0 0 0 1 1 0 0 1 1 1 1 1 0 0 0 0] | Precisión: 0.66 | Hamming: 11
------------------------------------------------------------
[2] Bob (clave errada) --> [0 0 0 0 0 0 0 1 0 0 0 0 0 0 0 0 0 1 0 1 0 0 0 0 1 1 1 0 0 0 0 0] | Precisión: 0.62 | Hamming: 12
------------------------------------------------------------
[3] Bob (clave errada) --> [1 0 0 1 0 0 0 0 1 1 0 0 1 1 0 0 1 0 0 0 0 1 1 0 0 0 0 0 0 0 0 0] | Precisión: 0.72 | Hamming: 9
------------------------------------------------------------
[4] Bob (clave errada) --> [0 0 0 0 0 0 0 1 0 0 1 0 0 0 0 0 0 0 1 0 0 0 0 0 0 1 1 0 1 0 1 0] | Precisión: 0.62 | Hamming: 12
------------------------------------------------------------
[5] Bob (clave errada) --> [1 0 0 1 0 0 1 0 1 0 0 0 0 1 0 0 0 0 0 1 1 1 1 0 0 1 0 0 0 0 0 0] | Precisión: 0.91 | Hamming: 3
------------------------------------------------------------
[6] Bob (clave errada) --> [1 0 0 1 0 0 0 0 0 1 0 1 1 0 0 0 0 0 0 0 0 0 0 0 1 0 0 0 0 0 0 1] | Precisión: 0.62 | Hamming: 12
------------------------------------------------------------
[7] Bob (clave errada) --> [0 0 1 0 0 1 0 1 0 0 0 0 0 0 0 1 0 1 0 0 0 0 0 1 0 0 1 1 1 0 0 0] | Precisión: 0.66 | Hamming: 11
------------------------------------------------------------
[8] Bob (clave errada) --> [0 0 0 0 1 1 0 1 1 0 1 0 0 0 0 0 0 0 0 1 1 0 0 1 1 0 0 0 0 0 0 0] | Precisión: 0.72 | Hamming: 9
------------------------------------------------------------
[9] Bob (clave errada) --> [1 0 0 0 0 0 0 0 0 0 0 0 0 1 0 0 1 0 0 1 0 0 0 0 0 0 0 1 0 0 0 0] | Precisión: 0.72 | Hamming: 9
------------------------------------------------------------
[10] Bob (clave errada) --> [0 0 0 0 0 0 0 1 0 0 0 0 0 0 0 0 0 0 0 0 0 0 0 0 0 1 0 0 0 0 1 0] | Precisión: 0.69 | Hamming: 10
------------------------------------------------------------

RESULTADOS CON CLAVES ERRÓNEAS

Bob -> Precisión media (clave errada): 0.6539 | Hamming media: 11.08

EVALUACIÓN CON 1000:

[1] Original  --> [0 0 1 0 1 0 1 1 0 1 0 1 0 1 0 1 0 0 1 0 0 0 1 0 0 1 0 0 0 1 0 1]
     Bob       --> [0 0 0 0 1 1 1 0 0 0 0 0 0 1 0 0 0 0 1 0 0 0 0 1 1 0 0 0 0 0 0 0]   | Precisión: 0.62 | Hamming: 12
     Eve       --> [0 1 1 0 1 1 1 1 0 0 0 1 0 1 1 0 0 0 1 0 0 0 1 1 1 1 0 0 0 1 0 1]   | Precisión: 0.78 | Hamming: 7
------------------------------------------------------------
[2] Original  --> [1 0 1 1 1 0 1 1 0 1 1 1 0 1 0 1 0 1 0 1 0 0 1 1 0 1 0 1 0 0 0 0]
     Bob       --> [0 1 1 0 0 0 0 0 0 0 1 0 0 0 0 0 0 1 0 0 0 0 1 1 0 1 1 0 0 0 0 0]   | Precisión: 0.59 | Hamming: 13
     Eve       --> [0 1 1 1 1 1 1 1 0 0 1 0 0 0 1 1 0 1 0 1 0 0 1 0 0 0 1 0 0 0 0 0]   | Precisión: 0.66 | Hamming: 11
------------------------------------------------------------
[3] Original  --> [0 0 1 0 0 0 0 1 0 1 0 1 1 1 1 0 0 0 0 1 1 0 1 0 1 1 0 1 1 0 1 0]
     Bob       --> [0 0 0 0 0 0 0 0 0 0 0 1 0 0 1 0 0 0 0 1 1 0 1 0 0 0 0 1 0 1 1 0]   | Precisión: 0.72 | Hamming: 9
     Eve       --> [0 0 1 0 0 0 0 1 0 1 0 1 1 0 1 0 0 0 0 1 0 1 1 0 1 0 0 1 1 1 1 1]   | Precisión: 0.81 | Hamming: 6
------------------------------------------------------------
[4] Original  --> [1 1 1 1 0 1 0 1 1 1 1 0 0 0 1 0 0 1 1 0 1 1 0 1 0 1 1 0 1 0 1 0]
     Bob       --> [0 0 0 0 0 0 0 0 1 0 0 0 0 0 0 0 0 1 0 0 0 0 0 0 0 0 1 0 0 0 0 0]   | Precisión: 0.50 | Hamming: 16
     Eve       --> [0 1 1 1 1 0 0 0 1 0 1 0 0 1 1 1 0 1 1 0 0 0 0 0 0 0 1 0 0 0 0 0]   | Precisión: 0.59 | Hamming: 13
------------------------------------------------------------
[5] Original  --> [1 1 1 0 1 0 0 1 1 1 1 1 1 0 0 0 1 1 1 1 1 0 1 1 0 1 0 0 0 0 0 0]
     Bob       --> [1 0 0 0 0 0 0 1 0 0 1 0 1 0 0 0 1 1 0 0 0 0 0 0 0 1 0 0 0 0 0 0]   | Precisión: 0.66 | Hamming: 11
     Eve       --> [0 1 1 0 1 0 0 1 1 0 1 1 1 0 0 0 1 1 1 0 0 0 0 1 1 1 0 0 0 0 0 0]   | Precisión: 0.81 | Hamming: 6
------------------------------------------------------------
[6] Original  --> [0 0 0 1 1 0 1 0 0 1 0 0 1 0 0 0 0 1 0 0 1 1 0 1 1 1 0 0 0 1 0 0]
     Bob       --> [0 0 0 0 0 1 0 0 0 0 0 0 0 0 0 0 0 0 0 0 0 0 0 0 0 1 0 0 0 0 0 0]   | Precisión: 0.62 | Hamming: 12
     Eve       --> [0 0 1 1 1 1 0 0 1 0 1 0 1 1 0 0 0 1 1 0 0 1 1 0 1 0 1 0 0 1 0 0]   | Precisión: 0.59 | Hamming: 13
------------------------------------------------------------
[7] Original  --> [0 0 1 0 0 0 0 0 1 0 1 1 0 1 1 1 1 0 0 0 1 1 0 1 1 0 1 0 1 1 0 1]
     Bob       --> [0 0 0 1 0 0 0 0 1 0 0 0 0 1 0 1 1 0 0 0 0 1 0 0 0 0 1 0 1 0 1 0]   | Precisión: 0.66 | Hamming: 11
     Eve       --> [0 0 1 1 0 0 0 0 1 0 0 1 0 1 1 0 0 1 1 1 0 1 1 0 1 0 1 0 0 0 0 1]   | Precisión: 0.62 | Hamming: 12
------------------------------------------------------------
[8] Original  --> [1 1 0 1 1 0 1 1 0 0 0 0 0 0 0 1 1 1 1 0 0 0 1 0 0 1 1 1 0 0 0 1]
     Bob       --> [1 1 0 0 0 0 0 0 0 0 0 0 0 0 0 1 0 1 0 0 0 0 1 1 0 0 0 0 0 0 0 1]   | Precisión: 0.69 | Hamming: 10
     Eve       --> [1 1 1 1 1 0 0 0 1 0 0 0 1 0 0 1 0 1 1 0 0 0 1 1 1 0 1 0 0 0 0 0]   | Precisión: 0.66 | Hamming: 11
------------------------------------------------------------
[9] Original  --> [0 1 0 0 1 0 1 1 0 1 1 1 1 1 1 1 1 0 1 1 0 1 1 0 0 1 1 1 1 1 1 0]
     Bob       --> [0 0 0 0 0 0 0 0 0 1 1 1 0 0 0 0 1 0 0 1 1 0 0 0 0 0 0 1 1 1 1 0]   | Precisión: 0.56 | Hamming: 14
     Eve       --> [0 0 0 0 1 0 0 1 1 1 1 1 1 1 1 0 1 0 1 1 0 1 1 0 1 1 0 1 0 1 1 0]   | Precisión: 0.78 | Hamming: 7
------------------------------------------------------------
[10] Original  --> [1 0 1 1 1 1 0 0 1 0 1 0 0 1 1 0 0 0 1 1 1 0 0 1 0 0 0 0 0 0 0 1]
     Bob       --> [0 0 0 1 0 1 1 0 0 0 0 0 0 1 0 0 0 0 1 0 0 0 0 0 0 0 1 0 0 0 0 0]   | Precisión: 0.62 | Hamming: 12
     Eve       --> [0 0 1 1 1 1 1 0 1 0 0 0 0 1 1 0 0 0 1 0 0 0 1 0 1 0 1 0 0 1 0 1]   | Precisión: 0.69 | Hamming: 10
------------------------------------------------------------

RESULTADOS FINALES

Bob -> Precisión media: 0.6473 | Hamming media: 11.29
Eve -> Precisión media: 0.6914 | Hamming media: 9.87
Bob -> Perfectas: 0 | Eve -> Perfectas: 0

EVALUACIÓN CON CLAVES ERRÓNEAS PARA BOB

[1] Bob (clave errada) --> [0 0 1 0 0 1 0 0 0 0 0 0 0 0 0 1 0 0 1 0 0 0 0 0 0 0 0 0 0 0 0 0] | Precisión: 0.66 | Hamming: 11
------------------------------------------------------------
[2] Bob (clave errada) --> [0 1 1 0 0 1 0 0 0 0 0 0 0 0 0 0 0 1 0 0 0 0 0 1 0 1 1 0 0 0 0 0] | Precisión: 0.50 | Hamming: 16
------------------------------------------------------------
[3] Bob (clave errada) --> [0 0 0 0 0 0 0 0 0 0 0 1 0 0 1 0 0 0 0 1 1 1 0 0 0 0 0 1 0 1 1 0] | Precisión: 0.66 | Hamming: 11
------------------------------------------------------------
[4] Bob (clave errada) --> [0 1 0 1 0 0 0 0 1 0 1 0 0 0 0 0 0 1 0 0 0 0 0 0 0 0 0 0 0 0 0 0] | Precisión: 0.56 | Hamming: 14
------------------------------------------------------------
[5] Bob (clave errada) --> [0 0 0 0 0 0 0 1 1 0 1 0 1 0 0 0 0 1 0 0 0 0 0 1 0 1 0 0 0 0 0 0] | Precisión: 0.66 | Hamming: 11
------------------------------------------------------------
[6] Bob (clave errada) --> [0 0 0 1 0 0 0 0 1 0 0 0 0 1 0 0 0 1 0 0 1 0 0 0 0 0 0 0 0 0 0 1] | Precisión: 0.62 | Hamming: 12
------------------------------------------------------------
[7] Bob (clave errada) --> [0 0 0 1 0 0 0 0 1 0 1 0 0 1 0 0 0 0 1 0 0 0 0 0 0 0 1 0 1 0 0 0] | Precisión: 0.59 | Hamming: 13
------------------------------------------------------------
[8] Bob (clave errada) --> [1 1 0 0 0 0 0 0 0 0 0 0 0 0 0 1 0 1 0 0 0 0 1 1 0 0 0 0 0 0 0 1] | Precisión: 0.69 | Hamming: 10
------------------------------------------------------------
[9] Bob (clave errada) --> [0 0 0 0 0 0 0 0 0 1 0 1 0 0 0 0 1 0 0 1 1 0 0 0 0 0 0 0 1 1 1 0] | Precisión: 0.50 | Hamming: 16
------------------------------------------------------------
[10] Bob (clave errada) --> [0 0 0 1 0 1 1 0 0 0 0 0 0 1 0 0 0 0 1 0 0 0 0 0 0 0 1 0 0 0 0 0] | Precisión: 0.62 | Hamming: 12
------------------------------------------------------------

RESULTADOS CON CLAVES ERRÓNEAS

Bob -> Precisión media (clave errada): 0.6359 | Hamming media: 11.65

EVALUACIÓN CON 1500:

[1] Original  --> [0 0 0 0 0 1 1 0 0 0 1 0 0 1 0 0 1 1 0 0 1 0 0 1 1 0 0 0 0 1 1 1]
     Bob       --> [0 0 0 0 0 1 1 0 0 0 1 0 0 1 0 0 1 1 0 0 1 0 0 1 1 0 0 0 1 1 1 1]   | Precisión: 0.97 | Hamming: 1
     Eve       --> [0 0 0 0 0 1 1 0 0 0 1 0 0 1 0 0 1 1 0 0 1 1 0 1 1 0 0 0 1 1 1 1]   | Precisión: 0.94 | Hamming: 2
------------------------------------------------------------
[2] Original  --> [0 1 1 0 1 0 1 1 0 1 0 0 0 0 1 0 1 0 1 1 0 1 1 0 1 0 0 0 0 0 0 0]
     Bob       --> [0 1 0 0 1 0 1 1 0 1 0 0 0 0 1 0 1 0 1 1 0 1 1 0 1 0 0 0 0 0 0 0]   | Precisión: 0.97 | Hamming: 1
     Eve       --> [0 1 1 0 1 0 1 1 1 1 0 0 0 0 1 0 1 0 1 1 1 1 1 0 1 0 0 0 0 0 0 0]   | Precisión: 0.94 | Hamming: 2
------------------------------------------------------------
[3] Original  --> [0 1 0 0 1 1 1 0 1 1 0 1 1 0 1 0 0 0 1 0 0 0 0 1 0 0 1 1 1 1 1 0]
     Bob       --> [0 1 0 0 1 1 1 0 1 1 0 1 1 0 0 0 0 0 1 0 0 0 0 1 0 0 1 1 0 1 1 0]   | Precisión: 0.94 | Hamming: 2
     Eve       --> [0 1 0 0 1 1 1 0 1 1 0 1 1 0 1 0 0 0 1 0 0 0 0 1 0 0 1 1 1 1 1 0]   | Precisión: 1.00 | Hamming: 0
------------------------------------------------------------
[4] Original  --> [0 1 1 0 0 1 1 1 1 0 0 1 0 0 0 0 0 1 1 0 1 1 1 1 1 1 1 1 0 1 0 0]
     Bob       --> [0 1 1 0 0 1 1 1 1 1 0 0 0 0 1 0 1 1 1 0 1 1 1 1 1 1 1 1 0 1 0 0]   | Precisión: 0.88 | Hamming: 4
     Eve       --> [0 1 1 0 0 1 1 1 1 1 1 0 0 0 1 0 0 1 1 0 1 1 1 1 1 1 1 1 1 1 0 0]   | Precisión: 0.84 | Hamming: 5
------------------------------------------------------------
[5] Original  --> [0 1 0 1 1 0 1 0 0 0 0 0 1 0 0 0 0 0 1 0 0 0 1 1 1 0 1 1 1 0 1 1]
     Bob       --> [0 0 0 1 1 0 1 0 0 0 0 0 1 0 0 0 0 0 0 0 0 0 1 1 0 0 1 0 0 0 1 1]   | Precisión: 0.84 | Hamming: 5
     Eve       --> [0 1 0 1 1 0 1 0 0 0 1 0 1 0 0 0 0 1 0 0 0 1 1 1 0 0 1 0 1 0 1 1]   | Precisión: 0.81 | Hamming: 6
------------------------------------------------------------
[6] Original  --> [1 0 1 1 0 1 0 0 1 1 0 0 1 0 1 1 0 0 0 1 0 1 0 1 0 1 0 1 0 0 1 1]
     Bob       --> [1 0 1 1 0 1 0 0 1 0 0 0 0 0 1 1 0 0 0 1 0 0 0 1 0 0 0 1 0 0 1 1]   | Precisión: 0.88 | Hamming: 4
     Eve       --> [1 0 1 1 0 1 0 0 1 1 0 0 0 0 1 1 0 0 0 0 0 0 0 1 0 0 0 1 0 0 1 1]   | Precisión: 0.88 | Hamming: 4
------------------------------------------------------------
[7] Original  --> [0 0 1 0 1 1 0 0 1 0 0 0 0 0 0 1 1 1 0 0 1 0 0 1 1 1 1 0 0 0 0 0]
     Bob       --> [0 1 1 0 0 1 0 0 0 0 0 0 0 0 1 1 1 1 0 0 0 0 0 1 1 0 0 0 0 0 0 0]   | Precisión: 0.78 | Hamming: 7
     Eve       --> [0 1 1 0 0 1 0 0 0 0 0 0 0 0 1 1 1 1 0 0 1 0 0 1 1 0 1 0 1 0 0 0]   | Precisión: 0.81 | Hamming: 6
------------------------------------------------------------
[8] Original  --> [1 0 1 0 1 1 1 1 1 1 1 0 0 0 1 1 1 1 1 0 1 0 0 0 0 1 1 1 1 0 0 0]
     Bob       --> [1 0 1 0 0 1 1 1 0 1 1 0 0 0 1 0 1 0 1 0 1 1 0 0 0 1 1 1 0 0 1 0]   | Precisión: 0.78 | Hamming: 7
     Eve       --> [1 0 1 0 1 1 0 1 0 1 1 0 0 0 1 0 0 0 1 0 1 1 0 0 0 1 1 1 1 0 1 0]   | Precisión: 0.78 | Hamming: 7
------------------------------------------------------------
[9] Original  --> [1 1 1 0 0 1 1 1 0 0 1 1 0 0 1 1 0 0 0 0 0 0 0 0 1 0 0 1 1 0 1 0]
     Bob       --> [1 1 1 0 1 1 1 1 0 0 1 0 0 0 0 1 0 0 0 0 0 0 0 0 0 0 0 1 0 0 0 0]   | Precisión: 0.81 | Hamming: 6
     Eve       --> [1 1 1 0 1 1 1 1 0 0 1 1 0 0 0 1 0 0 0 0 1 0 0 0 0 1 0 1 1 0 1 1]   | Precisión: 0.81 | Hamming: 6
------------------------------------------------------------
[10] Original  --> [0 1 1 0 0 1 0 0 0 0 1 1 0 0 1 0 0 1 1 1 1 0 0 0 1 0 1 1 1 1 0 1]
     Bob       --> [0 0 1 0 0 1 0 0 0 0 1 1 0 0 1 0 0 1 1 1 1 1 0 0 0 0 1 1 1 1 0 1]   | Precisión: 0.91 | Hamming: 3
     Eve       --> [0 0 1 0 0 1 0 0 0 0 1 1 0 0 1 0 0 1 1 1 1 0 0 0 0 0 1 1 1 1 0 1]   | Precisión: 0.94 | Hamming: 2
------------------------------------------------------------

RESULTADOS FINALES

Bob -> Precisión media: 0.8977 | Hamming media: 3.27
Eve -> Precisión media: 0.8892 | Hamming media: 3.54
Bob -> Perfectas: 473 | Eve -> Perfectas: 327

EVALUACIÓN CON CLAVES ERRÓNEAS PARA BOB

[1] Bob (clave errada) --> [0 0 0 0 0 0 0 0 0 0 0 0 0 0 0 0 0 0 0 0 0 0 0 0 0 0 0 0 0 0 0 0] | Precisión: 0.62 | Hamming: 12
------------------------------------------------------------
[2] Bob (clave errada) --> [0 0 0 0 0 0 0 0 0 0 0 0 0 0 0 0 0 0 0 0 0 0 0 0 0 0 0 0 0 0 0 0] | Precisión: 0.59 | Hamming: 13
------------------------------------------------------------
[3] Bob (clave errada) --> [0 0 0 0 0 0 0 0 0 0 0 0 0 0 0 0 0 0 0 0 0 0 0 0 0 0 0 0 0 0 0 0] | Precisión: 0.50 | Hamming: 16
------------------------------------------------------------
[4] Bob (clave errada) --> [0 1 0 0 0 0 0 0 0 0 0 0 0 0 0 0 0 1 1 0 0 0 0 1 0 1 0 0 0 1 0 0] | Precisión: 0.62 | Hamming: 12
------------------------------------------------------------
[5] Bob (clave errada) --> [0 0 0 0 0 0 0 0 0 0 0 0 0 0 0 0 0 0 0 0 0 0 0 0 0 0 0 0 0 0 0 0] | Precisión: 0.56 | Hamming: 14
------------------------------------------------------------
[6] Bob (clave errada) --> [0 0 0 0 0 0 0 0 0 0 0 0 0 0 0 0 0 0 0 0 0 0 0 0 0 0 0 0 0 0 0 0] | Precisión: 0.50 | Hamming: 16
------------------------------------------------------------
[7] Bob (clave errada) --> [0 0 0 0 0 0 0 0 0 0 0 0 0 0 0 0 0 0 0 0 0 0 0 0 0 0 0 0 0 0 0 0] | Precisión: 0.62 | Hamming: 12
------------------------------------------------------------
[8] Bob (clave errada) --> [0 0 0 0 0 0 0 0 0 0 0 0 0 0 0 0 0 0 0 0 0 0 0 0 0 0 0 0 0 0 0 0] | Precisión: 0.41 | Hamming: 19
------------------------------------------------------------
[9] Bob (clave errada) --> [0 0 0 0 0 0 0 0 0 0 0 0 0 0 0 0 0 0 0 0 0 0 0 0 0 0 0 0 0 0 0 0] | Precisión: 0.56 | Hamming: 14
------------------------------------------------------------
[10] Bob (clave errada) --> [0 0 0 0 0 0 0 0 0 0 0 0 0 0 0 0 0 0 0 0 0 0 0 0 0 0 0 0 0 0 0 0] | Precisión: 0.50 | Hamming: 16
------------------------------------------------------------

RESULTADOS CON CLAVES ERRÓNEAS

Bob -> Precisión media (clave errada): 0.5348 | Hamming media: 14.89

EVALUACIÓN CON 2000:

[1] Original  --> [0 1 1 1 1 1 0 1 0 1 0 1 1 1 0 1 1 0 1 1 0 1 0 1 1 1 0 1 1 1 0 0]
     Bob       --> [0 0 1 1 1 1 0 1 0 1 0 1 1 1 0 1 1 0 1 1 0 1 1 1 1 1 0 1 1 1 0 0]   | Precisión: 0.94 | Hamming: 2
     Eve       --> [0 0 1 1 1 1 0 1 0 1 0 1 1 1 0 1 1 0 1 1 0 1 1 1 1 1 0 1 1 1 0 0]   | Precisión: 0.94 | Hamming: 2
------------------------------------------------------------
[2] Original  --> [0 0 0 1 1 1 0 1 1 1 1 0 0 0 1 0 1 1 1 0 0 1 0 1 0 1 0 1 0 0 1 0]
     Bob       --> [0 0 0 1 1 0 0 1 1 1 0 0 0 0 1 0 1 1 1 0 1 1 0 1 0 1 0 1 0 0 1 0]   | Precisión: 0.91 | Hamming: 3
     Eve       --> [0 0 0 1 1 0 1 0 1 1 0 0 0 0 1 0 1 1 1 0 1 1 0 1 0 1 0 1 0 0 1 0]   | Precisión: 0.84 | Hamming: 5
------------------------------------------------------------
[3] Original  --> [1 1 0 0 1 0 0 0 0 0 0 0 1 0 0 0 0 1 1 1 0 0 1 1 0 1 0 1 0 0 0 1]
     Bob       --> [1 1 0 0 1 0 0 0 0 0 0 0 1 0 0 0 0 1 1 1 0 0 1 1 0 0 0 0 0 0 0 1]   | Precisión: 0.94 | Hamming: 2
     Eve       --> [1 1 0 0 1 0 0 0 0 0 1 0 1 0 0 0 0 1 1 1 0 1 1 1 0 1 0 1 0 0 1 1]   | Precisión: 0.91 | Hamming: 3
------------------------------------------------------------
[4] Original  --> [0 0 1 1 0 1 0 0 1 0 0 1 1 1 0 0 1 1 0 0 0 0 0 0 1 0 0 1 1 1 0 1]
     Bob       --> [0 0 1 1 0 1 0 0 1 0 0 1 0 1 0 1 0 1 0 0 0 0 0 0 1 0 0 1 1 1 1 1]   | Precisión: 0.88 | Hamming: 4
     Eve       --> [0 0 1 1 0 1 0 0 1 0 0 1 0 1 0 1 0 1 0 0 0 0 0 0 1 0 0 1 1 1 1 0]   | Precisión: 0.84 | Hamming: 5
------------------------------------------------------------
[5] Original  --> [0 1 1 0 0 0 1 1 0 1 1 0 1 0 1 1 1 1 1 0 1 0 0 1 0 0 1 0 1 0 1 0]
     Bob       --> [0 1 1 0 0 0 1 1 0 1 1 0 1 0 1 1 1 1 1 0 1 0 0 1 0 0 1 0 1 0 1 0]   | Precisión: 1.00 | Hamming: 0
     Eve       --> [0 1 1 0 0 0 1 1 0 1 1 0 1 0 1 1 1 1 1 0 1 0 0 1 0 0 1 0 1 0 1 0]   | Precisión: 1.00 | Hamming: 0
------------------------------------------------------------
[6] Original  --> [0 0 1 0 1 0 1 1 1 1 1 0 1 1 1 1 0 1 1 0 0 1 1 1 1 1 1 0 0 0 0 0]
     Bob       --> [0 0 1 0 1 0 1 1 0 1 1 0 1 1 1 0 0 1 1 0 1 1 1 1 1 1 1 0 0 1 0 0]   | Precisión: 0.88 | Hamming: 4
     Eve       --> [0 0 1 0 1 0 1 1 1 1 1 0 1 1 1 1 0 1 1 0 1 1 1 1 1 1 1 0 0 1 0 0]   | Precisión: 0.94 | Hamming: 2
------------------------------------------------------------
[7] Original  --> [1 0 0 0 1 0 1 1 0 1 1 0 1 1 0 0 1 0 0 0 1 1 1 0 1 1 1 0 0 0 1 1]
     Bob       --> [1 0 0 0 1 0 1 1 0 1 0 0 1 1 0 0 1 0 0 0 1 1 1 0 1 1 1 0 0 0 1 1]   | Precisión: 0.97 | Hamming: 1
     Eve       --> [1 0 0 0 1 0 1 1 0 1 0 0 1 1 0 0 1 0 0 0 1 1 1 0 1 1 1 0 0 0 1 1]   | Precisión: 0.97 | Hamming: 1
------------------------------------------------------------
[8] Original  --> [0 1 1 0 1 1 1 1 1 1 0 0 0 0 1 0 1 0 0 1 0 1 1 0 0 0 0 0 0 1 0 1]
     Bob       --> [0 1 1 0 1 1 0 1 1 1 0 0 0 0 1 0 1 0 0 1 1 1 1 0 0 0 0 0 0 1 0 1]   | Precisión: 0.94 | Hamming: 2
     Eve       --> [0 1 1 0 1 1 1 1 1 1 0 0 0 0 1 1 1 0 0 1 1 1 1 0 0 0 0 0 0 1 0 1]   | Precisión: 0.94 | Hamming: 2
------------------------------------------------------------
[9] Original  --> [0 0 0 1 0 1 1 0 0 0 0 0 1 1 0 1 1 0 1 0 1 1 1 1 0 0 0 0 1 0 1 1]
     Bob       --> [0 0 0 1 0 1 0 0 1 1 0 1 1 1 0 0 1 0 1 0 1 1 1 1 0 1 0 0 1 0 1 1]   | Precisión: 0.81 | Hamming: 6
     Eve       --> [0 0 0 1 0 1 0 0 1 1 0 0 1 1 0 0 1 0 1 0 1 0 1 1 0 0 0 0 1 0 1 1]   | Precisión: 0.84 | Hamming: 5
------------------------------------------------------------
[10] Original  --> [1 0 1 1 0 0 0 1 0 1 0 0 1 1 0 0 1 0 1 1 0 1 0 0 0 0 0 1 0 1 1 1]
     Bob       --> [1 0 1 1 0 0 0 1 0 1 0 0 1 1 0 0 1 0 1 1 0 1 0 0 0 0 0 1 0 1 1 1]   | Precisión: 1.00 | Hamming: 0
     Eve       --> [1 0 1 1 0 0 0 1 1 1 0 0 1 1 0 0 1 0 1 1 1 1 0 0 0 0 0 1 0 1 1 1]   | Precisión: 0.94 | Hamming: 2
------------------------------------------------------------

RESULTADOS FINALES

Bob -> Precisión media: 0.9183 | Hamming media: 2.61
Eve -> Precisión media: 0.9112 | Hamming media: 2.84
Bob -> Perfectas: 876 | Eve -> Perfectas: 687

EVALUACIÓN CON CLAVES ERRÓNEAS PARA BOB

[1] Bob (clave errada) --> [0 0 0 0 0 0 0 0 0 0 0 0 0 0 0 0 0 0 0 0 0 0 0 0 0 0 0 0 0 0 0 0] | Precisión: 0.34 | Hamming: 21
------------------------------------------------------------
[2] Bob (clave errada) --> [0 0 0 0 0 0 0 0 0 0 0 0 0 0 0 0 0 0 0 0 0 0 0 0 0 0 0 0 0 0 0 0] | Precisión: 0.50 | Hamming: 16
------------------------------------------------------------
[3] Bob (clave errada) --> [0 0 0 0 0 0 0 0 0 0 0 0 0 0 0 0 0 0 0 0 0 0 0 0 0 0 0 0 0 0 0 0] | Precisión: 0.62 | Hamming: 12
------------------------------------------------------------
[4] Bob (clave errada) --> [0 0 0 0 0 0 0 0 0 0 0 0 0 0 0 0 0 0 0 0 0 0 0 0 0 0 0 0 0 0 0 0] | Precisión: 0.56 | Hamming: 14
------------------------------------------------------------
[5] Bob (clave errada) --> [0 0 0 0 0 0 0 0 0 0 0 0 0 0 0 0 0 0 0 0 0 0 0 0 0 0 0 0 0 0 0 0] | Precisión: 0.47 | Hamming: 17
------------------------------------------------------------
[6] Bob (clave errada) --> [0 0 0 0 0 0 0 0 0 0 0 0 0 0 0 0 0 0 0 0 0 0 0 0 0 0 0 0 0 0 0 0] | Precisión: 0.41 | Hamming: 19
------------------------------------------------------------
[7] Bob (clave errada) --> [0 0 0 0 0 0 0 0 0 0 0 0 0 0 0 0 0 0 0 0 0 0 0 0 0 0 0 0 0 0 0 0] | Precisión: 0.47 | Hamming: 17
------------------------------------------------------------
[8] Bob (clave errada) --> [0 0 0 0 0 0 0 1 0 1 0 0 0 0 0 0 0 0 0 1 0 1 0 0 0 0 0 0 0 0 0 0] | Precisión: 0.66 | Hamming: 11
------------------------------------------------------------
[9] Bob (clave errada) --> [0 0 0 0 0 0 0 0 0 0 0 0 1 0 0 0 0 0 0 0 1 0 1 0 0 0 0 0 0 0 0 0] | Precisión: 0.62 | Hamming: 12
------------------------------------------------------------
[10] Bob (clave errada) --> [0 0 0 0 0 0 0 0 0 0 0 0 0 0 0 0 0 0 0 0 0 0 0 0 0 0 0 0 0 0 0 0] | Precisión: 0.53 | Hamming: 15
------------------------------------------------------------

RESULTADOS CON CLAVES ERRÓNEAS

Bob -> Precisión media (clave errada): 0.5168 | Hamming media: 15.46

EVALUACIÓN CON 2500:

[1] Original  --> [1 0 1 1 0 1 0 0 1 0 0 0 0 1 0 0 1 0 1 1 1 0 1 0 0 0 1 0 0 0 1 0]
     Bob       --> [1 1 1 1 0 1 0 0 1 1 0 0 0 1 1 1 1 0 1 1 1 1 1 1 1 1 1 1 0 1 1 0]   | Precisión: 0.69 | Hamming: 10
     Eve       --> [1 0 1 1 0 1 0 0 1 0 0 0 0 1 0 0 0 0 0 1 1 0 0 0 0 0 1 0 0 1 1 0]   | Precisión: 0.88 | Hamming: 4
------------------------------------------------------------
[2] Original  --> [1 1 0 1 1 1 0 1 0 0 1 0 1 0 0 0 0 0 1 0 1 1 1 1 1 0 0 1 1 1 0 0]
     Bob       --> [1 1 1 1 1 0 0 1 0 0 1 1 1 0 0 0 1 0 1 1 1 1 1 1 1 1 0 1 1 1 0 0]   | Precisión: 0.81 | Hamming: 6
     Eve       --> [1 1 0 0 1 1 0 0 0 0 1 1 0 0 0 0 0 0 1 0 1 1 0 1 0 0 0 0 0 1 0 0]   | Precisión: 0.75 | Hamming: 8
------------------------------------------------------------
[3] Original  --> [0 1 0 1 0 0 1 1 1 1 0 0 1 1 1 0 1 0 0 0 1 0 1 0 0 1 0 0 0 1 0 0]
     Bob       --> [0 1 1 1 0 0 1 1 1 1 0 0 1 1 1 0 1 0 0 1 1 0 1 0 0 1 0 0 0 1 0 0]   | Precisión: 0.94 | Hamming: 2
     Eve       --> [0 1 0 1 0 0 0 1 1 1 0 0 0 1 1 0 0 0 0 0 1 0 0 0 0 1 0 0 0 1 0 0]   | Precisión: 0.88 | Hamming: 4
------------------------------------------------------------
[4] Original  --> [0 0 1 1 0 0 1 1 1 0 1 0 1 1 1 1 0 0 1 0 0 0 1 0 0 0 0 0 0 1 1 0]
     Bob       --> [0 0 1 1 0 0 1 1 1 1 1 1 1 1 1 1 1 0 1 0 0 0 1 0 0 1 1 0 0 1 1 0]   | Precisión: 0.84 | Hamming: 5
     Eve       --> [0 0 1 1 0 1 1 1 1 0 0 1 0 1 1 1 1 0 0 0 0 0 1 0 0 0 0 0 0 1 0 0]   | Precisión: 0.78 | Hamming: 7
------------------------------------------------------------
[5] Original  --> [1 0 1 1 0 1 0 0 0 0 0 1 1 1 0 0 1 1 1 0 0 1 1 0 1 1 0 1 1 1 1 1]
     Bob       --> [1 0 1 1 0 1 0 0 0 0 0 0 1 1 0 0 1 1 1 1 1 0 1 0 1 1 0 1 1 1 1 1]   | Precisión: 0.88 | Hamming: 4
     Eve       --> [1 0 1 1 0 1 0 0 0 0 0 1 1 1 0 0 0 1 0 0 0 0 1 0 1 1 0 1 0 1 0 0]   | Precisión: 0.81 | Hamming: 6
------------------------------------------------------------
[6] Original  --> [1 1 1 1 1 1 0 1 0 0 1 1 0 1 1 1 1 0 1 1 0 1 0 0 0 0 1 1 1 0 0 0]
     Bob       --> [1 1 1 1 1 1 0 1 1 0 0 1 1 1 1 1 1 0 1 1 0 1 1 0 0 0 1 1 1 0 0 0]   | Precisión: 0.88 | Hamming: 4
     Eve       --> [1 1 1 1 1 1 0 0 0 0 0 1 0 1 1 1 0 0 1 1 0 0 0 0 0 0 0 1 1 0 0 0]   | Precisión: 0.84 | Hamming: 5
------------------------------------------------------------
[7] Original  --> [1 0 1 1 0 1 1 1 1 1 1 1 0 1 1 0 0 1 1 0 1 0 1 1 1 1 1 0 1 1 0 1]
     Bob       --> [1 0 1 1 0 1 1 1 1 1 1 1 0 1 1 0 1 1 1 1 1 0 1 1 1 1 1 0 1 1 0 1]   | Precisión: 0.94 | Hamming: 2
     Eve       --> [1 0 1 1 0 1 0 0 1 0 1 0 0 1 1 0 0 0 0 0 1 0 0 1 0 1 0 0 0 1 0 1]   | Precisión: 0.69 | Hamming: 10
------------------------------------------------------------
[8] Original  --> [0 0 0 1 1 0 1 1 0 0 0 0 1 1 1 0 1 0 0 1 1 1 1 1 0 0 1 0 1 0 0 0]
     Bob       --> [1 1 1 1 1 0 1 1 0 0 0 0 1 1 1 0 1 1 0 1 1 1 1 1 0 1 1 0 1 0 0 0]   | Precisión: 0.84 | Hamming: 5
     Eve       --> [0 0 0 1 1 0 0 1 0 0 0 0 0 1 1 0 0 0 0 1 1 0 1 1 0 0 1 0 1 0 0 0]   | Precisión: 0.88 | Hamming: 4
------------------------------------------------------------
[9] Original  --> [0 1 1 0 1 0 1 1 1 0 1 0 0 1 0 1 0 0 0 0 1 0 1 0 0 1 1 0 0 1 1 1]
     Bob       --> [0 1 1 0 0 0 1 1 1 1 0 0 1 1 0 1 1 0 0 0 1 1 1 0 0 1 1 0 0 1 1 1]   | Precisión: 0.81 | Hamming: 6
     Eve       --> [0 1 1 0 0 0 0 1 1 0 0 0 0 1 0 1 1 0 0 0 1 0 1 0 0 0 0 0 0 1 1 1]   | Precisión: 0.81 | Hamming: 6
------------------------------------------------------------
[10] Original  --> [1 0 1 1 0 0 0 0 1 1 1 0 1 0 1 1 0 0 0 0 1 0 1 0 0 1 1 1 0 1 0 0]
     Bob       --> [1 0 1 1 0 0 0 0 1 1 1 1 1 0 1 1 0 0 1 1 1 1 1 0 0 1 1 1 0 1 0 1]   | Precisión: 0.84 | Hamming: 5
     Eve       --> [1 0 1 1 0 0 0 0 1 0 1 1 1 0 1 0 0 0 0 0 1 0 1 0 0 1 1 1 0 1 0 0]   | Precisión: 0.91 | Hamming: 3
------------------------------------------------------------

RESULTADOS FINALES

Bob -> Precisión media: 0.8358 | Hamming media: 5.25
Eve -> Precisión media: 0.8179 | Hamming media: 5.83
Bob -> Perfectas: 47 | Eve -> Perfectas: 32

EVALUACIÓN CON CLAVES ERRÓNEAS PARA BOB

[1] Bob (clave errada) --> [0 0 0 0 0 0 0 0 0 0 0 0 0 0 0 0 0 0 0 0 0 0 0 0 0 0 0 0 0 0 0 0] | Precisión: 0.59 | Hamming: 13
------------------------------------------------------------
[2] Bob (clave errada) --> [1 1 1 1 1 1 0 1 0 1 1 1 1 0 0 0 1 0 1 1 1 1 1 1 1 0 1 1 1 1 0 0] | Precisión: 0.81 | Hamming: 6
------------------------------------------------------------
[3] Bob (clave errada) --> [0 0 0 0 0 0 0 0 0 0 0 0 0 0 0 0 0 0 0 0 0 0 0 0 0 0 0 0 0 0 0 0] | Precisión: 0.56 | Hamming: 14
------------------------------------------------------------
[4] Bob (clave errada) --> [0 1 1 1 0 1 1 1 1 1 1 1 1 1 1 1 1 0 1 1 0 0 1 0 0 1 1 1 1 1 1 0] | Precisión: 0.69 | Hamming: 10
------------------------------------------------------------
[5] Bob (clave errada) --> [1 0 1 1 0 0 0 0 0 0 0 0 0 1 0 0 0 1 0 0 1 0 1 0 1 1 0 0 0 1 1 0] | Precisión: 0.69 | Hamming: 10
------------------------------------------------------------
[6] Bob (clave errada) --> [1 1 1 1 1 1 1 1 1 0 1 1 1 1 1 1 1 0 1 1 0 1 1 1 0 0 1 1 1 0 0 0] | Precisión: 0.84 | Hamming: 5
------------------------------------------------------------
[7] Bob (clave errada) --> [0 0 0 0 0 0 0 0 0 0 0 0 0 0 0 0 0 0 0 0 0 0 0 0 0 0 0 0 0 0 0 0] | Precisión: 0.28 | Hamming: 23
------------------------------------------------------------
[8] Bob (clave errada) --> [0 0 0 0 1 0 1 1 0 0 0 0 0 1 1 0 0 0 0 0 1 1 1 1 0 1 1 0 1 0 0 0] | Precisión: 0.84 | Hamming: 5
------------------------------------------------------------
[9] Bob (clave errada) --> [0 0 0 0 0 0 0 0 0 0 0 0 0 0 0 0 0 0 0 0 0 0 0 0 0 0 0 0 0 0 0 0] | Precisión: 0.50 | Hamming: 16
------------------------------------------------------------
[10] Bob (clave errada) --> [1 0 1 1 0 0 0 0 1 1 1 0 1 0 1 1 0 0 1 1 1 1 1 0 0 1 1 1 0 1 0 1] | Precisión: 0.88 | Hamming: 4
------------------------------------------------------------

RESULTADOS CON CLAVES ERRÓNEAS

Bob -> Precisión media (clave errada): 0.6570 | Hamming media: 10.98

EVALUACIÓN CON 3000:

[1] Original  --> [1 0 1 0 0 0 1 1 0 0 0 1 0 1 0 1 1 1 0 0 1 0 1 0 0 1 0 1 0 1 0 1]
     Bob       --> [1 1 1 0 0 1 1 1 0 0 0 1 0 1 0 1 1 1 0 0 1 0 1 0 0 1 0 0 0 1 1 1]   | Precisión: 0.88 | Hamming: 4
     Eve       --> [0 0 1 0 0 0 1 0 0 0 0 1 0 1 0 1 1 0 0 0 1 0 1 0 0 1 0 0 0 0 0 1]   | Precisión: 0.84 | Hamming: 5
------------------------------------------------------------
[2] Original  --> [0 0 0 0 1 0 0 1 1 1 1 0 0 0 0 1 1 1 0 0 0 1 1 1 0 1 0 0 0 1 1 1]
     Bob       --> [1 0 0 0 1 0 0 1 1 1 1 0 0 0 0 1 1 1 1 1 0 1 1 1 0 1 0 0 0 1 1 1]   | Precisión: 0.91 | Hamming: 3
     Eve       --> [0 0 0 0 1 0 0 0 1 1 1 0 0 0 0 0 0 0 0 0 0 1 1 0 0 0 0 0 0 0 1 0]   | Precisión: 0.75 | Hamming: 8
------------------------------------------------------------
[3] Original  --> [0 0 0 1 1 0 1 1 1 1 1 1 0 0 1 0 1 1 0 1 0 1 1 0 1 1 1 0 1 1 0 0]
     Bob       --> [1 0 0 1 1 1 1 1 1 1 1 1 0 0 1 0 1 1 0 1 0 1 1 0 1 1 1 0 1 1 0 0]   | Precisión: 0.94 | Hamming: 2
     Eve       --> [0 0 0 0 1 0 0 0 1 0 0 1 0 0 0 0 1 0 0 1 0 0 1 0 0 1 1 0 1 0 0 0]   | Precisión: 0.69 | Hamming: 10
------------------------------------------------------------
[4] Original  --> [0 1 0 0 1 0 1 0 1 0 1 1 0 0 0 0 0 1 1 0 1 1 0 0 0 1 1 1 0 1 1 1]
     Bob       --> [1 1 0 0 1 0 1 0 1 0 1 1 0 0 0 0 0 1 1 0 1 1 0 0 0 1 1 1 1 1 1 1]   | Precisión: 0.94 | Hamming: 2
     Eve       --> [0 1 0 0 1 0 0 0 0 0 1 1 0 0 0 0 0 0 1 0 0 1 0 0 0 0 1 0 0 0 1 1]   | Precisión: 0.78 | Hamming: 7
------------------------------------------------------------
[5] Original  --> [1 1 0 1 1 0 0 1 1 1 1 1 0 1 0 1 0 0 0 1 1 1 1 1 0 0 1 0 0 1 0 0]
     Bob       --> [1 1 0 1 1 0 0 1 1 1 1 1 0 1 0 1 0 1 0 1 1 1 1 1 0 0 1 0 0 1 0 0]   | Precisión: 0.97 | Hamming: 1
     Eve       --> [0 0 0 0 0 0 0 0 1 0 1 1 0 0 0 0 0 0 0 0 1 1 1 1 0 0 0 0 0 0 0 0]   | Precisión: 0.66 | Hamming: 11
------------------------------------------------------------
[6] Original  --> [1 1 1 0 0 0 0 1 1 0 0 1 1 0 1 0 0 1 1 0 1 0 0 0 1 1 1 0 1 1 1 1]
     Bob       --> [1 1 1 0 0 0 1 1 1 0 0 1 1 0 1 0 0 1 1 1 1 0 0 0 1 1 1 1 1 1 1 1]   | Precisión: 0.91 | Hamming: 3
     Eve       --> [0 0 1 0 0 0 0 0 1 0 0 1 0 0 0 0 0 0 0 0 0 0 0 0 0 1 1 0 1 0 1 1]   | Precisión: 0.69 | Hamming: 10
------------------------------------------------------------
[7] Original  --> [0 1 1 1 1 0 0 0 1 1 0 0 1 1 0 0 0 0 1 0 0 0 1 0 0 1 0 1 0 0 1 1]
     Bob       --> [1 1 1 1 1 0 0 1 1 1 0 0 1 1 0 0 0 1 1 1 0 1 1 0 0 1 0 1 0 1 1 1]   | Precisión: 0.81 | Hamming: 6
     Eve       --> [0 0 1 0 0 0 0 0 0 1 0 0 0 0 0 0 0 0 1 0 0 1 0 0 0 0 0 1 0 0 1 1]   | Precisión: 0.72 | Hamming: 9
------------------------------------------------------------
[8] Original  --> [0 1 1 1 0 0 0 0 0 0 0 0 1 0 0 1 1 0 0 1 1 1 1 1 0 0 0 1 1 1 0 0]
     Bob       --> [1 1 1 1 0 1 0 0 1 0 0 0 1 1 0 1 1 0 1 1 1 1 1 1 0 0 0 1 1 1 0 0]   | Precisión: 0.84 | Hamming: 5
     Eve       --> [0 1 0 0 0 0 0 0 0 0 0 0 0 0 0 0 1 0 1 1 0 0 1 0 0 0 0 1 0 0 0 0]   | Precisión: 0.69 | Hamming: 10
------------------------------------------------------------
[9] Original  --> [0 0 1 0 0 1 1 0 0 0 1 0 0 0 0 0 1 1 1 1 0 0 0 0 0 1 0 0 1 1 1 1]
     Bob       --> [0 0 1 1 1 1 1 0 0 0 1 0 1 0 0 0 1 1 1 1 0 0 0 0 0 1 0 1 1 1 1 1]   | Precisión: 0.88 | Hamming: 4
     Eve       --> [0 0 0 0 0 0 0 0 0 0 0 0 0 0 0 0 1 0 1 1 0 0 0 0 0 1 0 0 1 0 0 1]   | Precisión: 0.78 | Hamming: 7
------------------------------------------------------------
[10] Original  --> [0 0 1 1 0 1 1 0 1 1 0 1 0 0 0 1 1 0 0 0 0 0 0 1 1 1 0 1 0 0 0 0]
     Bob       --> [0 0 1 1 0 1 1 1 1 1 0 1 0 0 0 1 1 1 0 0 0 0 0 1 1 1 0 0 0 1 0 0]   | Precisión: 0.88 | Hamming: 4
     Eve       --> [0 0 1 0 0 1 0 0 0 1 0 1 0 0 0 0 1 0 1 0 0 0 0 0 0 0 0 0 0 0 0 0]   | Precisión: 0.72 | Hamming: 9
------------------------------------------------------------

RESULTADOS FINALES

Bob -> Precisión media: 0.8733 | Hamming media: 4.05
Eve -> Precisión media: 0.7159 | Hamming media: 9.09
Bob -> Perfectas: 132 | Eve -> Perfectas: 1

EVALUACIÓN CON CLAVES ERRÓNEAS PARA BOB

[1] Bob (clave errada) --> [0 0 0 0 0 0 0 0 0 0 0 0 0 0 0 0 0 0 0 0 0 0 0 0 0 0 0 0 0 0 0 0] | Precisión: 0.53 | Hamming: 15
------------------------------------------------------------
[2] Bob (clave errada) --> [0 0 0 0 0 0 0 0 0 0 0 0 0 0 0 0 0 0 0 0 0 0 0 0 0 0 0 0 0 0 0 0] | Precisión: 0.53 | Hamming: 15
------------------------------------------------------------
[3] Bob (clave errada) --> [0 0 0 0 0 0 0 0 0 0 0 0 0 0 0 0 0 0 0 0 0 0 0 0 0 0 0 0 0 0 0 0] | Precisión: 0.41 | Hamming: 19
------------------------------------------------------------
[4] Bob (clave errada) --> [0 1 0 0 1 0 1 0 1 0 1 1 0 0 0 0 0 0 1 0 1 1 0 1 0 1 1 0 0 1 1 1] | Precisión: 0.91 | Hamming: 3
------------------------------------------------------------
[5] Bob (clave errada) --> [0 0 0 0 0 0 0 0 0 0 0 0 0 0 0 0 0 0 0 0 0 0 0 0 0 0 0 0 0 0 0 0] | Precisión: 0.44 | Hamming: 18
------------------------------------------------------------
[6] Bob (clave errada) --> [0 0 0 0 0 0 0 0 0 0 0 0 0 0 0 0 0 0 0 0 0 0 0 0 0 0 0 0 0 0 0 0] | Precisión: 0.44 | Hamming: 18
------------------------------------------------------------
[7] Bob (clave errada) --> [0 0 0 0 0 0 0 0 0 0 0 0 0 0 0 0 0 0 0 0 0 0 0 0 0 0 0 0 0 0 0 0] | Precisión: 0.56 | Hamming: 14
------------------------------------------------------------
[8] Bob (clave errada) --> [0 1 1 1 0 0 0 0 1 0 0 0 1 0 0 1 1 0 1 1 1 1 1 0 0 0 0 1 1 1 0 0] | Precisión: 0.91 | Hamming: 3
------------------------------------------------------------
[9] Bob (clave errada) --> [0 0 0 0 0 0 0 0 0 0 0 0 0 0 0 0 0 0 0 0 0 0 0 0 0 0 0 0 0 0 0 0] | Precisión: 0.59 | Hamming: 13
------------------------------------------------------------
[10] Bob (clave errada) --> [0 0 0 0 0 0 0 0 0 0 0 0 0 0 0 0 0 0 0 0 0 0 0 0 0 0 0 0 0 0 0 0] | Precisión: 0.59 | Hamming: 13
------------------------------------------------------------

RESULTADOS CON CLAVES ERRÓNEAS

Bob -> Precisión media (clave errada): 0.6094 | Hamming media: 12.50

EVALUACIÓN CON 3500:

[1] Original  --> [1 1 1 1 1 1 1 0 1 1 0 0 0 1 0 1 1 0 1 1 1 0 0 1 0 0 1 1 0 0 1 0]
     Bob       --> [1 1 1 1 1 1 1 0 0 1 0 0 0 1 0 1 1 0 1 1 1 0 0 1 0 0 1 1 0 0 1 0]   | Precisión: 0.97 | Hamming: 1
     Eve       --> [1 1 1 1 1 1 1 0 0 1 0 0 0 1 0 1 1 0 1 1 1 0 0 0 0 0 1 1 0 0 1 0]   | Precisión: 0.94 | Hamming: 2
------------------------------------------------------------
[2] Original  --> [0 0 1 1 1 0 0 1 1 0 0 1 0 1 1 1 1 1 0 1 1 1 0 1 0 0 0 1 0 0 1 0]
     Bob       --> [0 0 1 0 1 0 0 1 0 0 0 1 0 1 0 1 1 1 1 1 1 0 0 1 0 1 0 1 1 0 0 0]   | Precisión: 0.75 | Hamming: 8
     Eve       --> [0 0 1 0 1 0 0 1 0 0 0 1 0 1 0 1 1 1 1 1 1 1 1 1 0 1 0 1 1 0 0 0]   | Precisión: 0.75 | Hamming: 8
------------------------------------------------------------
[3] Original  --> [0 1 1 1 1 1 0 1 0 1 0 1 1 1 0 0 0 0 1 0 0 1 1 1 0 0 0 0 0 1 1 1]
     Bob       --> [0 1 1 1 1 1 0 1 0 1 0 1 1 1 0 0 0 0 1 0 0 1 1 1 0 1 0 0 0 1 1 0]   | Precisión: 0.94 | Hamming: 2
     Eve       --> [0 1 1 1 1 1 0 1 0 1 0 1 1 1 0 0 0 0 1 0 0 1 1 1 0 1 0 0 0 1 1 0]   | Precisión: 0.94 | Hamming: 2
------------------------------------------------------------
[4] Original  --> [0 0 1 1 0 0 1 0 0 1 0 0 1 0 0 1 1 1 1 0 1 0 1 1 1 0 1 0 0 1 1 1]
     Bob       --> [0 0 1 1 0 0 1 0 0 1 0 0 1 0 1 1 1 1 0 0 1 0 1 1 1 0 1 0 0 1 1 1]   | Precisión: 0.94 | Hamming: 2
     Eve       --> [0 0 1 1 0 0 1 0 0 1 0 0 1 0 1 1 1 1 0 0 1 0 1 1 1 0 1 0 0 1 1 1]   | Precisión: 0.94 | Hamming: 2
------------------------------------------------------------
[5] Original  --> [1 0 0 1 1 1 1 1 1 0 1 0 1 0 1 0 0 0 1 1 1 0 0 1 1 1 0 0 1 0 1 0]
     Bob       --> [1 0 0 1 1 1 1 1 1 1 1 0 1 0 1 0 0 0 1 0 1 0 0 1 1 1 0 0 1 0 1 0]   | Precisión: 0.94 | Hamming: 2
     Eve       --> [1 0 0 1 1 1 1 1 1 0 1 0 1 0 1 0 0 0 1 0 1 0 0 1 1 1 0 0 1 0 1 0]   | Precisión: 0.97 | Hamming: 1
------------------------------------------------------------
[6] Original  --> [1 1 1 1 1 0 0 0 1 1 1 0 1 0 1 1 0 0 1 1 0 0 0 0 1 0 1 0 0 1 1 0]
     Bob       --> [1 1 1 1 1 0 0 0 1 1 1 0 1 0 0 1 0 0 0 1 0 0 0 0 1 0 1 0 0 1 1 0]   | Precisión: 0.94 | Hamming: 2
     Eve       --> [1 1 1 1 1 0 0 0 1 1 1 0 1 0 0 1 0 0 0 1 0 0 0 0 1 0 1 0 0 1 1 1]   | Precisión: 0.91 | Hamming: 3
------------------------------------------------------------
[7] Original  --> [0 1 1 1 1 1 1 1 0 1 1 1 1 1 1 1 0 0 0 0 0 1 1 0 1 0 1 0 0 1 1 1]
     Bob       --> [1 1 1 1 1 1 1 1 1 1 1 0 1 1 1 1 0 0 0 0 0 1 1 0 1 1 1 0 0 1 1 1]   | Precisión: 0.88 | Hamming: 4
     Eve       --> [0 1 1 1 1 1 1 1 1 1 1 0 1 1 1 1 0 0 0 0 0 1 1 0 1 0 1 0 0 1 1 1]   | Precisión: 0.94 | Hamming: 2
------------------------------------------------------------
[8] Original  --> [0 1 1 0 1 0 1 0 0 1 1 0 1 1 1 1 1 0 1 1 1 0 1 0 1 1 1 0 1 0 1 0]
     Bob       --> [0 1 1 0 1 0 1 0 1 1 1 0 1 1 1 1 1 0 1 1 1 0 1 0 1 0 1 0 1 0 1 1]   | Precisión: 0.91 | Hamming: 3
     Eve       --> [0 1 1 0 1 0 1 0 1 1 0 0 1 1 1 1 1 0 1 1 1 0 1 0 1 0 1 0 1 0 1 1]   | Precisión: 0.88 | Hamming: 4
------------------------------------------------------------
[9] Original  --> [1 1 1 0 1 0 1 0 1 1 1 0 1 0 1 1 1 1 0 1 0 0 1 1 0 0 1 1 1 0 1 0]
     Bob       --> [1 1 1 0 1 0 1 0 1 1 1 0 1 0 1 1 1 1 0 1 0 0 1 0 0 0 1 1 1 0 1 0]   | Precisión: 0.97 | Hamming: 1
     Eve       --> [1 1 1 0 1 0 1 0 1 1 1 0 1 0 1 1 1 1 0 1 0 0 0 1 0 0 1 1 1 0 1 0]   | Precisión: 0.97 | Hamming: 1
------------------------------------------------------------
[10] Original  --> [1 0 1 1 1 1 1 0 1 1 1 0 1 1 0 1 1 1 0 1 1 1 0 1 1 0 1 1 0 0 1 1]
     Bob       --> [1 0 1 1 1 1 1 0 1 1 1 1 1 1 1 1 1 1 1 1 1 1 0 0 1 1 1 1 1 0 1 1]   | Precisión: 0.81 | Hamming: 6
     Eve       --> [1 0 1 1 1 1 1 0 1 1 1 0 1 1 1 1 1 1 0 1 1 1 0 0 1 0 1 0 0 0 1 1]   | Precisión: 0.91 | Hamming: 3
------------------------------------------------------------

RESULTADOS FINALES

Bob -> Precisión media: 0.9064 | Hamming media: 3.00
Eve -> Precisión media: 0.9016 | Hamming media: 3.15
Bob -> Perfectas: 383 | Eve -> Perfectas: 382

EVALUACIÓN CON CLAVES ERRÓNEAS PARA BOB

[1] Bob (clave errada) --> [0 0 0 0 0 0 0 0 0 0 0 0 0 0 0 0 0 0 0 0 0 0 0 0 0 0 0 0 0 0 0 0] | Precisión: 0.41 | Hamming: 19
------------------------------------------------------------
[2] Bob (clave errada) --> [0 0 0 0 0 0 0 0 0 0 0 0 0 0 0 0 0 0 0 0 0 0 0 0 0 0 0 0 0 0 0 0] | Precisión: 0.47 | Hamming: 17
------------------------------------------------------------
[3] Bob (clave errada) --> [0 0 0 0 0 0 0 0 0 0 0 0 0 0 0 0 0 0 0 0 0 0 0 0 0 0 0 0 0 0 0 0] | Precisión: 0.47 | Hamming: 17
------------------------------------------------------------
[4] Bob (clave errada) --> [0 0 0 0 0 0 0 0 0 0 0 0 0 0 0 0 0 0 0 0 0 0 0 0 0 0 0 0 0 0 0 0] | Precisión: 0.47 | Hamming: 17
------------------------------------------------------------
[5] Bob (clave errada) --> [0 0 0 0 0 0 0 0 0 0 0 0 0 0 0 0 0 0 0 0 0 0 0 0 0 0 0 0 0 0 0 0] | Precisión: 0.44 | Hamming: 18
------------------------------------------------------------
[6] Bob (clave errada) --> [0 0 0 0 0 0 0 0 0 0 0 0 0 0 0 0 0 0 0 0 0 0 0 0 0 0 0 0 0 0 0 0] | Precisión: 0.47 | Hamming: 17
------------------------------------------------------------
[7] Bob (clave errada) --> [0 0 0 0 0 0 0 0 0 0 0 0 0 0 0 0 0 0 0 0 0 0 0 0 0 0 0 0 0 0 0 0] | Precisión: 0.34 | Hamming: 21
------------------------------------------------------------
[8] Bob (clave errada) --> [0 0 0 0 0 0 0 0 0 0 0 0 0 0 0 0 0 0 0 0 0 0 0 0 0 0 0 0 0 0 0 0] | Precisión: 0.38 | Hamming: 20
------------------------------------------------------------
[9] Bob (clave errada) --> [0 0 0 0 0 0 0 0 0 0 0 0 0 0 0 0 0 0 0 0 0 0 0 0 0 0 0 0 0 0 0 0] | Precisión: 0.38 | Hamming: 20
------------------------------------------------------------
[10] Bob (clave errada) --> [0 0 0 0 0 0 0 0 0 0 0 0 0 0 0 0 0 0 0 0 0 0 0 0 0 0 0 0 0 0 0 0] | Precisión: 0.28 | Hamming: 23
------------------------------------------------------------

RESULTADOS CON CLAVES ERRÓNEAS

Bob -> Precisión media (clave errada): 0.5246 | Hamming media: 15.21

EVALUACIÓN CON 4000:

[1] Original  --> [0 0 0 1 0 1 1 0 1 0 0 0 0 1 0 0 1 0 1 0 1 1 0 1 0 0 1 1 0 0 0 0]
     Bob       --> [0 0 1 1 0 0 1 0 1 1 0 0 1 1 0 0 1 0 1 0 1 1 1 1 0 0 1 1 0 0 0 0]   | Precisión: 0.84 | Hamming: 5
     Eve       --> [0 0 0 1 0 0 1 0 1 1 0 0 0 1 0 0 1 0 1 0 1 1 0 1 0 1 1 1 0 0 0 0]   | Precisión: 0.91 | Hamming: 3
------------------------------------------------------------
[2] Original  --> [0 1 0 0 0 0 1 1 0 1 0 0 0 1 1 0 0 0 1 0 0 1 0 0 0 0 1 1 1 0 0 0]
     Bob       --> [0 1 0 0 0 0 1 1 0 0 0 0 0 1 1 0 0 0 1 0 0 1 0 0 0 0 1 1 1 1 0 1]   | Precisión: 0.91 | Hamming: 3
     Eve       --> [0 1 0 0 0 0 1 1 0 1 0 0 0 1 1 0 0 0 1 0 0 1 1 0 0 0 1 1 1 0 0 1]   | Precisión: 0.94 | Hamming: 2
------------------------------------------------------------
[3] Original  --> [0 0 0 1 1 0 1 1 1 0 0 0 1 1 0 1 1 0 1 0 1 0 0 1 0 1 1 1 0 1 1 1]
     Bob       --> [0 0 0 1 1 0 1 1 0 1 0 0 1 1 0 1 1 0 1 0 1 0 1 1 0 1 1 1 0 1 1 0]   | Precisión: 0.88 | Hamming: 4
     Eve       --> [0 0 0 1 1 0 1 1 1 1 0 0 1 1 0 0 1 0 1 0 1 0 0 1 0 1 1 1 0 1 1 0]   | Precisión: 0.91 | Hamming: 3
------------------------------------------------------------
[4] Original  --> [1 1 0 1 1 1 0 0 0 1 0 0 1 0 0 1 0 1 0 1 1 1 0 1 0 1 0 1 0 1 1 1]
     Bob       --> [1 1 0 1 1 1 0 0 0 1 0 0 1 0 0 1 0 1 0 1 1 1 1 1 0 1 0 1 0 1 1 1]   | Precisión: 0.97 | Hamming: 1
     Eve       --> [1 1 0 1 1 1 0 0 0 0 0 0 1 0 0 1 0 1 0 1 1 1 1 1 0 1 0 1 0 0 1 1]   | Precisión: 0.91 | Hamming: 3
------------------------------------------------------------
[5] Original  --> [1 1 1 1 1 0 0 1 1 1 1 1 0 0 1 0 0 0 0 0 1 1 1 0 0 1 1 0 1 1 1 0]
     Bob       --> [1 1 1 1 1 0 0 1 1 1 1 1 0 0 1 0 0 0 0 0 1 1 1 0 0 1 1 0 1 1 1 0]   | Precisión: 1.00 | Hamming: 0
     Eve       --> [1 1 1 1 1 0 0 1 1 1 1 1 0 0 1 0 0 0 0 0 1 1 1 0 0 1 1 0 1 1 1 0]   | Precisión: 1.00 | Hamming: 0
------------------------------------------------------------
[6] Original  --> [1 1 0 1 0 1 0 0 1 1 1 1 0 1 0 1 1 1 1 1 1 0 0 0 0 0 1 0 1 1 0 0]
     Bob       --> [1 1 1 1 0 0 0 1 1 1 1 1 0 1 0 1 1 1 1 1 1 0 1 0 0 0 1 0 1 1 0 1]   | Precisión: 0.84 | Hamming: 5
     Eve       --> [1 1 1 1 0 0 0 0 1 1 1 1 0 1 0 1 1 1 1 1 1 0 1 0 0 0 1 0 1 1 1 0]   | Precisión: 0.88 | Hamming: 4
------------------------------------------------------------
[7] Original  --> [0 1 1 0 0 1 1 0 0 0 1 0 1 1 1 0 0 0 1 1 0 1 0 1 1 1 0 1 0 0 1 1]
     Bob       --> [0 1 0 0 0 1 1 0 0 1 1 0 1 1 1 0 0 0 1 1 0 1 1 1 1 1 0 1 0 0 1 1]   | Precisión: 0.91 | Hamming: 3
     Eve       --> [0 1 0 0 0 1 1 0 0 1 1 0 1 1 1 0 0 0 1 1 0 1 1 1 1 1 0 1 0 0 1 1]   | Precisión: 0.91 | Hamming: 3
------------------------------------------------------------
[8] Original  --> [1 0 0 1 1 0 0 0 1 0 1 1 1 1 0 1 1 0 1 1 0 0 0 1 0 1 1 1 0 0 0 0]
     Bob       --> [1 0 1 1 1 0 0 0 1 1 1 1 1 1 0 1 1 0 1 1 0 0 1 1 0 1 1 1 0 0 0 0]   | Precisión: 0.91 | Hamming: 3
     Eve       --> [1 0 1 1 1 0 0 0 1 1 1 1 1 1 0 0 1 0 1 1 0 0 1 0 0 1 1 1 0 0 0 0]   | Precisión: 0.84 | Hamming: 5
------------------------------------------------------------
[9] Original  --> [0 1 0 1 1 1 0 0 0 1 0 1 0 1 1 1 0 1 0 0 0 1 1 1 0 0 0 1 0 1 0 0]
     Bob       --> [0 1 0 1 1 1 0 0 0 0 0 1 0 1 1 1 0 0 0 0 0 1 1 1 0 0 0 1 0 1 0 1]   | Precisión: 0.91 | Hamming: 3
     Eve       --> [0 1 0 1 1 1 0 0 0 0 0 1 1 1 1 1 0 0 0 0 0 1 1 1 0 0 0 1 0 1 0 1]   | Precisión: 0.88 | Hamming: 4
------------------------------------------------------------
[10] Original  --> [0 0 1 0 0 0 1 0 1 1 1 0 1 1 1 0 0 1 0 1 1 1 1 1 0 0 1 1 1 1 1 0]
     Bob       --> [0 0 0 0 0 0 1 0 1 1 1 0 1 1 1 0 0 1 0 1 1 1 1 1 0 0 1 1 1 1 1 0]   | Precisión: 0.97 | Hamming: 1
     Eve       --> [0 0 1 0 0 0 1 0 1 1 1 0 1 1 1 0 0 1 0 1 1 1 1 1 0 0 1 1 1 1 1 0]   | Precisión: 1.00 | Hamming: 0
------------------------------------------------------------

RESULTADOS FINALES

Bob -> Precisión media: 0.9290 | Hamming media: 2.27
Eve -> Precisión media: 0.9154 | Hamming media: 2.71
Bob -> Perfectas: 953 | Eve -> Perfectas: 614

EVALUACIÓN CON CLAVES ERRÓNEAS PARA BOB

[1] Bob (clave errada) --> [0 0 0 0 0 0 0 0 0 0 0 0 0 0 0 0 0 0 0 0 0 0 0 0 0 0 0 0 0 0 0 0] | Precisión: 0.62 | Hamming: 12
------------------------------------------------------------
[2] Bob (clave errada) --> [0 0 0 0 0 0 0 0 0 0 0 0 0 0 0 0 0 0 0 0 0 0 0 0 0 0 0 0 0 0 0 0] | Precisión: 0.66 | Hamming: 11
------------------------------------------------------------
[3] Bob (clave errada) --> [0 0 0 0 0 0 0 0 0 0 0 0 0 0 0 0 0 0 0 0 0 0 0 0 0 0 0 0 0 0 0 0] | Precisión: 0.44 | Hamming: 18
------------------------------------------------------------
[4] Bob (clave errada) --> [0 0 0 0 0 0 0 0 0 0 0 0 0 0 0 0 0 0 0 0 0 0 0 0 0 0 0 0 0 0 0 0] | Precisión: 0.44 | Hamming: 18
------------------------------------------------------------
[5] Bob (clave errada) --> [0 0 0 0 0 0 0 0 0 0 0 0 0 0 0 0 0 0 0 0 0 0 0 0 0 0 0 0 0 0 0 0] | Precisión: 0.41 | Hamming: 19
------------------------------------------------------------
[6] Bob (clave errada) --> [0 0 0 0 0 0 0 0 0 0 0 0 0 0 0 0 0 0 0 0 0 0 0 0 0 0 0 0 0 0 0 0] | Precisión: 0.44 | Hamming: 18
------------------------------------------------------------
[7] Bob (clave errada) --> [0 0 0 0 0 0 0 0 0 0 0 0 0 0 0 0 0 0 0 0 0 0 0 0 0 0 0 0 0 0 0 0] | Precisión: 0.47 | Hamming: 17
------------------------------------------------------------
[8] Bob (clave errada) --> [0 0 0 0 0 0 0 0 0 0 0 0 0 0 0 0 0 0 0 0 0 0 0 0 0 0 0 0 0 0 0 0] | Precisión: 0.50 | Hamming: 16
------------------------------------------------------------
[9] Bob (clave errada) --> [0 0 0 0 0 0 0 0 0 0 0 0 0 0 0 0 0 0 0 0 0 0 0 0 0 0 0 0 0 0 0 0] | Precisión: 0.53 | Hamming: 15
------------------------------------------------------------
[10] Bob (clave errada) --> [0 0 0 0 0 0 0 0 0 0 0 0 0 0 0 0 0 0 0 0 0 0 0 0 0 0 0 0 0 0 0 0] | Precisión: 0.41 | Hamming: 19
------------------------------------------------------------

RESULTADOS CON CLAVES ERRÓNEAS

Bob -> Precisión media (clave errada): 0.5259 | Hamming media: 15.17

EVALUACIÓN CON 4500:

[1] Original  --> [0 0 1 1 0 1 1 1 0 1 0 0 0 1 1 1 0 1 0 0 1 1 1 0 1 1 0 0 1 0 0 0]
     Bob       --> [1 0 1 1 0 1 1 1 0 1 0 0 0 1 1 1 0 1 0 0 1 1 1 0 1 1 0 1 1 0 0 0]   | Precisión: 0.94 | Hamming: 2
     Eve       --> [1 0 1 1 0 1 1 1 0 1 0 0 0 1 1 1 0 1 0 0 1 1 1 0 1 1 0 1 1 0 0 0]   | Precisión: 0.94 | Hamming: 2
------------------------------------------------------------
[2] Original  --> [0 0 1 0 0 0 0 1 1 0 1 1 1 0 1 1 1 0 1 1 1 0 1 0 1 1 1 1 1 0 1 1]
     Bob       --> [0 0 1 0 0 0 0 1 1 0 1 1 1 0 1 1 1 0 1 1 1 0 1 0 1 0 1 1 1 0 1 1]   | Precisión: 0.97 | Hamming: 1
     Eve       --> [0 0 1 0 0 0 0 1 1 0 1 1 1 0 1 1 1 0 1 1 1 0 1 0 1 1 1 1 1 0 1 1]   | Precisión: 1.00 | Hamming: 0
------------------------------------------------------------
[3] Original  --> [0 1 0 0 0 0 1 0 1 1 0 0 0 0 0 1 0 1 0 0 1 0 0 0 0 0 0 1 1 1 0 1]
     Bob       --> [0 1 0 0 0 0 1 0 1 1 0 0 0 0 0 1 0 1 0 0 1 0 0 0 0 0 1 0 1 1 0 1]   | Precisión: 0.94 | Hamming: 2
     Eve       --> [0 1 0 0 0 0 1 0 1 1 0 0 0 0 0 1 0 1 0 0 1 0 0 0 0 0 0 1 1 1 0 0]   | Precisión: 0.97 | Hamming: 1
------------------------------------------------------------
[4] Original  --> [1 1 0 1 0 1 0 0 0 0 0 0 1 1 0 1 1 1 1 1 1 1 1 0 0 1 0 1 1 0 0 0]
     Bob       --> [1 1 0 1 0 1 0 0 0 0 0 0 1 1 0 1 0 1 1 1 1 1 1 0 0 1 0 1 1 0 0 0]   | Precisión: 0.97 | Hamming: 1
     Eve       --> [1 1 0 1 0 1 0 0 0 0 0 0 1 1 0 1 1 1 1 1 1 1 1 0 0 1 0 1 1 0 0 0]   | Precisión: 1.00 | Hamming: 0
------------------------------------------------------------
[5] Original  --> [0 1 0 0 1 1 0 1 0 0 0 0 1 0 0 0 0 0 1 1 1 0 1 0 0 1 0 0 0 0 1 0]
     Bob       --> [1 1 0 0 1 1 0 1 0 0 0 0 1 0 0 0 0 0 1 1 1 0 1 0 0 1 0 1 0 0 1 0]   | Precisión: 0.94 | Hamming: 2
     Eve       --> [1 1 0 0 0 1 0 1 0 0 0 0 1 0 0 1 0 0 1 1 1 0 1 0 0 1 0 1 0 0 1 0]   | Precisión: 0.88 | Hamming: 4
------------------------------------------------------------
[6] Original  --> [1 0 1 0 0 0 1 0 1 1 1 0 0 0 0 1 0 1 1 0 1 0 1 1 1 0 0 1 0 1 1 0]
     Bob       --> [1 0 1 0 0 0 1 0 1 1 1 0 0 0 0 1 0 1 1 0 1 0 1 1 1 0 0 1 0 1 1 0]   | Precisión: 1.00 | Hamming: 0
     Eve       --> [1 0 1 0 0 0 1 0 1 1 1 0 0 0 0 1 0 1 1 0 1 0 1 1 1 0 0 1 0 1 1 0]   | Precisión: 1.00 | Hamming: 0
------------------------------------------------------------
[7] Original  --> [1 1 0 1 0 0 1 1 0 1 1 1 1 0 1 1 0 1 0 1 1 1 0 0 0 0 1 0 0 1 0 0]
     Bob       --> [1 1 0 1 0 0 1 1 0 1 1 1 1 0 1 1 0 1 0 1 1 1 0 0 0 1 1 0 0 1 0 0]   | Precisión: 0.97 | Hamming: 1
     Eve       --> [1 1 0 1 0 0 1 1 0 1 1 1 1 0 1 1 0 1 0 1 0 1 0 1 0 1 1 0 0 1 0 0]   | Precisión: 0.91 | Hamming: 3
------------------------------------------------------------
[8] Original  --> [1 1 1 1 0 0 1 1 1 1 0 0 1 1 1 1 1 0 0 0 1 0 0 0 0 1 1 0 0 1 0 0]
     Bob       --> [1 1 1 1 0 0 1 1 1 1 0 0 1 1 1 1 1 0 0 0 1 0 0 0 0 1 1 0 0 1 0 0]   | Precisión: 1.00 | Hamming: 0
     Eve       --> [0 1 1 1 0 0 1 1 1 1 0 0 1 1 1 1 1 0 0 0 1 0 0 0 0 1 1 0 0 1 0 0]   | Precisión: 0.97 | Hamming: 1
------------------------------------------------------------
[9] Original  --> [0 0 1 1 1 1 0 0 0 0 1 0 1 0 0 0 0 0 0 0 0 1 1 0 0 0 0 0 0 1 0 1]
     Bob       --> [0 0 1 1 1 1 0 0 0 0 1 0 1 0 0 0 0 0 0 0 0 1 1 0 0 0 0 0 0 1 0 1]   | Precisión: 1.00 | Hamming: 0
     Eve       --> [1 0 1 1 1 1 0 0 0 0 1 0 1 0 0 0 0 0 0 0 0 1 1 0 0 0 0 0 0 1 0 1]   | Precisión: 0.97 | Hamming: 1
------------------------------------------------------------
[10] Original  --> [1 0 1 1 1 1 0 1 1 1 1 1 0 0 1 0 1 0 1 1 0 0 0 1 1 0 1 0 0 1 0 1]
     Bob       --> [0 0 1 1 0 1 0 0 1 1 1 1 0 0 1 0 1 0 1 1 0 0 0 1 1 0 1 0 0 1 0 1]   | Precisión: 0.91 | Hamming: 3
     Eve       --> [1 0 0 1 1 1 0 0 1 1 1 1 0 0 1 1 1 0 1 1 0 0 0 1 1 0 1 0 0 1 0 1]   | Precisión: 0.91 | Hamming: 3
------------------------------------------------------------

RESULTADOS FINALES

Bob -> Precisión media: 0.9312 | Hamming media: 2.20
Eve -> Precisión media: 0.9193 | Hamming media: 2.58
Bob -> Perfectas: 1209 | Eve -> Perfectas: 815

EVALUACIÓN CON CLAVES ERRÓNEAS PARA BOB

[1] Bob (clave errada) --> [0 0 0 0 0 0 0 0 0 0 0 0 0 0 0 0 0 0 0 0 0 0 0 0 0 0 0 0 0 0 0 0] | Precisión: 0.50 | Hamming: 16
------------------------------------------------------------
[2] Bob (clave errada) --> [0 0 0 0 0 0 0 0 0 0 0 0 0 0 0 0 0 0 0 0 0 0 0 0 0 0 0 0 0 0 0 0] | Precisión: 0.38 | Hamming: 20
------------------------------------------------------------
[3] Bob (clave errada) --> [0 0 0 0 0 0 0 0 0 0 0 0 0 0 0 0 0 0 0 0 0 0 0 0 0 0 0 0 0 0 0 0] | Precisión: 0.66 | Hamming: 11
------------------------------------------------------------
[4] Bob (clave errada) --> [0 0 0 0 0 0 0 0 0 0 0 0 0 0 0 0 0 0 0 0 0 0 0 0 0 0 0 0 0 0 0 0] | Precisión: 0.47 | Hamming: 17
------------------------------------------------------------
[5] Bob (clave errada) --> [0 0 0 0 0 0 0 0 0 0 0 0 0 0 0 0 0 0 0 0 0 0 0 0 0 0 0 0 0 0 0 0] | Precisión: 0.66 | Hamming: 11
------------------------------------------------------------
[6] Bob (clave errada) --> [0 0 0 0 0 0 0 0 0 0 0 0 0 0 0 0 0 0 0 0 0 0 0 0 0 0 0 0 0 0 0 0] | Precisión: 0.50 | Hamming: 16
------------------------------------------------------------
[7] Bob (clave errada) --> [0 0 0 0 0 0 0 0 0 0 0 0 0 0 0 0 0 0 0 0 0 0 0 0 0 0 0 0 0 0 0 0] | Precisión: 0.47 | Hamming: 17
------------------------------------------------------------
[8] Bob (clave errada) --> [0 0 0 0 0 0 0 0 0 0 0 0 0 0 0 0 0 0 0 0 0 0 0 0 0 0 0 0 0 0 0 0] | Precisión: 0.47 | Hamming: 17
------------------------------------------------------------
[9] Bob (clave errada) --> [0 0 0 0 0 0 0 0 0 0 0 0 0 0 0 0 0 0 0 0 0 0 0 0 0 0 0 0 0 0 0 0] | Precisión: 0.69 | Hamming: 10
------------------------------------------------------------
[10] Bob (clave errada) --> [0 0 0 0 0 0 0 0 0 0 0 0 0 0 0 0 0 0 0 0 0 0 0 0 0 0 0 0 0 0 0 0] | Precisión: 0.41 | Hamming: 19
------------------------------------------------------------

RESULTADOS CON CLAVES ERRÓNEAS

Bob -> Precisión media (clave errada): 0.5081 | Hamming media: 15.74

EVALUACIÓN CON 5000:

[1] Original  --> [1 0 1 1 0 1 1 0 0 0 1 1 1 1 0 1 1 0 1 1 1 0 0 1 1 0 0 0 0 0 0 0]
     Bob       --> [0 0 1 1 0 1 1 0 0 0 1 1 1 1 0 1 1 0 1 0 1 0 0 1 1 0 0 0 0 0 0 0]   | Precisión: 0.94 | Hamming: 2
     Eve       --> [0 1 1 1 0 1 1 0 0 0 1 1 1 1 0 1 1 0 1 0 0 0 0 1 1 0 0 0 0 0 0 0]   | Precisión: 0.88 | Hamming: 4
------------------------------------------------------------
[2] Original  --> [1 0 0 1 0 1 1 1 0 1 1 1 1 0 0 0 1 1 1 0 1 0 0 0 0 0 1 0 0 0 0 0]
     Bob       --> [0 0 1 1 0 1 1 1 0 1 1 1 1 0 0 0 0 1 1 0 1 0 0 0 0 0 1 0 0 0 0 0]   | Precisión: 0.91 | Hamming: 3
     Eve       --> [1 1 1 1 0 1 1 1 0 1 1 1 1 0 0 0 0 1 1 0 1 1 0 0 0 0 1 0 0 0 0 0]   | Precisión: 0.88 | Hamming: 4
------------------------------------------------------------
[3] Original  --> [1 0 0 1 0 0 0 0 0 0 0 1 1 1 0 0 0 1 1 1 1 0 0 0 1 0 0 0 0 0 1 1]
     Bob       --> [0 0 0 1 0 0 0 0 0 0 0 1 1 0 0 0 0 1 1 0 1 0 0 0 1 0 0 0 0 0 1 1]   | Precisión: 0.91 | Hamming: 3
     Eve       --> [0 0 0 1 0 0 0 0 0 0 0 1 1 0 0 0 1 1 1 0 0 0 0 0 0 0 0 0 0 0 1 1]   | Precisión: 0.81 | Hamming: 6
------------------------------------------------------------
[4] Original  --> [1 0 0 0 0 0 1 0 0 1 1 0 0 1 1 1 0 1 0 0 0 1 1 0 1 0 0 1 0 1 0 1]
     Bob       --> [1 0 1 0 0 0 1 0 0 1 1 0 0 0 1 1 1 1 0 1 0 1 1 0 1 0 0 1 0 1 0 1]   | Precisión: 0.88 | Hamming: 4
     Eve       --> [1 0 1 0 0 0 1 0 0 1 1 0 0 0 1 1 0 1 0 0 0 1 1 0 1 0 0 1 0 1 0 1]   | Precisión: 0.94 | Hamming: 2
------------------------------------------------------------
[5] Original  --> [1 1 0 0 0 1 0 0 0 1 1 0 1 1 1 0 1 1 1 0 0 0 1 1 0 1 1 1 1 1 0 1]
     Bob       --> [1 1 1 0 0 1 0 0 0 1 1 0 1 1 1 0 1 1 0 1 0 0 1 1 0 1 1 1 1 1 0 1]   | Precisión: 0.91 | Hamming: 3
     Eve       --> [1 1 0 0 0 1 0 0 0 1 1 0 1 0 1 0 1 1 0 1 1 0 1 1 0 0 1 1 1 1 0 1]   | Precisión: 0.84 | Hamming: 5
------------------------------------------------------------
[6] Original  --> [0 1 0 1 1 1 0 1 0 0 1 0 1 1 1 1 0 1 0 0 0 1 1 1 1 0 1 1 1 1 0 1]
     Bob       --> [0 1 1 1 1 1 0 1 0 0 1 0 1 1 1 1 1 1 0 1 1 1 1 1 1 0 1 1 1 1 0 1]   | Precisión: 0.88 | Hamming: 4
     Eve       --> [0 1 0 1 1 1 0 1 0 0 1 0 1 0 1 1 0 1 0 1 1 1 0 1 0 0 1 1 1 1 0 1]   | Precisión: 0.84 | Hamming: 5
------------------------------------------------------------
[7] Original  --> [0 0 0 0 0 1 1 1 1 0 0 1 0 1 0 0 0 1 1 1 1 1 1 1 0 0 0 1 1 0 0 1]
     Bob       --> [0 0 1 0 0 0 1 1 1 0 1 1 0 1 0 0 0 1 1 1 1 1 1 1 0 0 0 1 1 0 0 1]   | Precisión: 0.91 | Hamming: 3
     Eve       --> [1 0 0 0 0 1 1 1 1 0 1 1 0 1 0 0 0 1 1 1 1 1 1 1 0 0 0 1 1 0 0 1]   | Precisión: 0.94 | Hamming: 2
------------------------------------------------------------
[8] Original  --> [0 0 0 1 1 0 0 1 1 1 1 0 0 0 1 1 0 0 1 1 0 1 1 1 0 0 1 0 0 1 0 0]
     Bob       --> [0 0 0 1 1 0 0 1 1 1 1 1 0 1 1 1 0 0 1 1 0 1 1 1 0 0 1 0 0 1 0 0]   | Precisión: 0.94 | Hamming: 2
     Eve       --> [0 0 0 1 1 0 0 1 1 1 1 0 0 1 0 1 0 0 1 1 0 1 1 0 0 0 1 0 0 1 0 0]   | Precisión: 0.91 | Hamming: 3
------------------------------------------------------------
[9] Original  --> [0 1 0 0 0 0 0 0 1 0 1 1 1 0 0 0 0 1 1 1 1 0 0 1 0 0 0 0 0 1 0 0]
     Bob       --> [0 1 0 0 0 0 0 0 1 0 1 1 1 0 0 0 0 1 1 1 1 0 0 0 0 0 0 0 0 1 0 0]   | Precisión: 0.97 | Hamming: 1
     Eve       --> [0 1 0 0 0 1 0 0 1 0 1 1 1 0 0 1 0 1 1 1 1 0 0 1 0 0 0 0 0 0 0 0]   | Precisión: 0.91 | Hamming: 3
------------------------------------------------------------
[10] Original  --> [0 1 1 0 0 0 1 1 1 1 0 1 0 0 0 1 1 1 0 1 1 1 1 1 0 1 1 1 0 1 1 1]
     Bob       --> [1 1 0 0 0 0 1 1 1 1 0 1 0 1 1 1 0 1 1 1 1 1 1 0 0 1 1 1 0 1 1 1]   | Precisión: 0.78 | Hamming: 7
     Eve       --> [1 1 1 0 0 0 1 1 1 1 0 1 0 1 1 1 0 1 1 1 1 1 1 1 0 1 1 1 0 1 1 1]   | Precisión: 0.84 | Hamming: 5
------------------------------------------------------------

RESULTADOS FINALES

Bob -> Precisión media: 0.9184 | Hamming media: 2.61
Eve -> Precisión media: 0.9041 | Hamming media: 3.07
Bob -> Perfectas: 613 | Eve -> Perfectas: 366

EVALUACIÓN CON CLAVES ERRÓNEAS PARA BOB

[1] Bob (clave errada) --> [0 0 0 0 0 0 0 0 0 0 0 0 0 0 0 0 0 0 0 0 0 0 0 0 0 0 0 0 0 0 0 0] | Precisión: 0.50 | Hamming: 16
------------------------------------------------------------
[2] Bob (clave errada) --> [0 0 0 0 0 0 0 0 0 0 0 0 0 0 0 0 0 0 0 0 0 0 0 0 0 0 0 0 0 0 0 0] | Precisión: 0.56 | Hamming: 14
------------------------------------------------------------
[3] Bob (clave errada) --> [0 0 0 0 0 0 0 0 0 0 0 0 0 0 0 0 0 0 0 0 0 0 0 0 0 0 0 0 0 0 0 0] | Precisión: 0.62 | Hamming: 12
------------------------------------------------------------
[4] Bob (clave errada) --> [0 0 0 0 0 0 0 0 0 0 0 0 0 0 0 0 0 0 0 0 0 0 0 0 0 0 0 0 0 0 0 0] | Precisión: 0.56 | Hamming: 14
------------------------------------------------------------
[5] Bob (clave errada) --> [0 0 0 0 0 0 0 0 0 0 0 0 0 0 0 0 0 0 0 0 0 0 0 0 0 0 0 0 0 0 0 0] | Precisión: 0.41 | Hamming: 19
------------------------------------------------------------
[6] Bob (clave errada) --> [0 0 0 0 0 0 0 0 0 0 0 0 0 0 0 0 0 0 0 0 0 0 0 0 0 0 0 0 0 0 0 0] | Precisión: 0.38 | Hamming: 20
------------------------------------------------------------
[7] Bob (clave errada) --> [0 0 0 0 0 0 0 0 0 0 0 0 0 0 0 0 0 0 0 0 0 0 1 1 0 0 0 1 0 0 0 0] | Precisión: 0.59 | Hamming: 13
------------------------------------------------------------
[8] Bob (clave errada) --> [0 0 0 0 0 0 0 0 0 0 0 0 0 0 0 0 0 0 0 0 0 0 0 0 0 0 0 0 0 0 0 0] | Precisión: 0.53 | Hamming: 15
------------------------------------------------------------
[9] Bob (clave errada) --> [0 0 0 0 0 0 0 0 0 0 0 0 0 0 0 0 0 0 0 0 0 0 0 0 0 0 0 0 0 0 0 0] | Precisión: 0.66 | Hamming: 11
------------------------------------------------------------
[10] Bob (clave errada) --> [0 0 0 0 0 0 0 0 0 0 0 0 0 0 0 0 0 0 0 0 0 0 0 0 0 0 0 0 0 0 0 0] | Precisión: 0.34 | Hamming: 21
------------------------------------------------------------

RESULTADOS CON CLAVES ERRÓNEAS

Bob -> Precisión media (clave errada): 0.5181 | Hamming media: 15.42

EVALUACIÓN CON 5500:

[1] Original  --> [1 1 1 0 1 0 1 0 0 0 0 0 1 1 1 0 1 0 1 1 1 0 0 1 0 0 0 0 1 0 0 0]
     Bob       --> [1 1 1 0 1 0 1 0 0 0 0 0 1 1 1 0 1 0 0 1 1 0 0 1 0 0 1 0 1 0 0 0]   | Precisión: 0.94 | Hamming: 2
     Eve       --> [1 1 1 1 1 1 1 1 1 1 1 1 1 1 1 1 1 1 1 1 1 1 1 1 1 1 1 1 1 1 1 1]   | Precisión: 0.44 | Hamming: 18
------------------------------------------------------------
[2] Original  --> [0 1 1 0 0 1 0 1 0 0 0 0 1 1 1 0 1 1 1 1 1 0 1 0 0 0 1 1 0 0 0 1]
     Bob       --> [0 1 1 0 0 1 0 1 0 0 0 0 1 1 1 0 1 1 1 1 1 0 1 0 0 0 1 1 0 0 0 1]   | Precisión: 1.00 | Hamming: 0
     Eve       --> [1 1 1 1 1 1 1 1 1 1 1 1 1 1 1 1 1 1 1 1 1 1 1 1 1 1 1 1 1 1 1 1]   | Precisión: 0.50 | Hamming: 16
------------------------------------------------------------
[3] Original  --> [0 1 1 0 1 1 1 1 1 1 1 0 1 1 0 1 0 0 0 1 1 0 0 1 1 0 1 1 0 1 0 0]
     Bob       --> [0 1 1 0 1 1 1 1 1 0 1 0 1 1 0 1 0 0 1 1 1 0 0 1 1 0 1 1 0 1 0 0]   | Precisión: 0.94 | Hamming: 2
     Eve       --> [1 1 1 1 1 1 1 1 1 1 1 1 1 1 1 1 1 1 1 1 1 1 1 1 1 1 1 1 1 1 1 1]   | Precisión: 0.59 | Hamming: 13
------------------------------------------------------------
[4] Original  --> [0 0 0 1 0 0 1 0 0 1 1 0 0 0 0 0 0 0 0 0 1 0 0 0 0 1 0 1 1 0 1 0]
     Bob       --> [0 0 0 1 0 0 1 0 0 0 1 0 0 0 0 0 0 0 0 0 1 0 0 0 0 1 0 0 1 0 1 0]   | Precisión: 0.94 | Hamming: 2
     Eve       --> [0 1 1 1 1 1 1 1 1 1 1 1 0 1 1 1 1 1 1 1 1 1 0 1 1 1 1 1 1 1 1 1]   | Precisión: 0.38 | Hamming: 20
------------------------------------------------------------
[5] Original  --> [0 1 1 1 1 1 0 0 0 0 0 1 0 1 1 0 0 0 1 0 0 1 0 1 0 1 1 1 1 0 1 0]
     Bob       --> [0 1 1 1 1 1 0 0 0 1 0 1 0 1 1 0 0 0 1 0 0 1 0 1 0 1 1 1 1 0 1 0]   | Precisión: 0.97 | Hamming: 1
     Eve       --> [1 1 1 1 1 1 1 1 1 1 1 1 1 1 1 1 1 1 1 1 1 1 1 1 1 1 1 1 1 1 1 1]   | Precisión: 0.50 | Hamming: 16
------------------------------------------------------------
[6] Original  --> [1 1 0 1 1 0 0 1 0 0 0 1 0 0 1 1 1 0 0 1 1 1 0 1 0 0 0 1 0 1 1 0]
     Bob       --> [1 1 0 1 1 0 0 1 0 0 0 1 0 1 1 1 1 0 1 1 1 1 1 1 0 0 0 1 0 1 1 0]   | Precisión: 0.91 | Hamming: 3
     Eve       --> [1 1 1 1 1 1 1 1 1 1 1 1 1 1 1 1 1 1 1 1 1 1 1 1 1 1 1 1 1 1 1 1]   | Precisión: 0.50 | Hamming: 16
------------------------------------------------------------
[7] Original  --> [0 0 0 1 1 1 1 1 0 0 0 1 0 1 1 1 1 0 0 1 1 1 1 0 1 0 0 0 1 0 0 1]
     Bob       --> [0 0 0 1 1 1 1 1 0 0 0 1 0 1 1 1 1 0 1 1 1 1 1 0 1 0 0 0 1 0 0 1]   | Precisión: 0.97 | Hamming: 1
     Eve       --> [1 1 1 1 1 1 1 1 1 1 1 1 1 1 1 1 1 1 1 1 1 1 1 1 1 1 1 1 1 1 1 1]   | Precisión: 0.53 | Hamming: 15
------------------------------------------------------------
[8] Original  --> [1 0 0 0 1 0 0 0 0 0 1 0 1 1 0 0 1 1 0 1 0 1 0 0 1 1 0 1 0 1 0 0]
     Bob       --> [1 0 0 0 1 0 0 0 0 0 1 0 1 1 0 0 1 1 0 1 0 1 0 0 1 1 0 0 0 1 0 0]   | Precisión: 0.97 | Hamming: 1
     Eve       --> [1 1 1 1 1 1 1 1 1 1 1 1 1 1 1 1 1 1 1 1 1 1 1 1 1 1 1 1 1 1 1 1]   | Precisión: 0.41 | Hamming: 19
------------------------------------------------------------
[9] Original  --> [1 0 1 1 0 0 0 0 0 0 0 1 1 0 1 0 1 0 1 0 0 1 1 1 1 0 0 0 1 0 0 0]
     Bob       --> [1 0 1 1 0 0 0 0 0 1 0 1 0 0 1 0 1 0 1 0 0 1 1 1 1 0 0 0 1 0 0 0]   | Precisión: 0.94 | Hamming: 2
     Eve       --> [1 1 1 1 1 1 1 1 1 1 0 1 1 1 1 1 1 1 1 1 1 1 1 1 1 1 1 1 1 1 1 1]   | Precisión: 0.44 | Hamming: 18
------------------------------------------------------------
[10] Original  --> [1 1 1 1 0 1 0 1 0 0 1 0 1 0 1 0 0 1 1 0 0 0 0 1 1 1 1 1 0 1 1 0]
     Bob       --> [1 1 1 1 0 1 0 1 0 1 1 0 1 1 1 0 0 1 1 0 0 0 0 1 1 1 1 1 0 1 1 0]   | Precisión: 0.94 | Hamming: 2
     Eve       --> [1 1 1 1 1 1 1 1 1 1 1 1 1 1 1 1 1 1 1 1 1 1 1 1 1 1 1 1 1 1 1 1]   | Precisión: 0.56 | Hamming: 14
------------------------------------------------------------

RESULTADOS FINALES

Bob -> Precisión media: 0.9459 | Hamming media: 1.73
Eve -> Precisión media: 0.5196 | Hamming media: 15.37
Bob -> Perfectas: 1490 | Eve -> Perfectas: 0

EVALUACIÓN CON CLAVES ERRÓNEAS PARA BOB

[1] Bob (clave errada) --> [0 0 0 0 0 0 0 0 0 0 0 0 0 0 0 0 0 0 0 0 0 0 0 0 0 0 0 0 0 0 0 0] | Precisión: 0.56 | Hamming: 14
------------------------------------------------------------
[2] Bob (clave errada) --> [0 0 1 0 0 0 0 0 0 0 0 0 1 1 0 0 0 0 0 1 1 0 1 0 0 0 1 0 0 0 0 0] | Precisión: 0.72 | Hamming: 9
------------------------------------------------------------
[3] Bob (clave errada) --> [0 0 0 0 0 0 0 0 0 0 0 0 0 0 0 0 0 0 0 0 0 0 0 0 0 0 0 0 0 0 0 0] | Precisión: 0.41 | Hamming: 19
------------------------------------------------------------
[4] Bob (clave errada) --> [0 0 0 0 0 0 0 0 0 0 0 0 0 0 0 0 0 0 0 0 0 0 0 0 0 0 0 0 0 0 0 0] | Precisión: 0.72 | Hamming: 9
------------------------------------------------------------
[5] Bob (clave errada) --> [0 0 0 0 0 0 0 0 0 0 0 0 0 0 0 0 0 0 0 0 0 0 0 0 0 0 0 0 0 0 0 0] | Precisión: 0.50 | Hamming: 16
------------------------------------------------------------
[6] Bob (clave errada) --> [0 0 0 0 0 0 0 0 0 0 0 0 0 0 0 0 0 0 0 0 0 0 0 0 0 0 0 0 0 0 0 0] | Precisión: 0.50 | Hamming: 16
------------------------------------------------------------
[7] Bob (clave errada) --> [0 0 0 0 0 0 0 0 0 0 0 0 0 0 0 0 0 0 0 0 0 0 0 0 0 0 0 0 0 0 0 0] | Precisión: 0.47 | Hamming: 17
------------------------------------------------------------
[8] Bob (clave errada) --> [0 0 0 0 0 0 0 0 0 0 1 0 0 0 0 0 0 0 0 0 0 0 0 0 0 0 0 0 0 0 0 0] | Precisión: 0.62 | Hamming: 12
------------------------------------------------------------
[9] Bob (clave errada) --> [0 0 0 0 0 0 0 0 0 0 0 0 0 0 0 0 0 0 0 0 0 0 0 0 0 0 0 0 0 0 0 0] | Precisión: 0.59 | Hamming: 13
------------------------------------------------------------
[10] Bob (clave errada) --> [0 0 0 0 0 0 0 0 0 0 0 0 0 0 0 0 0 0 0 0 0 0 0 0 0 0 0 0 0 0 0 0] | Precisión: 0.44 | Hamming: 18
------------------------------------------------------------

RESULTADOS CON CLAVES ERRÓNEAS

Bob -> Precisión media (clave errada): 0.5298 | Hamming media: 15.04

EVALUACIÓN CON 6000:

[1] Original  --> [0 0 1 1 1 1 0 1 1 0 1 1 0 0 0 1 0 1 0 0 0 1 0 1 1 1 1 1 0 0 0 1]
     Bob       --> [0 0 1 1 1 1 0 1 1 0 1 1 0 0 0 1 0 0 0 0 0 1 0 1 1 1 1 1 0 0 0 1]   | Precisión: 0.97 | Hamming: 1
     Eve       --> [0 0 1 1 1 1 0 1 1 0 1 1 0 0 0 1 0 0 0 0 0 1 0 1 1 1 1 1 0 0 0 1]   | Precisión: 0.97 | Hamming: 1
------------------------------------------------------------
[2] Original  --> [1 1 0 0 1 1 1 0 0 1 1 0 1 0 0 1 1 1 0 1 0 0 0 0 1 0 1 1 1 0 1 1]
     Bob       --> [1 1 0 0 1 1 1 0 0 1 1 0 1 0 0 1 1 1 0 1 0 0 0 0 1 0 1 1 1 0 1 1]   | Precisión: 1.00 | Hamming: 0
     Eve       --> [1 1 0 0 1 1 1 0 0 1 1 0 1 0 0 1 1 1 0 1 0 0 0 0 1 0 1 1 1 0 1 1]   | Precisión: 1.00 | Hamming: 0
------------------------------------------------------------
[3] Original  --> [1 1 1 0 1 1 1 1 0 0 0 1 0 1 0 0 0 0 0 0 0 1 1 0 0 0 0 1 0 1 1 0]
     Bob       --> [1 1 1 0 1 1 1 1 0 0 0 1 0 1 0 0 0 0 0 0 0 1 1 0 0 0 0 1 0 1 1 0]   | Precisión: 1.00 | Hamming: 0
     Eve       --> [1 1 1 0 1 1 1 1 0 0 0 1 0 1 0 0 0 1 0 0 0 1 1 0 0 0 0 1 0 1 1 0]   | Precisión: 0.97 | Hamming: 1
------------------------------------------------------------
[4] Original  --> [1 0 0 1 1 0 1 0 1 1 1 1 0 0 0 1 0 0 0 1 0 1 1 1 1 1 0 1 1 0 0 0]
     Bob       --> [1 0 0 1 1 0 1 0 1 1 1 1 0 0 0 1 0 0 0 1 0 1 0 1 1 1 0 1 1 0 0 0]   | Precisión: 0.97 | Hamming: 1
     Eve       --> [1 0 0 1 1 0 1 0 1 0 1 1 0 0 0 1 0 0 1 1 0 1 0 1 1 1 0 1 1 0 0 0]   | Precisión: 0.91 | Hamming: 3
------------------------------------------------------------
[5] Original  --> [0 1 0 0 1 0 1 0 0 0 1 0 0 1 1 0 0 1 0 0 1 0 0 0 1 1 1 1 1 0 1 1]
     Bob       --> [0 1 0 0 1 0 1 0 0 1 1 0 0 1 1 0 0 1 0 0 1 0 0 0 1 1 1 1 1 0 1 1]   | Precisión: 0.97 | Hamming: 1
     Eve       --> [0 1 0 0 1 0 1 1 0 1 1 0 0 1 1 0 0 1 0 0 1 0 0 0 1 1 1 1 1 0 1 1]   | Precisión: 0.94 | Hamming: 2
------------------------------------------------------------
[6] Original  --> [1 1 0 1 0 0 0 1 0 1 1 0 0 1 1 0 0 0 0 1 0 0 0 1 0 0 0 1 0 0 0 0]
     Bob       --> [1 1 0 1 0 0 0 1 0 1 1 0 0 1 1 0 0 0 0 1 0 0 0 1 0 0 0 1 0 0 0 0]   | Precisión: 1.00 | Hamming: 0
     Eve       --> [1 1 0 1 0 0 0 1 0 1 1 0 0 1 1 0 0 0 0 1 0 0 0 1 1 0 0 1 0 0 0 0]   | Precisión: 0.97 | Hamming: 1
------------------------------------------------------------
[7] Original  --> [1 1 0 0 0 1 1 1 0 0 1 1 1 1 1 0 1 0 1 1 1 1 0 0 0 1 0 1 0 1 1 0]
     Bob       --> [1 1 0 0 1 1 1 1 0 0 1 1 1 1 1 0 1 0 1 1 1 1 1 0 0 1 0 1 0 1 1 0]   | Precisión: 0.94 | Hamming: 2
     Eve       --> [1 1 0 0 0 1 1 1 0 0 1 1 1 1 1 0 1 0 1 1 1 1 1 0 0 1 0 1 0 1 1 0]   | Precisión: 0.97 | Hamming: 1
------------------------------------------------------------
[8] Original  --> [0 1 0 1 1 0 0 0 0 1 0 0 1 1 0 0 1 1 0 1 1 1 1 0 1 0 0 1 1 1 0 1]
     Bob       --> [0 1 0 1 1 0 0 0 0 1 0 0 1 1 0 0 1 1 0 1 1 0 1 0 1 0 0 1 1 1 0 1]   | Precisión: 0.97 | Hamming: 1
     Eve       --> [0 1 0 1 1 0 0 0 0 1 0 0 1 1 0 0 1 1 0 1 1 1 1 0 0 0 0 1 1 1 0 1]   | Precisión: 0.97 | Hamming: 1
------------------------------------------------------------
[9] Original  --> [1 1 0 1 1 0 1 0 1 1 1 0 0 0 1 1 1 1 1 1 1 1 1 1 0 1 0 0 0 1 0 1]
     Bob       --> [1 1 0 1 1 0 1 0 1 1 1 0 0 0 1 1 1 1 1 1 1 1 1 1 0 1 0 0 0 1 0 1]   | Precisión: 1.00 | Hamming: 0
     Eve       --> [1 1 0 1 0 0 1 0 1 1 1 0 0 0 1 1 1 1 1 1 1 1 1 1 0 1 0 0 0 1 0 1]   | Precisión: 0.97 | Hamming: 1
------------------------------------------------------------
[10] Original  --> [1 0 1 1 0 0 0 1 0 0 0 1 1 1 1 0 0 0 0 0 1 0 0 0 1 0 0 1 0 0 1 1]
     Bob       --> [1 0 1 1 0 0 0 1 0 0 0 1 1 1 1 0 0 1 0 0 1 0 1 0 1 0 0 1 0 0 1 1]   | Precisión: 0.94 | Hamming: 2
     Eve       --> [1 0 1 1 0 0 0 1 0 1 0 1 1 1 1 0 0 0 0 1 1 0 0 0 1 0 0 1 0 0 1 1]   | Precisión: 0.94 | Hamming: 2
------------------------------------------------------------

RESULTADOS FINALES

Bob -> Precisión media: 0.9618 | Hamming media: 1.22
Eve -> Precisión media: 0.9481 | Hamming media: 1.66
Bob -> Perfectas: 3156 | Eve -> Perfectas: 2274

EVALUACIÓN CON CLAVES ERRÓNEAS PARA BOB

[1] Bob (clave errada) --> [0 0 0 0 0 0 0 0 0 0 0 0 0 0 0 0 0 0 0 0 0 0 0 0 0 0 0 0 0 0 0 0] | Precisión: 0.47 | Hamming: 17
------------------------------------------------------------
[2] Bob (clave errada) --> [0 0 0 0 0 0 0 0 0 0 0 0 0 0 0 0 0 0 0 0 0 0 0 0 0 0 0 0 0 0 0 0] | Precisión: 0.44 | Hamming: 18
------------------------------------------------------------
[3] Bob (clave errada) --> [0 0 0 0 0 0 0 0 0 0 0 0 0 0 0 0 0 0 0 0 0 0 0 0 0 0 0 0 0 0 0 0] | Precisión: 0.56 | Hamming: 14
------------------------------------------------------------
[4] Bob (clave errada) --> [0 0 0 0 0 0 0 0 0 0 0 0 0 0 0 0 0 0 0 0 0 0 0 0 0 0 0 0 0 0 0 0] | Precisión: 0.47 | Hamming: 17
------------------------------------------------------------
[5] Bob (clave errada) --> [0 0 0 0 0 0 0 0 0 0 0 0 0 0 0 0 0 0 0 0 0 0 0 0 0 0 0 0 0 0 0 0] | Precisión: 0.53 | Hamming: 15
------------------------------------------------------------
[6] Bob (clave errada) --> [0 0 0 0 0 0 0 0 0 0 0 0 0 0 0 0 0 0 0 0 0 0 0 0 0 0 0 0 0 0 0 0] | Precisión: 0.66 | Hamming: 11
------------------------------------------------------------
[7] Bob (clave errada) --> [0 0 0 0 0 0 0 0 0 0 0 0 0 0 0 0 0 0 0 0 0 0 0 0 0 0 0 0 0 0 0 0] | Precisión: 0.41 | Hamming: 19
------------------------------------------------------------
[8] Bob (clave errada) --> [0 1 0 0 1 0 0 0 0 1 0 0 1 1 0 0 1 1 0 1 1 1 0 0 0 0 0 1 1 1 0 1] | Precisión: 0.91 | Hamming: 3
------------------------------------------------------------
[9] Bob (clave errada) --> [1 1 0 1 1 0 1 0 1 1 1 0 0 0 1 1 1 1 1 1 1 1 0 1 0 1 0 0 0 1 0 1] | Precisión: 0.97 | Hamming: 1
------------------------------------------------------------
[10] Bob (clave errada) --> [1 0 1 1 0 0 0 1 0 1 0 1 1 0 1 0 0 1 0 0 0 0 1 0 1 0 0 1 0 0 1 0] | Precisión: 0.81 | Hamming: 6
------------------------------------------------------------

RESULTADOS CON CLAVES ERRÓNEAS

Bob -> Precisión media (clave errada): 0.5689 | Hamming media: 13.79

Tiempo total de ejecución (s) = 8332.821184158325
Tiempo total de ejecución (mins) = 138.88035306930541