-- RESULTADOS DEL EXPERIMENTO 1.2. --

Número de mensajes = 10000
Número de bits = 32
Tamaño del batch = 128
Adam optimizer learning rate = 0.001
Epochs totales = 6000
Epochs iniciales = 300


EVALUACIÓN CON 300:

Original     --> [0 0 0 1 1 1 0 0 1 0 1 0 0 0 1 0 1 1 1 0 1 1 0 0 1 0 0 0 1 0 1 0]
Reconstruido --> [0 0 0 1 0 1 1 0 1 0 1 0 1 0 1 1 1 1 0 0 1 0 0 0 0 0 0 1 0 0 0 0] | Precisión: 0.69
Distancia de Hamming: 10
--------------------------------------------------
Original     --> [0 0 1 0 1 0 1 1 1 0 1 0 1 0 0 0 0 0 1 0 0 0 1 0 1 0 0 1 0 0 0 0]
Reconstruido --> [0 0 1 0 1 1 0 1 0 0 1 0 1 0 1 1 0 1 1 0 0 0 0 0 1 1 0 1 0 0 0 0] | Precisión: 0.75
Distancia de Hamming: 8
--------------------------------------------------
Original     --> [1 1 0 0 1 0 1 1 1 1 1 1 1 1 0 0 1 1 0 1 1 0 1 1 0 1 1 1 0 0 0 1]
Reconstruido --> [1 0 0 0 1 0 1 1 1 1 1 1 0 1 0 0 1 1 0 1 1 0 1 0 0 1 1 0 1 0 0 1] | Precisión: 0.84
Distancia de Hamming: 5
--------------------------------------------------
Original     --> [1 1 0 0 0 1 0 1 1 1 0 1 0 1 0 1 1 0 1 1 0 0 0 0 1 0 0 1 0 0 0 1]
Reconstruido --> [0 1 0 0 1 1 0 1 1 1 0 1 0 1 0 1 1 0 1 1 0 0 1 0 1 0 0 1 0 0 0 1] | Precisión: 0.91
Distancia de Hamming: 3
--------------------------------------------------
Original     --> [1 0 0 1 1 0 1 0 1 1 1 0 0 1 0 0 1 0 0 0 0 0 1 0 0 0 1 1 0 1 1 1]
Reconstruido --> [1 0 0 1 1 0 1 0 1 1 1 1 0 1 0 0 1 0 0 1 1 0 0 0 0 0 1 1 0 1 0 1] | Precisión: 0.84
Distancia de Hamming: 5
--------------------------------------------------
Original     --> [1 1 0 1 0 0 0 1 0 1 1 1 1 0 0 0 0 0 0 1 0 0 1 0 0 1 0 0 0 1 0 0]
Reconstruido --> [1 1 0 1 0 0 0 1 1 1 1 1 0 0 0 1 0 0 0 1 0 1 1 0 0 1 0 0 0 1 0 0] | Precisión: 0.88
Distancia de Hamming: 4
--------------------------------------------------
Original     --> [1 1 0 0 0 0 1 0 0 0 1 1 1 1 1 1 1 0 0 1 0 0 0 0 1 0 1 0 1 0 0 0]
Reconstruido --> [1 1 0 0 0 1 1 0 0 0 1 1 1 1 1 1 1 0 0 1 0 0 1 0 1 0 1 0 1 0 0 0] | Precisión: 0.94
Distancia de Hamming: 2
--------------------------------------------------
Original     --> [0 0 0 1 1 0 1 1 0 1 1 0 0 0 0 0 0 0 0 0 1 0 1 0 1 0 1 0 1 1 0 0]
Reconstruido --> [1 0 0 1 1 0 1 1 0 1 1 1 0 0 0 0 0 1 0 1 1 0 0 0 1 0 1 0 0 1 0 0] | Precisión: 0.81
Distancia de Hamming: 6
--------------------------------------------------
Original     --> [1 1 1 1 0 0 1 1 0 0 0 0 1 0 0 1 0 0 0 1 0 0 1 1 0 0 0 1 1 1 1 0]
Reconstruido --> [0 1 1 1 0 0 0 1 1 0 0 1 0 0 1 1 0 0 0 1 1 1 1 1 0 0 0 1 1 0 1 0] | Precisión: 0.72
Distancia de Hamming: 9
--------------------------------------------------
Original     --> [0 1 1 1 1 1 0 0 0 1 0 1 0 1 0 0 0 0 1 0 1 0 1 0 0 0 0 0 0 1 0 1]
Reconstruido --> [0 1 1 1 1 1 0 0 0 1 0 1 0 1 0 0 0 0 1 0 1 0 1 0 0 0 0 0 0 1 0 1] | Precisión: 1.00
Distancia de Hamming: 0
--------------------------------------------------
La media de la precisión del descifrado es 0.8383
Distancia media de Hamming = 5.1735 | Número de bits: 32
Número de reconstrucciones perfectas = 81



 EVALUACIÓN DE BOB CON CLAVES ERRÓNEAS

[1] Bob (clave errada) --> [0 0 0 1 0 1 1 0 1 0 1 0 1 0 1 1 1 1 1 0 1 0 0 0 0 0 0 1 0 0 0 0] | Precisión: 0.72 | Hamming: 9
------------------------------------------------------------
[2] Bob (clave errada) --> [0 0 1 1 1 1 0 1 0 0 1 0 1 0 0 1 0 1 1 0 0 1 0 0 1 1 0 1 0 1 0 0] | Precisión: 0.69 | Hamming: 10
------------------------------------------------------------
[3] Bob (clave errada) --> [1 1 0 0 1 0 1 1 1 1 1 1 0 1 0 0 1 1 0 1 1 0 1 0 0 1 1 0 1 0 0 1] | Precisión: 0.88 | Hamming: 4
------------------------------------------------------------
[4] Bob (clave errada) --> [0 1 0 0 0 1 0 1 1 1 0 1 0 1 0 0 1 0 1 1 0 0 1 0 1 0 0 1 0 0 0 1] | Precisión: 0.91 | Hamming: 3
------------------------------------------------------------
[5] Bob (clave errada) --> [1 0 0 1 1 1 1 0 1 1 1 1 0 1 0 0 1 0 0 1 1 0 0 0 0 0 1 1 0 1 0 1] | Precisión: 0.81 | Hamming: 6
------------------------------------------------------------
[6] Bob (clave errada) --> [1 1 0 1 0 0 0 1 1 1 1 1 1 0 0 0 0 0 0 1 0 1 1 0 0 1 0 0 1 1 0 0] | Precisión: 0.91 | Hamming: 3
------------------------------------------------------------
[7] Bob (clave errada) --> [0 1 0 0 0 1 1 0 0 0 1 1 1 1 1 1 1 0 0 1 0 0 1 0 1 0 1 0 1 0 0 0] | Precisión: 0.91 | Hamming: 3
------------------------------------------------------------
[8] Bob (clave errada) --> [0 0 0 1 1 0 1 1 1 1 1 1 0 0 0 0 0 1 0 1 1 0 0 0 1 0 1 0 0 1 0 0] | Precisión: 0.81 | Hamming: 6
------------------------------------------------------------
[9] Bob (clave errada) --> [0 1 1 1 0 0 0 1 1 0 0 1 0 0 1 1 0 0 0 1 1 1 1 1 0 1 0 1 1 1 1 0] | Precisión: 0.72 | Hamming: 9
------------------------------------------------------------
[10] Bob (clave errada) --> [0 1 1 1 1 1 0 0 0 1 0 1 0 1 0 0 0 0 1 0 1 0 1 0 0 0 0 0 0 1 0 1] | Precisión: 1.00 | Hamming: 0
------------------------------------------------------------

RESULTADOS CON CLAVES ERRÓNEAS

Bob -> Precisión media (clave errada): 0.8344 | Hamming media: 5.30
Bob -> Reconstrucciones perfectas (con clave errada): 1



EVALUACIÓN CON 600:

Original     --> [1 0 1 1 0 1 0 1 1 1 0 1 1 0 1 1 1 1 0 0 0 0 0 1 0 0 0 1 0 0 1 1]
Reconstruido --> [1 0 1 1 0 0 0 1 1 1 0 1 1 0 1 1 1 1 0 0 0 1 0 1 0 0 0 1 0 0 1 1] | Precisión: 0.94
Distancia de Hamming: 2
--------------------------------------------------
Original     --> [0 0 0 0 0 0 1 1 1 1 1 0 1 1 1 1 1 0 1 0 1 1 0 0 1 0 0 0 0 1 0 0]
Reconstruido --> [0 0 0 0 0 0 1 1 1 1 1 0 1 1 1 1 1 0 1 0 1 1 0 0 1 0 0 0 0 1 0 0] | Precisión: 1.00
Distancia de Hamming: 0
--------------------------------------------------
Original     --> [1 0 0 1 0 1 0 0 1 0 1 0 0 1 0 0 0 0 1 0 1 0 0 1 1 1 0 1 0 0 0 1]
Reconstruido --> [1 0 1 1 0 1 0 0 1 0 1 0 0 1 0 0 0 0 1 0 1 0 0 1 1 1 0 1 1 0 0 1] | Precisión: 0.94
Distancia de Hamming: 2
--------------------------------------------------
Original     --> [1 0 1 0 1 1 0 1 1 1 1 0 1 0 0 0 1 0 1 0 1 1 0 1 0 1 0 0 0 1 0 1]
Reconstruido --> [1 0 1 0 1 1 0 1 1 1 1 0 1 0 0 0 1 0 1 0 1 1 0 1 0 1 0 0 0 1 0 1] | Precisión: 1.00
Distancia de Hamming: 0
--------------------------------------------------
Original     --> [0 0 1 0 1 0 0 0 0 0 1 1 0 0 0 0 1 0 1 0 0 1 0 1 1 0 1 0 0 1 1 1]
Reconstruido --> [0 0 0 0 1 0 1 0 0 0 1 0 0 0 0 1 1 1 1 1 0 1 0 1 1 0 1 1 0 0 1 1] | Precisión: 0.75
Distancia de Hamming: 8
--------------------------------------------------
Original     --> [1 1 0 1 1 1 1 1 1 0 0 0 1 1 0 0 1 0 0 0 1 1 1 1 0 0 0 1 1 0 0 1]
Reconstruido --> [0 0 0 1 1 1 1 1 1 0 0 0 1 1 0 0 1 0 0 0 0 1 1 1 0 0 0 1 1 1 0 1] | Precisión: 0.88
Distancia de Hamming: 4
--------------------------------------------------
Original     --> [0 1 0 1 1 1 0 0 0 0 1 0 1 0 0 0 1 1 0 1 1 1 1 1 0 1 0 0 1 1 0 1]
Reconstruido --> [0 1 0 1 1 1 0 0 0 0 1 0 0 0 0 0 1 1 0 1 1 1 1 1 0 1 0 0 1 1 0 1] | Precisión: 0.97
Distancia de Hamming: 1
--------------------------------------------------
Original     --> [1 0 0 0 1 0 1 1 1 1 1 1 1 0 0 0 0 1 1 0 1 1 0 1 0 1 0 1 0 0 0 1]
Reconstruido --> [1 0 0 0 1 0 1 1 1 1 1 1 1 0 1 0 1 1 1 0 1 1 0 1 0 1 0 1 0 0 1 1] | Precisión: 0.91
Distancia de Hamming: 3
--------------------------------------------------
Original     --> [0 0 1 0 0 0 0 0 1 1 1 1 0 0 0 1 1 0 0 1 0 1 0 0 0 0 1 0 1 1 1 0]
Reconstruido --> [1 1 0 0 0 0 0 0 1 1 1 1 0 0 0 1 1 0 0 1 0 1 0 0 0 0 1 0 1 0 1 0] | Precisión: 0.88
Distancia de Hamming: 4
--------------------------------------------------
Original     --> [1 0 1 0 0 0 0 0 0 0 0 0 0 1 0 1 1 1 0 0 1 0 1 0 0 0 1 0 0 1 0 0]
Reconstruido --> [1 0 1 0 0 0 0 0 0 0 0 0 0 1 1 1 1 1 0 0 1 0 1 1 0 0 1 0 0 1 0 0] | Precisión: 0.94
Distancia de Hamming: 2
--------------------------------------------------
La media de la precisión del descifrado es 0.8885
Distancia media de Hamming = 3.5686 | Número de bits: 32
Número de reconstrucciones perfectas = 604



 EVALUACIÓN DE BOB CON CLAVES ERRÓNEAS

[1] Bob (clave errada) --> [1 0 1 1 0 0 0 1 1 1 0 1 1 0 1 1 0 1 1 0 0 1 0 1 0 1 0 1 0 0 1 1] | Precisión: 0.84 | Hamming: 5
------------------------------------------------------------
[2] Bob (clave errada) --> [0 0 0 0 1 0 1 1 1 1 1 0 1 1 1 1 1 0 1 0 1 1 0 0 1 0 0 0 0 1 0 0] | Precisión: 0.97 | Hamming: 1
------------------------------------------------------------
[3] Bob (clave errada) --> [1 0 1 1 0 1 0 0 1 0 1 0 0 1 0 0 0 0 1 0 1 0 0 1 1 1 0 1 1 0 0 1] | Precisión: 0.94 | Hamming: 2
------------------------------------------------------------
[4] Bob (clave errada) --> [1 0 1 1 1 1 0 1 1 1 1 0 1 0 0 0 1 0 1 0 1 1 0 1 0 1 0 0 0 1 0 1] | Precisión: 0.97 | Hamming: 1
------------------------------------------------------------
[5] Bob (clave errada) --> [0 0 0 0 1 0 1 0 0 0 1 0 0 0 0 0 1 0 1 0 0 1 0 0 1 0 1 1 0 0 1 1] | Precisión: 0.81 | Hamming: 6
------------------------------------------------------------
[6] Bob (clave errada) --> [1 0 0 1 1 0 1 1 1 0 0 0 1 1 1 0 1 0 0 0 0 1 1 1 0 0 0 1 1 1 0 1] | Precisión: 0.84 | Hamming: 5
------------------------------------------------------------
[7] Bob (clave errada) --> [0 1 0 1 1 1 0 0 1 0 1 0 1 0 0 0 1 1 0 1 1 1 1 1 0 1 0 1 1 1 0 1] | Precisión: 0.94 | Hamming: 2
------------------------------------------------------------
[8] Bob (clave errada) --> [1 0 0 0 1 0 1 1 1 1 1 1 1 0 0 0 1 1 1 0 1 0 0 1 0 1 0 1 0 0 1 1] | Precisión: 0.91 | Hamming: 3
------------------------------------------------------------
[9] Bob (clave errada) --> [1 1 0 0 0 0 0 0 1 1 1 0 0 0 0 1 1 0 0 1 0 1 0 0 0 0 1 0 0 0 1 0] | Precisión: 0.81 | Hamming: 6
------------------------------------------------------------
[10] Bob (clave errada) --> [1 0 1 0 0 0 0 0 0 0 0 0 0 1 1 1 1 1 0 0 1 0 1 0 0 0 1 0 0 1 0 0] | Precisión: 0.97 | Hamming: 1
------------------------------------------------------------

RESULTADOS CON CLAVES ERRÓNEAS

Bob -> Precisión media (clave errada): 0.9000 | Hamming media: 3.20
Bob -> Reconstrucciones perfectas (con clave errada): 0



EVALUACIÓN CON 900:

Original     --> [0 0 1 1 1 1 1 1 1 0 1 1 1 0 0 1 0 1 1 0 0 0 0 1 1 1 1 1 1 1 1 0]
Reconstruido --> [0 0 1 1 1 1 1 1 1 0 1 0 1 0 0 1 0 1 1 0 0 0 0 1 1 1 1 1 1 1 1 0] | Precisión: 0.97
Distancia de Hamming: 1
--------------------------------------------------
Original     --> [1 0 0 0 0 0 0 1 0 0 0 0 0 0 1 0 1 1 0 0 0 1 0 0 0 1 0 1 1 0 0 1]
Reconstruido --> [1 0 0 0 0 0 0 0 0 0 0 0 0 0 1 0 1 1 0 0 0 1 0 0 0 1 0 1 1 0 0 1] | Precisión: 0.97
Distancia de Hamming: 1
--------------------------------------------------
Original     --> [1 0 0 0 0 1 0 0 0 1 0 0 1 1 1 1 0 1 1 0 0 1 0 0 1 1 0 0 1 0 1 0]
Reconstruido --> [1 0 0 1 0 1 0 0 0 1 0 0 0 1 1 1 0 0 1 0 0 1 0 0 1 1 0 0 1 1 1 0] | Precisión: 0.88
Distancia de Hamming: 4
--------------------------------------------------
Original     --> [0 1 0 0 1 1 0 0 1 1 0 0 1 1 0 0 1 1 0 0 0 0 1 1 0 1 1 0 0 1 0 0]
Reconstruido --> [0 1 0 0 1 1 0 0 1 1 0 0 1 1 0 0 1 1 0 0 0 0 1 1 0 1 1 0 0 1 0 0] | Precisión: 1.00
Distancia de Hamming: 0
--------------------------------------------------
Original     --> [1 0 0 0 1 0 1 0 1 1 0 0 1 1 1 0 0 0 0 0 1 0 0 0 0 1 0 0 1 1 0 0]
Reconstruido --> [1 0 0 0 1 0 1 0 1 1 0 0 1 1 1 0 0 0 0 0 1 0 0 0 0 1 0 0 1 1 0 0] | Precisión: 1.00
Distancia de Hamming: 0
--------------------------------------------------
Original     --> [1 0 1 0 1 1 1 0 0 0 0 1 0 0 0 1 1 1 1 0 0 1 0 1 0 1 0 0 0 1 1 0]
Reconstruido --> [1 0 1 0 1 1 1 0 0 0 0 0 0 0 0 1 1 1 1 0 1 1 0 1 1 1 0 0 0 1 1 0] | Precisión: 0.91
Distancia de Hamming: 3
--------------------------------------------------
Original     --> [0 0 1 0 1 0 0 1 0 0 0 1 0 0 1 1 1 0 1 0 1 0 0 1 1 0 0 1 0 0 0 0]
Reconstruido --> [0 0 1 0 1 1 0 0 0 0 0 1 0 0 1 1 1 0 1 0 1 1 0 1 1 0 0 1 0 0 0 0] | Precisión: 0.91
Distancia de Hamming: 3
--------------------------------------------------
Original     --> [0 0 0 0 1 0 1 1 1 1 0 1 0 1 0 0 0 1 1 0 0 1 0 0 0 1 1 0 1 1 0 1]
Reconstruido --> [0 0 0 0 1 0 1 0 1 1 0 1 0 1 0 0 0 1 1 0 0 0 0 0 0 1 1 0 1 1 0 1] | Precisión: 0.94
Distancia de Hamming: 2
--------------------------------------------------
Original     --> [1 0 0 0 0 0 1 0 0 0 1 1 1 1 0 1 0 1 0 0 0 0 1 1 1 1 0 0 1 0 0 0]
Reconstruido --> [1 0 0 0 0 0 1 1 0 0 1 1 1 0 0 1 0 1 0 0 0 0 1 1 1 1 0 0 1 1 0 0] | Precisión: 0.91
Distancia de Hamming: 3
--------------------------------------------------
Original     --> [1 0 0 0 0 0 1 1 0 0 1 0 1 1 0 0 0 0 1 1 0 1 0 0 0 1 1 0 1 1 1 1]
Reconstruido --> [1 0 0 0 0 0 1 0 0 0 1 0 1 1 0 1 0 0 1 1 0 0 0 0 0 1 1 0 1 1 1 1] | Precisión: 0.91
Distancia de Hamming: 3
--------------------------------------------------
La media de la precisión del descifrado es 0.9074
Distancia media de Hamming = 2.9619 | Número de bits: 32
Número de reconstrucciones perfectas = 1084



 EVALUACIÓN DE BOB CON CLAVES ERRÓNEAS

[1] Bob (clave errada) --> [0 0 1 1 1 1 1 1 1 0 1 0 1 0 0 1 0 1 1 0 0 0 0 1 1 1 1 0 1 1 1 0] | Precisión: 0.94 | Hamming: 2
------------------------------------------------------------
[2] Bob (clave errada) --> [1 1 0 0 0 0 0 1 0 0 0 0 0 1 1 0 1 1 0 0 0 1 0 0 0 1 0 1 1 0 0 1] | Precisión: 0.94 | Hamming: 2
------------------------------------------------------------
[3] Bob (clave errada) --> [1 0 0 0 0 1 0 0 0 1 0 0 0 1 1 1 0 0 1 0 0 1 0 0 1 1 0 0 1 1 1 0] | Precisión: 0.91 | Hamming: 3
------------------------------------------------------------
[4] Bob (clave errada) --> [0 1 0 0 1 1 0 0 1 1 0 0 1 1 0 0 1 1 0 0 0 0 1 1 0 1 1 0 0 1 0 0] | Precisión: 1.00 | Hamming: 0
------------------------------------------------------------
[5] Bob (clave errada) --> [1 0 0 0 1 0 1 0 1 1 0 0 1 1 1 0 0 0 0 0 1 0 0 0 0 1 0 0 1 1 0 0] | Precisión: 1.00 | Hamming: 0
------------------------------------------------------------
[6] Bob (clave errada) --> [1 0 0 0 1 1 1 0 0 0 0 0 0 0 0 1 1 1 1 0 0 1 0 1 0 1 0 0 0 1 1 0] | Precisión: 0.94 | Hamming: 2
------------------------------------------------------------
[7] Bob (clave errada) --> [0 0 1 0 1 1 0 0 0 0 0 1 0 0 1 0 1 0 1 0 1 1 0 1 1 0 0 1 0 0 0 0] | Precisión: 0.88 | Hamming: 4
------------------------------------------------------------
[8] Bob (clave errada) --> [0 0 0 0 1 0 1 0 1 1 0 1 0 1 0 0 0 1 1 0 0 0 0 0 0 1 1 0 1 1 0 1] | Precisión: 0.94 | Hamming: 2
------------------------------------------------------------
[9] Bob (clave errada) --> [1 0 0 0 0 0 1 1 0 1 1 1 1 1 0 1 0 1 0 0 0 0 1 1 1 1 0 0 1 1 0 0] | Precisión: 0.91 | Hamming: 3
------------------------------------------------------------
[10] Bob (clave errada) --> [1 0 0 0 0 0 0 0 0 0 1 0 1 1 0 0 0 0 1 1 0 1 0 0 0 1 1 0 1 1 1 1] | Precisión: 0.94 | Hamming: 2
------------------------------------------------------------

RESULTADOS CON CLAVES ERRÓNEAS

Bob -> Precisión media (clave errada): 0.9375 | Hamming media: 2.00
Bob -> Reconstrucciones perfectas (con clave errada): 2



EVALUACIÓN CON 1200:

Original     --> [0 0 0 0 0 0 1 1 1 1 0 0 1 1 1 1 0 0 0 1 0 1 1 1 0 1 1 0 1 1 1 1]
Reconstruido --> [1 0 0 0 0 0 1 1 0 1 0 0 1 1 1 1 0 0 0 1 0 1 1 1 0 1 1 0 1 1 1 1] | Precisión: 0.94
Distancia de Hamming: 2
--------------------------------------------------
Original     --> [1 0 0 0 0 1 1 1 1 0 0 1 0 0 1 1 1 0 1 1 0 0 0 0 1 1 0 0 1 1 1 0]
Reconstruido --> [1 1 0 0 0 0 1 1 1 0 0 1 0 0 1 1 1 0 1 1 0 0 1 0 1 1 0 0 0 0 1 1] | Precisión: 0.81
Distancia de Hamming: 6
--------------------------------------------------
Original     --> [0 0 1 0 1 0 0 0 1 1 0 0 0 1 1 1 1 0 1 1 1 1 1 0 0 0 1 1 1 1 0 0]
Reconstruido --> [0 0 1 0 1 0 0 0 1 1 1 0 1 1 1 1 1 0 0 1 1 1 1 0 0 0 1 1 1 1 0 0] | Precisión: 0.91
Distancia de Hamming: 3
--------------------------------------------------
Original     --> [0 0 1 1 1 0 0 1 1 0 0 0 0 0 0 0 1 1 1 0 1 0 1 0 1 1 0 1 0 0 0 1]
Reconstruido --> [0 0 1 1 1 0 0 1 1 0 0 0 0 0 0 0 1 1 1 0 1 0 1 0 1 1 0 1 0 0 0 1] | Precisión: 1.00
Distancia de Hamming: 0
--------------------------------------------------
Original     --> [1 0 1 1 1 1 1 0 0 0 0 1 1 0 1 0 1 1 0 0 1 0 0 1 1 1 0 0 1 1 0 0]
Reconstruido --> [1 0 1 1 1 0 0 0 0 0 0 0 1 0 0 0 1 1 0 0 1 0 0 1 1 1 1 0 1 0 0 0] | Precisión: 0.81
Distancia de Hamming: 6
--------------------------------------------------
Original     --> [0 0 0 1 1 0 1 0 1 0 0 0 1 1 1 1 1 0 1 0 0 0 1 1 0 0 0 1 0 1 0 1]
Reconstruido --> [0 1 0 1 1 0 0 0 1 0 1 0 1 1 1 1 1 0 1 0 0 0 1 0 1 0 0 1 0 1 0 1] | Precisión: 0.84
Distancia de Hamming: 5
--------------------------------------------------
Original     --> [0 1 1 1 1 1 0 0 1 1 1 1 0 1 1 0 1 1 0 0 1 0 0 0 0 0 1 0 0 0 0 0]
Reconstruido --> [0 1 1 1 1 1 0 0 1 1 1 1 0 1 1 0 1 1 0 0 1 0 0 0 0 0 1 0 0 0 0 0] | Precisión: 1.00
Distancia de Hamming: 0
--------------------------------------------------
Original     --> [0 0 0 1 1 1 0 1 1 0 1 0 0 0 1 1 0 0 0 1 1 0 1 0 1 0 1 1 0 0 1 1]
Reconstruido --> [0 0 0 1 1 1 0 1 1 0 1 1 0 0 1 1 0 0 0 1 1 0 1 0 0 0 1 1 0 0 1 1] | Precisión: 0.94
Distancia de Hamming: 2
--------------------------------------------------
Original     --> [1 1 1 1 1 1 1 1 1 0 0 0 1 0 0 1 1 0 1 1 1 0 1 0 0 1 1 0 1 0 1 1]
Reconstruido --> [1 1 1 1 0 1 1 1 1 0 0 0 1 0 1 1 1 0 1 1 1 1 1 0 0 1 1 0 1 0 0 1] | Precisión: 0.88
Distancia de Hamming: 4
--------------------------------------------------
Original     --> [0 0 0 0 1 1 1 0 1 1 1 1 0 0 0 1 1 1 1 1 0 1 1 1 0 0 0 1 0 1 0 0]
Reconstruido --> [0 1 0 0 1 1 1 0 1 1 1 1 0 0 0 1 1 1 1 1 0 1 1 1 0 0 0 1 0 1 0 0] | Precisión: 0.97
Distancia de Hamming: 1
--------------------------------------------------
La media de la precisión del descifrado es 0.9056
Distancia media de Hamming = 3.0211 | Número de bits: 32
Número de reconstrucciones perfectas = 985



 EVALUACIÓN DE BOB CON CLAVES ERRÓNEAS

[1] Bob (clave errada) --> [1 0 0 0 0 0 1 1 0 1 0 0 1 1 1 1 0 0 1 1 0 1 1 1 0 1 1 0 1 1 1 1] | Precisión: 0.91 | Hamming: 3
------------------------------------------------------------
[2] Bob (clave errada) --> [1 0 0 0 0 0 0 1 1 0 0 1 1 0 1 1 1 0 1 1 0 0 1 0 1 1 0 0 0 0 1 0] | Precisión: 0.81 | Hamming: 6
------------------------------------------------------------
[3] Bob (clave errada) --> [0 0 1 0 1 0 0 0 1 1 0 0 0 1 1 1 1 0 0 1 1 1 1 0 0 0 1 1 1 1 0 0] | Precisión: 0.97 | Hamming: 1
------------------------------------------------------------
[4] Bob (clave errada) --> [0 0 1 1 1 0 0 1 1 0 0 0 0 0 0 0 1 1 1 0 1 0 1 0 1 1 0 1 0 0 0 1] | Precisión: 1.00 | Hamming: 0
------------------------------------------------------------
[5] Bob (clave errada) --> [1 1 1 1 1 0 1 0 0 1 0 1 1 0 0 0 1 1 0 0 1 0 0 1 1 1 1 0 1 1 0 1] | Precisión: 0.81 | Hamming: 6
------------------------------------------------------------
[6] Bob (clave errada) --> [0 0 0 0 1 0 0 0 0 0 0 0 1 1 1 1 1 0 1 0 0 0 1 0 0 0 0 1 0 0 0 0] | Precisión: 0.81 | Hamming: 6
------------------------------------------------------------
[7] Bob (clave errada) --> [0 1 1 1 1 1 0 0 1 1 1 1 0 1 1 0 1 1 0 0 1 0 0 0 0 0 1 0 0 1 0 0] | Precisión: 0.97 | Hamming: 1
------------------------------------------------------------
[8] Bob (clave errada) --> [0 0 0 1 1 1 0 1 1 0 1 1 0 0 1 1 0 0 0 1 1 0 1 0 0 0 1 1 0 0 1 1] | Precisión: 0.94 | Hamming: 2
------------------------------------------------------------
[9] Bob (clave errada) --> [1 1 1 1 1 1 1 1 1 0 0 0 1 0 1 1 1 0 0 1 1 0 1 0 0 1 1 0 1 0 0 1] | Precisión: 0.91 | Hamming: 3
------------------------------------------------------------
[10] Bob (clave errada) --> [0 0 0 0 1 1 0 0 1 1 1 1 0 0 0 1 1 1 1 1 0 0 1 1 0 0 0 1 0 1 0 0] | Precisión: 0.94 | Hamming: 2
------------------------------------------------------------

RESULTADOS CON CLAVES ERRÓNEAS

Bob -> Precisión media (clave errada): 0.9062 | Hamming media: 3.00
Bob -> Reconstrucciones perfectas (con clave errada): 1



EVALUACIÓN CON 1500:

Original     --> [1 0 0 0 1 0 1 1 1 1 1 0 0 0 1 1 0 1 0 1 1 0 1 1 0 0 0 1 0 0 0 1]
Reconstruido --> [1 0 0 0 1 0 1 1 1 1 1 0 1 0 1 1 0 1 0 1 0 0 1 1 0 0 0 1 0 0 0 1] | Precisión: 0.94
Distancia de Hamming: 2
--------------------------------------------------
Original     --> [0 1 1 1 0 0 0 1 1 0 0 0 1 0 1 0 1 1 0 1 0 0 1 1 1 1 1 1 0 1 1 1]
Reconstruido --> [0 1 1 1 0 0 0 1 1 1 0 0 1 0 1 0 1 1 0 1 0 0 1 1 1 1 1 1 0 1 1 1] | Precisión: 0.97
Distancia de Hamming: 1
--------------------------------------------------
Original     --> [1 1 1 0 0 0 1 1 1 1 1 1 1 0 0 0 1 1 0 1 1 0 1 1 0 0 1 0 0 1 1 0]
Reconstruido --> [1 1 1 0 0 0 1 1 1 1 1 1 1 0 0 0 1 1 0 1 1 0 1 1 0 0 1 0 0 1 1 1] | Precisión: 0.97
Distancia de Hamming: 1
--------------------------------------------------
Original     --> [1 1 0 0 0 0 1 1 0 1 0 0 1 0 0 0 1 0 1 1 0 1 1 1 1 0 1 0 0 0 1 0]
Reconstruido --> [1 0 0 0 0 0 1 1 0 1 0 0 1 0 1 0 1 0 1 1 0 1 1 1 1 0 1 0 0 0 1 0] | Precisión: 0.94
Distancia de Hamming: 2
--------------------------------------------------
Original     --> [1 0 0 0 1 1 1 1 0 0 0 0 1 1 0 1 1 0 0 0 1 1 0 0 1 1 0 0 0 1 1 0]
Reconstruido --> [0 0 0 0 1 0 1 1 1 0 0 0 0 1 1 1 1 0 0 0 1 1 0 0 1 1 0 0 0 1 1 0] | Precisión: 0.84
Distancia de Hamming: 5
--------------------------------------------------
Original     --> [0 0 1 0 1 0 1 0 0 1 1 0 1 0 1 0 1 0 0 0 1 0 1 0 0 1 0 1 0 0 1 1]
Reconstruido --> [0 0 1 0 1 0 1 0 0 1 1 0 1 0 1 0 1 0 0 0 1 0 1 0 0 1 0 1 0 0 0 1] | Precisión: 0.97
Distancia de Hamming: 1
--------------------------------------------------
Original     --> [0 0 1 0 0 1 1 1 1 0 1 0 1 1 0 1 1 0 1 0 0 0 0 0 1 0 0 1 0 1 0 0]
Reconstruido --> [0 0 1 0 0 0 1 1 1 0 1 0 1 1 0 1 1 0 1 1 1 0 0 0 1 0 0 1 0 1 0 0] | Precisión: 0.91
Distancia de Hamming: 3
--------------------------------------------------
Original     --> [0 1 1 0 1 0 0 1 0 1 0 1 0 0 1 1 1 0 1 0 0 0 0 0 0 1 0 0 1 0 0 1]
Reconstruido --> [0 1 1 0 1 0 1 1 0 1 0 1 0 0 0 1 1 0 0 0 0 1 0 0 0 1 0 0 1 0 0 1] | Precisión: 0.88
Distancia de Hamming: 4
--------------------------------------------------
Original     --> [0 0 0 0 1 1 0 1 0 0 0 0 1 1 1 1 1 1 1 1 0 1 0 1 1 0 1 1 1 1 0 0]
Reconstruido --> [1 1 0 0 1 1 0 1 0 0 0 0 1 1 1 1 1 1 1 1 0 1 1 0 1 0 0 1 1 1 1 0] | Precisión: 0.81
Distancia de Hamming: 6
--------------------------------------------------
Original     --> [0 0 0 1 0 0 1 0 1 1 1 1 0 1 1 1 1 0 1 1 1 1 0 1 0 1 1 1 1 1 1 0]
Reconstruido --> [0 0 0 1 0 0 1 0 1 1 1 1 0 1 1 1 0 0 1 1 1 0 0 0 1 1 1 1 1 1 1 0] | Precisión: 0.88
Distancia de Hamming: 4
--------------------------------------------------
La media de la precisión del descifrado es 0.9107
Distancia media de Hamming = 2.8568 | Número de bits: 32
Número de reconstrucciones perfectas = 1180



 EVALUACIÓN DE BOB CON CLAVES ERRÓNEAS

[1] Bob (clave errada) --> [1 0 0 0 1 0 1 1 1 1 1 0 1 0 1 1 0 1 0 1 0 0 1 0 0 0 1 1 0 0 0 1] | Precisión: 0.88 | Hamming: 4
------------------------------------------------------------
[2] Bob (clave errada) --> [0 1 1 1 0 0 0 1 1 1 0 0 1 0 1 0 1 1 0 1 0 0 1 1 1 1 1 1 0 1 1 1] | Precisión: 0.97 | Hamming: 1
------------------------------------------------------------
[3] Bob (clave errada) --> [1 1 1 0 0 0 1 1 1 1 1 1 1 0 0 0 1 1 0 1 1 0 0 1 0 0 1 0 0 0 0 0] | Precisión: 0.91 | Hamming: 3
------------------------------------------------------------
[4] Bob (clave errada) --> [0 1 0 0 0 0 1 1 0 1 0 0 1 0 1 0 1 0 1 1 0 1 1 1 1 0 1 0 0 0 1 0] | Precisión: 0.94 | Hamming: 2
------------------------------------------------------------
[5] Bob (clave errada) --> [0 0 0 0 1 0 1 1 0 0 0 0 0 1 1 1 1 0 0 0 1 1 0 0 1 1 0 0 0 1 1 0] | Precisión: 0.88 | Hamming: 4
------------------------------------------------------------
[6] Bob (clave errada) --> [0 0 1 0 1 0 1 0 0 1 1 0 1 0 1 0 1 0 0 0 1 0 1 0 0 1 0 1 0 0 0 1] | Precisión: 0.97 | Hamming: 1
------------------------------------------------------------
[7] Bob (clave errada) --> [0 0 1 0 0 1 1 1 1 0 1 0 1 1 0 1 1 0 0 1 1 0 1 0 1 0 0 1 1 1 0 0] | Precisión: 0.84 | Hamming: 5
------------------------------------------------------------
[8] Bob (clave errada) --> [0 1 1 0 1 0 1 1 0 1 0 1 0 0 1 1 1 0 0 0 0 1 0 0 0 1 1 0 1 1 1 1] | Precisión: 0.81 | Hamming: 6
------------------------------------------------------------
[9] Bob (clave errada) --> [1 0 1 0 1 1 0 1 0 0 0 0 1 1 1 1 1 1 1 1 0 1 0 0 1 0 1 1 0 1 1 0] | Precisión: 0.84 | Hamming: 5
------------------------------------------------------------
[10] Bob (clave errada) --> [0 0 0 1 0 0 1 0 1 1 1 1 0 1 1 1 0 0 1 1 1 0 0 1 1 1 1 1 1 1 1 0] | Precisión: 0.91 | Hamming: 3
------------------------------------------------------------

RESULTADOS CON CLAVES ERRÓNEAS

Bob -> Precisión media (clave errada): 0.8938 | Hamming media: 3.40
Bob -> Reconstrucciones perfectas (con clave errada): 0



EVALUACIÓN CON 1800:

Original     --> [1 1 1 0 1 1 0 1 0 1 0 1 1 1 0 0 1 1 0 1 0 1 0 1 0 0 1 1 0 1 0 1]
Reconstruido --> [1 1 1 0 1 1 0 1 0 1 0 1 1 1 0 0 1 1 0 1 0 1 0 1 0 0 1 1 0 1 0 1] | Precisión: 1.00
Distancia de Hamming: 0
--------------------------------------------------
Original     --> [0 1 0 1 1 1 0 0 0 0 0 1 1 1 1 1 0 1 0 0 1 1 0 0 1 1 1 1 1 0 0 1]
Reconstruido --> [0 1 0 1 1 1 0 0 1 0 0 1 1 1 1 0 0 1 0 0 1 1 1 0 1 1 1 1 1 0 0 1] | Precisión: 0.91
Distancia de Hamming: 3
--------------------------------------------------
Original     --> [0 0 1 0 0 0 0 1 0 0 0 0 1 1 0 0 1 1 1 1 0 1 0 0 0 1 1 1 0 0 1 0]
Reconstruido --> [0 0 1 0 0 0 0 1 0 0 0 0 1 1 0 0 1 0 1 1 0 1 0 0 0 1 1 1 0 0 1 0] | Precisión: 0.97
Distancia de Hamming: 1
--------------------------------------------------
Original     --> [1 0 0 1 1 0 0 0 1 1 1 0 0 1 1 0 1 1 1 1 1 1 0 1 0 0 1 1 1 0 0 1]
Reconstruido --> [1 0 0 1 1 0 0 0 1 1 1 0 0 1 1 0 1 1 1 1 1 1 1 1 0 0 1 1 1 0 0 1] | Precisión: 0.97
Distancia de Hamming: 1
--------------------------------------------------
Original     --> [0 1 0 1 1 1 1 1 1 1 0 1 1 0 1 0 1 0 0 1 1 1 0 1 0 1 0 0 1 0 0 0]
Reconstruido --> [0 1 0 1 1 1 1 1 1 1 0 1 1 0 1 1 1 0 0 1 1 1 0 1 0 1 0 0 1 0 0 0] | Precisión: 0.97
Distancia de Hamming: 1
--------------------------------------------------
Original     --> [0 1 0 0 0 1 0 0 1 1 0 1 1 0 0 0 1 1 0 1 1 1 1 0 0 1 0 0 0 1 0 0]
Reconstruido --> [0 1 0 0 0 1 0 0 1 1 0 1 1 0 0 1 1 1 0 1 1 1 1 0 0 1 0 0 0 1 0 0] | Precisión: 0.97
Distancia de Hamming: 1
--------------------------------------------------
Original     --> [0 1 0 1 1 1 0 1 0 0 0 0 0 0 1 0 1 0 0 1 1 0 0 1 1 1 1 1 0 1 0 0]
Reconstruido --> [0 1 1 1 1 1 0 0 0 0 0 1 0 0 1 0 1 0 0 1 1 0 0 1 1 1 1 1 0 1 0 0] | Precisión: 0.91
Distancia de Hamming: 3
--------------------------------------------------
Original     --> [0 1 0 1 0 1 0 0 1 0 0 0 1 1 1 1 1 0 0 1 1 0 1 1 0 0 0 1 0 1 1 1]
Reconstruido --> [0 1 0 1 0 1 1 0 1 0 0 0 1 0 1 1 1 0 0 1 1 0 1 1 0 0 0 1 0 1 1 1] | Precisión: 0.94
Distancia de Hamming: 2
--------------------------------------------------
Original     --> [0 1 1 0 1 1 1 0 0 1 0 1 0 0 0 0 0 1 0 1 1 0 1 0 0 1 0 1 1 1 1 0]
Reconstruido --> [0 1 1 0 1 1 1 0 0 1 0 1 0 0 0 1 0 1 0 1 1 0 1 0 0 1 0 1 1 1 1 0] | Precisión: 0.97
Distancia de Hamming: 1
--------------------------------------------------
Original     --> [0 0 1 0 1 1 0 1 0 0 0 1 1 1 1 0 0 1 1 1 0 0 1 0 0 1 0 1 1 1 0 0]
Reconstruido --> [0 0 1 0 1 1 0 1 0 0 0 1 1 1 1 0 0 1 1 1 0 0 1 0 0 1 0 1 1 1 0 0] | Precisión: 1.00
Distancia de Hamming: 0
--------------------------------------------------
La media de la precisión del descifrado es 0.9378
Distancia media de Hamming = 1.9913 | Número de bits: 32
Número de reconstrucciones perfectas = 2511



 EVALUACIÓN DE BOB CON CLAVES ERRÓNEAS

[1] Bob (clave errada) --> [1 1 1 0 1 1 0 1 0 1 0 1 1 1 0 0 1 1 0 1 0 1 0 1 0 0 1 1 0 1 0 1] | Precisión: 1.00 | Hamming: 0
------------------------------------------------------------
[2] Bob (clave errada) --> [1 1 0 1 1 1 0 0 1 0 0 1 1 1 1 1 0 1 0 0 1 1 1 1 1 1 1 1 1 0 1 1] | Precisión: 0.84 | Hamming: 5
------------------------------------------------------------
[3] Bob (clave errada) --> [1 0 1 0 0 0 0 1 0 0 0 0 1 1 0 0 1 1 1 1 0 1 0 0 0 1 1 1 0 0 1 0] | Precisión: 0.97 | Hamming: 1
------------------------------------------------------------
[4] Bob (clave errada) --> [1 0 0 1 1 0 0 0 1 1 1 0 0 1 1 0 1 1 1 1 1 1 1 1 0 0 1 1 1 0 0 1] | Precisión: 0.97 | Hamming: 1
------------------------------------------------------------
[5] Bob (clave errada) --> [0 1 0 1 1 1 1 1 1 1 0 1 1 0 1 1 1 0 0 1 1 1 0 1 0 1 0 0 1 0 0 0] | Precisión: 0.97 | Hamming: 1
------------------------------------------------------------
[6] Bob (clave errada) --> [0 1 0 0 0 1 0 0 1 1 0 1 1 0 0 1 1 0 0 1 0 0 1 0 0 1 0 0 0 1 0 0] | Precisión: 0.88 | Hamming: 4
------------------------------------------------------------
[7] Bob (clave errada) --> [1 1 1 1 1 1 0 0 0 0 0 1 0 0 1 0 1 0 0 1 1 0 0 1 1 1 1 1 0 1 0 0] | Precisión: 0.88 | Hamming: 4
------------------------------------------------------------
[8] Bob (clave errada) --> [0 1 0 1 0 1 1 0 1 0 0 0 1 0 1 1 1 0 0 1 1 0 0 1 0 0 0 0 0 1 1 1] | Precisión: 0.88 | Hamming: 4
------------------------------------------------------------
[9] Bob (clave errada) --> [0 1 1 0 1 1 1 0 0 1 0 1 0 0 0 1 0 1 0 1 1 0 1 0 0 1 0 1 1 1 1 0] | Precisión: 0.97 | Hamming: 1
------------------------------------------------------------
[10] Bob (clave errada) --> [0 0 1 0 1 1 0 1 0 0 0 1 1 1 1 0 0 1 1 1 0 0 1 0 0 1 0 1 1 1 0 0] | Precisión: 1.00 | Hamming: 0
------------------------------------------------------------

RESULTADOS CON CLAVES ERRÓNEAS

Bob -> Precisión media (clave errada): 0.9344 | Hamming media: 2.10
Bob -> Reconstrucciones perfectas (con clave errada): 2



EVALUACIÓN CON 2100:

Original     --> [0 1 1 0 1 0 0 0 0 0 1 0 0 0 0 1 0 1 1 0 1 1 0 1 0 0 0 1 0 0 0 1]
Reconstruido --> [0 1 1 0 1 0 0 0 0 0 1 0 0 0 0 1 1 1 1 0 1 1 0 1 0 0 0 1 1 0 0 1] | Precisión: 0.94
Distancia de Hamming: 2
--------------------------------------------------
Original     --> [0 1 0 0 1 1 1 0 0 0 0 0 1 0 1 0 1 0 1 0 1 0 0 1 0 1 1 0 1 1 0 0]
Reconstruido --> [1 1 0 0 1 1 1 0 0 0 1 0 1 0 1 0 1 0 1 1 1 0 0 1 0 1 1 0 1 1 1 0] | Precisión: 0.88
Distancia de Hamming: 4
--------------------------------------------------
Original     --> [1 0 0 1 0 0 0 0 1 0 0 0 0 0 1 1 0 1 0 1 1 0 1 0 0 0 0 1 1 0 0 0]
Reconstruido --> [1 0 0 1 0 0 0 0 1 0 0 0 0 0 0 1 0 1 0 1 1 0 1 0 0 0 0 1 1 0 0 0] | Precisión: 0.97
Distancia de Hamming: 1
--------------------------------------------------
Original     --> [0 0 1 0 1 1 1 1 0 0 1 0 0 0 0 1 0 0 0 1 0 1 1 0 0 1 1 0 1 0 1 1]
Reconstruido --> [0 0 1 0 1 1 1 1 0 0 1 0 0 1 0 1 0 0 0 1 0 1 1 0 0 1 1 0 1 0 1 1] | Precisión: 0.97
Distancia de Hamming: 1
--------------------------------------------------
Original     --> [1 1 0 1 1 0 0 1 0 1 1 1 0 0 0 1 1 1 0 1 0 0 0 0 1 0 1 0 1 1 0 0]
Reconstruido --> [1 1 0 1 0 0 0 1 1 1 1 1 0 0 0 1 1 1 0 1 0 0 0 0 1 0 1 0 1 1 0 0] | Precisión: 0.94
Distancia de Hamming: 2
--------------------------------------------------
Original     --> [0 0 0 1 1 1 1 0 1 0 1 0 0 0 1 1 0 1 1 0 0 1 1 1 1 0 0 0 0 1 0 0]
Reconstruido --> [0 0 0 1 1 1 1 0 1 0 1 0 0 0 1 1 0 1 1 0 0 1 1 1 1 0 0 0 0 1 1 1] | Precisión: 0.94
Distancia de Hamming: 2
--------------------------------------------------
Original     --> [0 1 0 1 0 0 1 0 0 0 1 1 0 1 1 0 0 1 0 1 1 0 0 0 1 1 0 0 0 0 1 0]
Reconstruido --> [1 1 0 1 0 0 1 0 0 0 1 1 0 1 1 0 0 0 0 0 1 0 0 0 1 1 0 1 0 0 1 0] | Precisión: 0.88
Distancia de Hamming: 4
--------------------------------------------------
Original     --> [1 0 1 0 1 0 0 0 0 0 1 0 0 1 0 1 1 1 1 0 0 0 0 1 0 0 1 1 0 1 1 0]
Reconstruido --> [1 0 1 0 1 0 1 0 0 0 1 0 0 1 0 1 1 1 1 0 0 0 0 1 1 0 1 1 1 1 1 0] | Precisión: 0.91
Distancia de Hamming: 3
--------------------------------------------------
Original     --> [1 1 1 1 1 0 0 1 1 1 1 1 0 1 1 1 0 1 0 0 1 1 0 1 1 0 1 0 1 0 0 1]
Reconstruido --> [1 1 1 0 1 0 0 1 1 1 1 1 0 1 1 1 1 1 0 1 0 0 0 1 1 0 1 0 1 0 0 1] | Precisión: 0.84
Distancia de Hamming: 5
--------------------------------------------------
Original     --> [1 1 0 1 0 0 0 1 1 1 0 0 1 1 1 1 0 1 0 0 0 1 0 0 0 0 1 0 1 1 1 0]
Reconstruido --> [1 1 0 1 0 0 0 1 1 0 0 0 1 0 0 1 0 1 0 1 0 1 0 0 1 0 1 0 1 1 1 0] | Precisión: 0.84
Distancia de Hamming: 5
--------------------------------------------------
La media de la precisión del descifrado es 0.9387
Distancia media de Hamming = 1.9605 | Número de bits: 32
Número de reconstrucciones perfectas = 2685



 EVALUACIÓN DE BOB CON CLAVES ERRÓNEAS

[1] Bob (clave errada) --> [0 1 1 0 1 0 0 0 0 0 1 0 0 0 1 1 1 1 1 0 1 1 0 1 0 0 1 1 1 1 0 1] | Precisión: 0.84 | Hamming: 5
------------------------------------------------------------
[2] Bob (clave errada) --> [1 1 1 0 1 1 1 0 0 0 1 0 1 0 1 0 1 0 1 1 1 0 0 1 0 1 1 0 1 1 1 1] | Precisión: 0.81 | Hamming: 6
------------------------------------------------------------
[3] Bob (clave errada) --> [1 1 0 1 0 0 0 0 1 0 0 0 0 0 1 1 0 1 0 1 1 0 1 0 0 1 0 1 1 1 0 1] | Precisión: 0.88 | Hamming: 4
------------------------------------------------------------
[4] Bob (clave errada) --> [0 0 1 0 1 1 1 1 0 0 1 0 0 0 0 1 0 0 0 1 0 1 1 0 0 1 1 0 1 0 1 1] | Precisión: 1.00 | Hamming: 0
------------------------------------------------------------
[5] Bob (clave errada) --> [1 1 0 1 0 0 0 1 1 1 1 1 0 0 0 1 1 1 0 1 0 0 0 0 1 0 1 0 1 1 0 0] | Precisión: 0.94 | Hamming: 2
------------------------------------------------------------
[6] Bob (clave errada) --> [0 0 0 1 1 1 1 0 1 0 1 0 0 0 1 1 0 0 1 0 0 1 1 1 1 0 0 0 0 1 1 0] | Precisión: 0.94 | Hamming: 2
------------------------------------------------------------
[7] Bob (clave errada) --> [0 1 0 1 0 0 1 0 0 0 1 1 0 1 1 0 0 0 0 0 1 0 0 0 1 1 0 1 0 0 1 0] | Precisión: 0.91 | Hamming: 3
------------------------------------------------------------
[8] Bob (clave errada) --> [1 0 1 0 1 0 1 0 0 0 1 0 0 1 0 1 1 1 1 0 0 0 0 1 1 0 1 1 1 1 1 0] | Precisión: 0.91 | Hamming: 3
------------------------------------------------------------
[9] Bob (clave errada) --> [1 1 1 0 0 0 0 1 1 1 1 1 0 1 1 1 0 1 0 1 0 1 0 1 1 0 1 0 1 1 0 1] | Precisión: 0.84 | Hamming: 5
------------------------------------------------------------
[10] Bob (clave errada) --> [1 1 0 1 0 0 0 1 1 0 0 0 1 0 0 1 0 1 0 1 0 1 0 0 1 0 1 0 1 1 1 0] | Precisión: 0.84 | Hamming: 5
------------------------------------------------------------

RESULTADOS CON CLAVES ERRÓNEAS

Bob -> Precisión media (clave errada): 0.8906 | Hamming media: 3.50
Bob -> Reconstrucciones perfectas (con clave errada): 1



EVALUACIÓN CON 2400:

Original     --> [1 1 1 1 1 0 1 1 1 1 1 1 1 1 1 0 1 1 0 0 0 1 1 1 1 0 0 0 1 0 0 0]
Reconstruido --> [1 1 1 1 1 0 1 1 1 1 1 1 1 1 1 0 1 1 0 0 0 1 1 1 1 0 1 0 1 0 0 0] | Precisión: 0.97
Distancia de Hamming: 1
--------------------------------------------------
Original     --> [1 0 1 0 0 0 0 0 1 0 1 1 1 0 1 0 0 1 0 0 1 1 1 1 0 0 1 1 1 0 0 1]
Reconstruido --> [1 0 1 0 0 0 0 0 1 0 1 1 1 0 1 0 0 1 0 0 1 1 1 1 0 0 1 1 1 0 0 1] | Precisión: 1.00
Distancia de Hamming: 0
--------------------------------------------------
Original     --> [0 1 0 0 1 0 1 1 0 0 1 0 1 1 1 0 0 0 1 0 0 1 1 1 1 0 1 1 0 0 0 0]
Reconstruido --> [0 1 0 0 1 0 1 1 0 0 1 0 1 1 1 0 0 0 1 0 0 1 1 1 0 0 1 1 0 0 0 0] | Precisión: 0.97
Distancia de Hamming: 1
--------------------------------------------------
Original     --> [0 0 0 1 1 1 0 1 0 0 0 0 0 0 0 0 1 1 0 1 0 1 0 1 0 0 1 1 1 0 1 1]
Reconstruido --> [0 1 0 1 1 1 1 1 0 0 0 0 0 0 0 0 1 1 0 1 0 1 0 1 0 0 0 1 1 0 1 0] | Precisión: 0.88
Distancia de Hamming: 4
--------------------------------------------------
Original     --> [1 0 0 1 1 1 1 0 1 0 0 1 0 1 0 0 0 1 0 0 0 1 1 0 1 0 1 0 1 1 1 1]
Reconstruido --> [1 0 0 1 1 1 1 0 1 0 0 1 0 1 0 0 0 1 0 0 0 1 1 0 1 0 1 0 1 1 1 1] | Precisión: 1.00
Distancia de Hamming: 0
--------------------------------------------------
Original     --> [1 1 1 1 0 0 0 1 0 0 1 1 0 0 1 0 0 0 0 1 1 1 1 1 1 1 1 0 0 0 0 1]
Reconstruido --> [1 1 1 1 0 0 0 1 0 0 1 1 0 0 1 0 0 0 0 1 1 1 0 1 1 1 1 0 0 0 0 1] | Precisión: 0.97
Distancia de Hamming: 1
--------------------------------------------------
Original     --> [0 0 1 0 0 1 1 0 0 0 1 1 1 0 0 1 0 1 1 1 1 1 1 0 0 0 1 0 1 1 0 1]
Reconstruido --> [0 0 1 0 0 1 1 0 0 0 1 1 1 0 0 1 0 1 1 0 1 1 1 0 1 0 1 0 1 1 0 1] | Precisión: 0.94
Distancia de Hamming: 2
--------------------------------------------------
Original     --> [1 1 0 1 0 0 0 0 1 0 1 1 1 1 1 1 0 1 0 0 0 0 1 0 0 1 1 1 0 1 1 0]
Reconstruido --> [0 1 0 1 1 0 0 0 1 0 1 1 1 1 1 1 0 0 0 0 0 0 1 0 0 0 1 1 0 1 1 0] | Precisión: 0.88
Distancia de Hamming: 4
--------------------------------------------------
Original     --> [1 0 1 1 1 1 0 1 1 1 1 0 0 1 1 1 1 1 0 0 0 0 0 1 1 1 0 1 1 1 1 0]
Reconstruido --> [1 0 1 1 1 1 0 1 1 1 1 0 0 0 1 1 1 1 0 0 0 1 0 1 0 1 0 0 1 1 1 0] | Precisión: 0.88
Distancia de Hamming: 4
--------------------------------------------------
Original     --> [0 0 1 1 1 0 0 1 1 1 0 0 0 0 0 0 1 1 0 1 0 1 1 0 1 0 0 0 0 1 1 0]
Reconstruido --> [0 0 1 1 1 0 0 1 1 1 0 0 0 0 0 0 1 1 0 1 0 1 1 0 1 0 0 0 0 1 1 0] | Precisión: 1.00
Distancia de Hamming: 0
--------------------------------------------------
La media de la precisión del descifrado es 0.9395
Distancia media de Hamming = 1.9358 | Número de bits: 32
Número de reconstrucciones perfectas = 2864



 EVALUACIÓN DE BOB CON CLAVES ERRÓNEAS

[1] Bob (clave errada) --> [1 0 1 1 1 0 1 1 1 1 0 1 1 0 1 0 0 1 0 0 0 1 1 1 0 0 0 0 1 0 0 0] | Precisión: 0.84 | Hamming: 5
------------------------------------------------------------
[2] Bob (clave errada) --> [1 0 1 0 0 0 0 0 1 0 1 1 1 0 1 0 0 1 0 0 1 1 1 1 0 0 1 1 1 0 0 1] | Precisión: 1.00 | Hamming: 0
------------------------------------------------------------
[3] Bob (clave errada) --> [0 1 0 0 1 0 1 1 0 0 1 0 1 1 0 0 0 0 1 0 0 1 1 1 0 0 1 1 0 0 0 0] | Precisión: 0.94 | Hamming: 2
------------------------------------------------------------
[4] Bob (clave errada) --> [0 1 0 1 1 1 1 1 0 0 1 0 0 0 0 0 1 1 0 1 0 1 0 1 0 1 1 1 1 1 1 1] | Precisión: 0.84 | Hamming: 5
------------------------------------------------------------
[5] Bob (clave errada) --> [1 0 0 1 1 1 1 0 1 0 0 1 0 1 0 0 0 1 0 0 0 1 1 0 1 0 1 0 1 1 1 1] | Precisión: 1.00 | Hamming: 0
------------------------------------------------------------
[6] Bob (clave errada) --> [1 1 1 1 0 0 0 1 0 0 1 1 0 0 1 0 0 0 0 1 1 1 0 1 1 1 1 0 1 0 0 1] | Precisión: 0.94 | Hamming: 2
------------------------------------------------------------
[7] Bob (clave errada) --> [0 0 1 0 0 1 1 0 0 0 1 1 0 0 0 1 0 1 1 0 1 1 1 0 1 0 1 0 1 1 0 1] | Precisión: 0.91 | Hamming: 3
------------------------------------------------------------
[8] Bob (clave errada) --> [0 1 0 1 1 0 0 0 1 0 1 1 1 1 1 1 0 1 0 0 0 1 1 0 0 1 1 1 0 1 1 0] | Precisión: 0.91 | Hamming: 3
------------------------------------------------------------
[9] Bob (clave errada) --> [1 0 1 1 1 1 0 1 1 1 1 0 1 0 1 1 1 1 0 1 0 1 0 1 1 1 0 0 1 1 1 0] | Precisión: 0.84 | Hamming: 5
------------------------------------------------------------
[10] Bob (clave errada) --> [0 0 1 1 1 0 0 1 1 1 0 0 0 0 0 0 1 1 0 1 0 1 1 0 1 0 0 0 0 1 1 0] | Precisión: 1.00 | Hamming: 0
------------------------------------------------------------

RESULTADOS CON CLAVES ERRÓNEAS

Bob -> Precisión media (clave errada): 0.9219 | Hamming media: 2.50
Bob -> Reconstrucciones perfectas (con clave errada): 3



EVALUACIÓN CON 2700:

Original     --> [1 0 1 1 1 0 0 1 1 1 1 0 1 0 1 0 0 0 0 1 0 1 0 1 1 1 0 0 1 1 1 1]
Reconstruido --> [1 0 1 1 1 0 0 1 1 1 1 0 1 0 1 0 0 0 0 1 0 1 0 1 1 1 0 0 1 1 1 1] | Precisión: 1.00
Distancia de Hamming: 0
--------------------------------------------------
Original     --> [0 1 0 1 0 0 1 1 1 0 1 0 1 1 0 0 1 1 1 0 1 1 1 1 1 0 1 1 1 0 1 1]
Reconstruido --> [0 0 0 1 0 1 0 1 0 0 1 0 1 1 0 0 1 1 1 0 1 1 1 1 1 0 1 1 1 0 1 0] | Precisión: 0.84
Distancia de Hamming: 5
--------------------------------------------------
Original     --> [1 1 0 1 1 1 0 0 0 0 1 1 0 1 0 0 1 0 1 0 0 1 1 0 1 0 0 1 1 1 0 0]
Reconstruido --> [1 1 0 1 1 1 0 0 0 0 1 1 0 1 0 0 0 0 1 0 0 1 1 0 1 0 0 1 1 1 0 0] | Precisión: 0.97
Distancia de Hamming: 1
--------------------------------------------------
Original     --> [0 1 1 0 0 1 1 0 0 0 1 0 0 1 0 1 1 0 0 0 0 1 0 1 0 0 1 0 1 0 0 0]
Reconstruido --> [0 1 0 0 1 1 1 0 0 0 1 0 0 1 0 0 1 0 0 0 1 1 0 1 0 0 1 0 1 0 0 1] | Precisión: 0.84
Distancia de Hamming: 5
--------------------------------------------------
Original     --> [0 1 1 0 1 1 1 0 1 1 0 0 1 1 1 0 0 1 0 1 1 1 0 1 0 1 0 0 0 1 1 0]
Reconstruido --> [0 1 1 0 1 1 1 0 1 1 0 0 1 1 1 0 0 1 0 1 1 1 0 1 0 1 0 0 0 1 1 0] | Precisión: 1.00
Distancia de Hamming: 0
--------------------------------------------------
Original     --> [1 1 0 1 0 1 0 0 0 1 1 0 1 1 0 0 1 1 1 0 1 1 1 1 0 0 0 1 1 0 1 1]
Reconstruido --> [1 1 0 1 0 1 0 1 0 1 1 0 1 1 0 0 1 1 1 0 1 1 1 1 0 0 0 1 1 0 1 1] | Precisión: 0.97
Distancia de Hamming: 1
--------------------------------------------------
Original     --> [1 0 1 1 1 1 1 0 0 0 1 1 0 1 0 1 0 1 0 0 0 0 1 1 0 0 0 0 0 0 1 1]
Reconstruido --> [1 0 1 1 1 1 1 0 0 0 1 1 1 1 0 1 0 1 0 0 0 0 0 1 1 0 0 0 0 0 1 1] | Precisión: 0.91
Distancia de Hamming: 3
--------------------------------------------------
Original     --> [1 1 1 0 0 1 0 1 1 1 1 1 0 1 1 0 0 1 1 0 1 0 0 0 1 0 0 1 0 1 1 1]
Reconstruido --> [1 1 1 0 0 1 0 1 1 1 1 1 0 1 1 0 0 1 1 0 1 0 0 0 1 0 0 1 0 1 1 1] | Precisión: 1.00
Distancia de Hamming: 0
--------------------------------------------------
Original     --> [1 0 0 1 0 0 1 0 0 1 0 1 1 0 0 1 0 1 1 0 0 0 0 1 1 0 1 0 1 1 1 1]
Reconstruido --> [1 0 0 1 0 0 1 0 0 1 0 1 1 0 0 1 0 1 1 0 0 0 0 1 1 0 1 0 1 1 1 1] | Precisión: 1.00
Distancia de Hamming: 0
--------------------------------------------------
Original     --> [0 1 0 0 0 1 0 1 1 1 0 1 0 0 1 0 0 1 1 1 1 1 0 0 0 0 1 1 1 0 0 0]
Reconstruido --> [0 1 0 0 0 1 0 1 1 1 0 1 0 0 0 0 0 1 1 1 1 1 0 0 0 0 1 1 0 0 0 0] | Precisión: 0.94
Distancia de Hamming: 2
--------------------------------------------------
La media de la precisión del descifrado es 0.9400
Distancia media de Hamming = 1.9202 | Número de bits: 32
Número de reconstrucciones perfectas = 2709



 EVALUACIÓN DE BOB CON CLAVES ERRÓNEAS

[1] Bob (clave errada) --> [1 0 1 1 1 0 0 1 1 1 1 0 1 0 1 1 0 0 0 1 0 1 0 1 1 1 0 0 1 1 1 1] | Precisión: 0.97 | Hamming: 1
------------------------------------------------------------
[2] Bob (clave errada) --> [0 0 0 1 0 0 0 1 0 1 1 0 1 1 0 0 1 1 1 0 1 1 1 1 1 0 1 1 1 0 1 0] | Precisión: 0.84 | Hamming: 5
------------------------------------------------------------
[3] Bob (clave errada) --> [1 1 0 1 1 1 0 0 0 0 1 1 0 1 0 0 0 0 1 0 0 1 1 0 1 0 0 1 1 1 0 0] | Precisión: 0.97 | Hamming: 1
------------------------------------------------------------
[4] Bob (clave errada) --> [0 1 0 0 0 1 1 0 0 0 1 0 0 1 0 0 1 0 0 0 0 1 0 1 0 0 0 0 1 0 0 0] | Precisión: 0.91 | Hamming: 3
------------------------------------------------------------
[5] Bob (clave errada) --> [0 1 1 0 1 1 1 0 1 1 0 0 1 1 1 0 0 1 0 1 1 1 0 1 0 1 0 0 0 1 1 0] | Precisión: 1.00 | Hamming: 0
------------------------------------------------------------
[6] Bob (clave errada) --> [1 1 0 1 0 1 0 1 0 1 1 0 1 1 0 0 1 1 1 0 1 1 1 1 0 0 0 1 1 0 1 1] | Precisión: 0.97 | Hamming: 1
------------------------------------------------------------
[7] Bob (clave errada) --> [1 0 1 1 1 1 1 0 0 0 1 1 1 1 0 1 0 1 0 0 0 0 0 1 1 0 0 0 0 0 1 1] | Precisión: 0.91 | Hamming: 3
------------------------------------------------------------
[8] Bob (clave errada) --> [1 1 1 0 0 1 0 1 1 1 1 0 0 1 1 0 0 1 1 0 1 0 0 0 1 0 0 1 0 1 1 1] | Precisión: 0.97 | Hamming: 1
------------------------------------------------------------
[9] Bob (clave errada) --> [1 0 1 1 0 1 1 0 0 1 0 1 1 0 0 1 0 1 1 0 0 0 0 1 1 0 1 0 1 1 1 1] | Precisión: 0.94 | Hamming: 2
------------------------------------------------------------
[10] Bob (clave errada) --> [0 1 0 1 0 1 0 1 1 1 0 1 0 0 1 0 0 1 1 1 1 1 0 0 0 0 1 1 1 0 0 0] | Precisión: 0.97 | Hamming: 1
------------------------------------------------------------

RESULTADOS CON CLAVES ERRÓNEAS

Bob -> Precisión media (clave errada): 0.9437 | Hamming media: 1.80
Bob -> Reconstrucciones perfectas (con clave errada): 1



EVALUACIÓN CON 3000:

Original     --> [1 0 1 0 1 0 0 1 1 1 0 1 1 0 1 1 1 0 1 1 1 0 0 0 0 0 0 0 1 0 0 1]
Reconstruido --> [1 0 1 1 1 0 0 1 1 1 0 1 1 0 1 1 1 0 1 1 1 0 0 0 0 0 1 0 1 0 0 1] | Precisión: 0.94
Distancia de Hamming: 2
--------------------------------------------------
Original     --> [0 0 1 1 0 1 1 0 0 0 0 0 0 1 1 1 1 1 0 1 0 1 0 1 0 0 1 1 0 0 0 0]
Reconstruido --> [1 0 1 1 0 0 1 0 0 0 0 0 0 1 1 1 1 1 0 1 0 1 0 1 0 0 1 0 0 1 0 0] | Precisión: 0.88
Distancia de Hamming: 4
--------------------------------------------------
Original     --> [0 0 1 1 0 1 1 1 1 0 1 0 0 0 1 0 0 1 0 1 0 1 1 0 1 0 0 0 1 1 0 0]
Reconstruido --> [0 0 1 1 0 1 1 1 1 0 1 0 0 0 1 0 0 1 0 0 0 1 1 0 1 0 0 0 1 1 0 0] | Precisión: 0.97
Distancia de Hamming: 1
--------------------------------------------------
Original     --> [1 0 0 0 1 1 0 1 0 1 0 1 0 1 1 0 0 0 0 1 0 0 0 0 1 1 0 1 0 0 1 0]
Reconstruido --> [1 0 0 0 1 1 0 1 0 1 0 1 0 1 1 0 0 0 0 1 0 0 0 0 1 1 0 1 0 0 1 0] | Precisión: 1.00
Distancia de Hamming: 0
--------------------------------------------------
Original     --> [1 0 0 0 0 1 0 0 0 1 0 1 0 0 0 1 0 0 1 1 0 1 1 1 1 1 0 0 1 1 1 1]
Reconstruido --> [1 0 0 0 1 1 1 0 0 1 0 1 0 0 0 1 0 0 1 1 0 1 0 1 1 1 0 0 1 1 1 1] | Precisión: 0.91
Distancia de Hamming: 3
--------------------------------------------------
Original     --> [1 0 0 0 1 0 1 1 0 0 1 0 1 1 1 0 0 0 0 0 1 0 1 1 0 1 0 1 1 1 0 1]
Reconstruido --> [1 0 0 0 1 0 1 1 0 0 1 0 1 1 1 0 0 0 0 0 1 0 1 1 0 1 0 1 1 1 0 1] | Precisión: 1.00
Distancia de Hamming: 0
--------------------------------------------------
Original     --> [1 0 0 0 1 1 1 1 1 1 0 0 0 1 1 0 0 1 0 1 1 0 1 0 0 0 1 1 1 0 1 1]
Reconstruido --> [1 0 0 0 1 1 1 1 1 1 0 0 0 1 1 0 0 1 0 1 1 0 1 0 0 0 1 1 1 0 1 1] | Precisión: 1.00
Distancia de Hamming: 0
--------------------------------------------------
Original     --> [1 1 0 0 0 0 1 0 0 1 0 1 1 1 1 0 1 1 1 1 0 1 0 1 0 0 0 0 1 1 0 0]
Reconstruido --> [1 1 0 0 0 0 1 0 0 1 0 1 1 1 1 0 1 1 1 1 0 1 0 1 0 1 0 0 1 1 0 0] | Precisión: 0.97
Distancia de Hamming: 1
--------------------------------------------------
Original     --> [0 1 0 1 0 0 1 1 1 1 0 0 0 0 1 0 1 0 0 0 1 0 1 1 0 0 0 1 1 0 1 0]
Reconstruido --> [0 1 0 1 0 0 1 1 1 1 0 0 0 0 1 0 1 0 0 0 1 0 1 1 0 0 0 1 1 0 1 0] | Precisión: 1.00
Distancia de Hamming: 0
--------------------------------------------------
Original     --> [0 0 0 1 0 0 1 0 0 0 0 0 1 1 0 0 0 1 0 1 0 0 1 1 1 1 0 1 0 0 1 0]
Reconstruido --> [0 0 0 1 0 0 1 0 0 0 0 0 0 1 0 0 0 1 0 1 0 0 1 1 1 1 0 1 0 0 1 0] | Precisión: 0.97
Distancia de Hamming: 1
--------------------------------------------------
La media de la precisión del descifrado es 0.9390
Distancia media de Hamming = 1.9510 | Número de bits: 32
Número de reconstrucciones perfectas = 2781



 EVALUACIÓN DE BOB CON CLAVES ERRÓNEAS

[1] Bob (clave errada) --> [0 0 0 0 1 0 0 1 1 1 0 1 1 0 0 1 1 0 1 1 1 0 0 0 0 0 0 0 1 0 0 1] | Precisión: 0.91 | Hamming: 3
------------------------------------------------------------
[2] Bob (clave errada) --> [1 0 1 1 0 0 1 0 0 0 0 0 0 1 1 1 1 1 0 1 1 1 0 1 1 1 1 1 0 1 0 1] | Precisión: 0.78 | Hamming: 7
------------------------------------------------------------
[3] Bob (clave errada) --> [0 0 1 1 0 1 1 1 1 0 1 0 0 0 1 0 0 1 0 0 0 1 1 0 1 0 0 0 1 1 0 0] | Precisión: 0.97 | Hamming: 1
------------------------------------------------------------
[4] Bob (clave errada) --> [1 0 0 0 1 1 0 1 0 1 0 1 0 1 1 0 0 0 0 1 0 0 0 1 1 1 0 1 0 0 1 0] | Precisión: 0.97 | Hamming: 1
------------------------------------------------------------
[5] Bob (clave errada) --> [1 0 0 0 1 1 1 0 0 1 0 1 0 0 0 1 0 0 1 1 0 1 1 1 1 1 0 0 1 1 1 0] | Precisión: 0.91 | Hamming: 3
------------------------------------------------------------
[6] Bob (clave errada) --> [1 0 0 0 1 0 1 1 0 0 1 0 1 1 1 0 0 0 0 0 1 0 1 1 0 1 0 1 1 1 0 1] | Precisión: 1.00 | Hamming: 0
------------------------------------------------------------
[7] Bob (clave errada) --> [1 0 0 0 1 1 1 1 1 1 0 0 0 1 1 0 0 1 0 1 1 0 1 0 0 0 1 1 1 0 1 1] | Precisión: 1.00 | Hamming: 0
------------------------------------------------------------
[8] Bob (clave errada) --> [1 1 0 0 0 0 1 0 0 1 0 1 1 1 1 0 1 1 1 1 0 1 0 1 0 0 0 0 1 1 0 0] | Precisión: 1.00 | Hamming: 0
------------------------------------------------------------
[9] Bob (clave errada) --> [0 1 0 1 0 0 1 1 1 1 0 0 0 0 1 0 1 0 0 0 1 0 1 1 0 0 1 1 1 0 1 1] | Precisión: 0.94 | Hamming: 2
------------------------------------------------------------
[10] Bob (clave errada) --> [0 0 1 1 0 0 1 0 0 1 1 1 1 1 1 0 0 1 0 1 0 0 1 1 1 1 0 1 0 0 1 0] | Precisión: 0.84 | Hamming: 5
------------------------------------------------------------

RESULTADOS CON CLAVES ERRÓNEAS

Bob -> Precisión media (clave errada): 0.9313 | Hamming media: 2.20
Bob -> Reconstrucciones perfectas (con clave errada): 3



EVALUACIÓN CON 3300:

Original     --> [0 1 1 0 0 1 0 0 0 1 1 0 1 1 0 0 1 0 1 1 1 0 0 1 1 0 1 0 0 0 0 0]
Reconstruido --> [1 1 1 0 0 1 0 0 0 1 1 0 1 1 0 0 1 0 1 1 1 1 0 1 1 0 0 0 1 0 0 0] | Precisión: 0.88
Distancia de Hamming: 4
--------------------------------------------------
Original     --> [1 0 1 1 1 1 1 1 1 1 1 0 1 0 0 1 0 1 1 1 1 1 1 1 1 1 1 1 0 1 0 1]
Reconstruido --> [1 0 1 1 1 1 1 1 1 1 1 0 1 0 0 1 1 1 1 0 1 1 0 1 1 1 1 1 0 0 1 1] | Precisión: 0.84
Distancia de Hamming: 5
--------------------------------------------------
Original     --> [1 0 1 0 1 0 1 1 0 1 1 1 0 1 1 1 0 1 0 1 0 1 1 0 0 1 1 1 1 0 0 1]
Reconstruido --> [1 0 1 0 1 0 1 1 0 1 1 1 0 1 1 1 0 1 0 1 0 1 1 0 0 1 1 1 1 0 0 1] | Precisión: 1.00
Distancia de Hamming: 0
--------------------------------------------------
Original     --> [1 1 0 0 0 1 1 0 0 1 1 1 0 1 0 1 0 0 0 1 0 0 1 1 0 0 0 0 0 1 1 1]
Reconstruido --> [1 1 0 0 0 1 1 0 0 1 1 1 0 1 0 1 0 0 0 1 0 0 1 1 0 0 0 0 1 1 1 1] | Precisión: 0.97
Distancia de Hamming: 1
--------------------------------------------------
Original     --> [1 0 1 1 1 1 0 1 1 1 1 1 0 0 0 0 0 0 0 1 0 0 0 1 0 1 1 0 1 0 0 1]
Reconstruido --> [1 0 1 1 1 1 1 1 1 1 1 1 0 0 0 0 0 0 0 0 0 0 0 1 0 1 1 0 1 0 0 1] | Precisión: 0.94
Distancia de Hamming: 2
--------------------------------------------------
Original     --> [1 1 0 1 1 0 0 1 1 0 1 1 1 1 1 1 0 0 0 1 1 1 0 0 0 0 1 1 0 1 1 1]
Reconstruido --> [1 0 0 1 1 0 0 1 1 0 1 1 1 1 1 1 0 1 0 1 1 0 0 0 0 1 1 1 0 1 1 1] | Precisión: 0.88
Distancia de Hamming: 4
--------------------------------------------------
Original     --> [0 1 1 1 1 1 1 1 1 1 0 1 1 1 1 0 0 1 1 1 0 1 1 0 0 1 0 1 1 0 0 0]
Reconstruido --> [0 1 0 1 1 1 1 1 1 1 0 1 1 1 1 0 0 1 1 1 1 1 0 0 0 1 0 1 1 0 1 0] | Precisión: 0.88
Distancia de Hamming: 4
--------------------------------------------------
Original     --> [0 1 1 1 0 1 0 0 0 1 1 0 1 1 1 0 1 0 1 1 0 0 1 0 1 1 0 0 1 1 1 1]
Reconstruido --> [0 1 1 1 0 1 0 0 0 0 1 0 1 1 1 0 1 0 1 1 0 0 1 0 1 1 0 0 1 1 1 1] | Precisión: 0.97
Distancia de Hamming: 1
--------------------------------------------------
Original     --> [1 0 1 1 0 1 0 1 0 0 1 1 0 1 1 0 1 0 1 1 0 0 0 1 1 0 0 0 0 1 1 1]
Reconstruido --> [1 0 1 1 0 1 0 1 0 0 1 1 0 1 1 0 1 0 1 1 0 0 0 1 1 0 0 0 0 1 1 1] | Precisión: 1.00
Distancia de Hamming: 0
--------------------------------------------------
Original     --> [1 1 0 1 0 1 0 1 1 0 0 1 0 1 0 0 0 0 1 1 0 1 0 1 1 0 1 1 0 0 1 1]
Reconstruido --> [1 0 0 1 0 0 0 1 1 0 0 1 0 1 0 0 1 0 1 0 0 1 0 1 1 1 0 0 0 0 1 1] | Precisión: 0.78
Distancia de Hamming: 7
--------------------------------------------------
La media de la precisión del descifrado es 0.9389
Distancia media de Hamming = 1.9551 | Número de bits: 32
Número de reconstrucciones perfectas = 2815



 EVALUACIÓN DE BOB CON CLAVES ERRÓNEAS

[1] Bob (clave errada) --> [1 1 1 0 0 1 0 0 0 1 1 0 1 1 0 0 1 0 1 1 1 1 0 1 1 0 0 0 1 0 0 0] | Precisión: 0.88 | Hamming: 4
------------------------------------------------------------
[2] Bob (clave errada) --> [1 0 1 1 1 1 1 1 1 0 1 0 1 0 0 1 1 1 1 0 1 1 0 1 1 1 1 1 0 0 0 1] | Precisión: 0.84 | Hamming: 5
------------------------------------------------------------
[3] Bob (clave errada) --> [1 0 1 0 1 0 1 1 0 1 1 1 0 1 1 1 0 1 0 1 0 1 1 0 0 1 1 1 1 0 0 1] | Precisión: 1.00 | Hamming: 0
------------------------------------------------------------
[4] Bob (clave errada) --> [1 1 0 0 0 1 1 0 0 1 1 1 0 1 0 1 0 0 0 1 0 0 0 1 0 0 0 0 1 1 1 1] | Precisión: 0.94 | Hamming: 2
------------------------------------------------------------
[5] Bob (clave errada) --> [1 0 0 1 1 1 0 1 1 1 1 1 0 0 0 1 0 0 0 0 0 0 0 1 0 1 1 0 1 0 0 1] | Precisión: 0.91 | Hamming: 3
------------------------------------------------------------
[6] Bob (clave errada) --> [1 0 0 1 1 0 0 1 1 0 1 1 1 1 1 1 0 0 0 1 1 0 0 0 0 0 1 1 0 1 1 0] | Precisión: 0.91 | Hamming: 3
------------------------------------------------------------
[7] Bob (clave errada) --> [0 1 0 1 1 1 1 1 1 1 0 1 1 1 1 0 0 1 1 0 1 1 1 0 0 1 0 1 1 0 1 0] | Precisión: 0.88 | Hamming: 4
------------------------------------------------------------
[8] Bob (clave errada) --> [0 1 1 1 0 1 0 0 0 0 1 0 1 1 1 0 1 0 1 1 0 0 1 1 1 1 0 0 1 1 1 1] | Precisión: 0.94 | Hamming: 2
------------------------------------------------------------
[9] Bob (clave errada) --> [1 0 1 1 0 1 0 1 0 0 1 1 0 1 1 0 1 0 1 1 0 0 0 1 1 0 0 0 0 1 1 1] | Precisión: 1.00 | Hamming: 0
------------------------------------------------------------
[10] Bob (clave errada) --> [1 0 0 1 0 0 0 1 1 0 0 1 0 1 0 0 1 0 1 0 0 1 0 1 1 1 0 0 0 0 1 1] | Precisión: 0.78 | Hamming: 7
------------------------------------------------------------

RESULTADOS CON CLAVES ERRÓNEAS

Bob -> Precisión media (clave errada): 0.9062 | Hamming media: 3.00
Bob -> Reconstrucciones perfectas (con clave errada): 2



EVALUACIÓN CON 3600:

Original     --> [0 1 0 1 0 1 1 1 0 1 0 1 0 1 1 0 0 1 0 1 0 1 1 1 0 0 1 1 0 0 1 0]
Reconstruido --> [0 1 0 1 0 1 0 1 0 1 0 1 0 1 1 0 0 1 0 1 0 1 1 1 0 0 1 1 0 0 1 0] | Precisión: 0.97
Distancia de Hamming: 1
--------------------------------------------------
Original     --> [1 1 1 1 1 1 0 0 1 1 0 0 1 0 1 0 1 0 0 1 1 1 0 1 0 0 0 0 1 1 1 1]
Reconstruido --> [1 1 1 1 1 1 0 0 1 1 0 0 1 0 1 0 1 0 0 1 1 1 0 1 0 0 0 0 1 1 1 1] | Precisión: 1.00
Distancia de Hamming: 0
--------------------------------------------------
Original     --> [0 0 1 0 1 0 1 0 1 0 1 1 0 0 0 1 0 1 1 1 0 0 0 1 1 0 1 0 0 1 1 0]
Reconstruido --> [0 0 1 0 1 0 1 0 1 0 1 1 0 0 0 1 0 1 1 0 0 0 1 1 0 0 1 1 0 1 1 0] | Precisión: 0.88
Distancia de Hamming: 4
--------------------------------------------------
Original     --> [0 1 0 0 0 1 0 1 0 0 0 0 0 1 1 1 1 1 0 1 1 0 1 1 0 1 0 0 0 0 0 0]
Reconstruido --> [0 1 0 0 0 1 0 1 0 0 0 0 0 1 1 1 1 1 0 1 1 0 1 1 0 1 0 0 0 0 0 0] | Precisión: 1.00
Distancia de Hamming: 0
--------------------------------------------------
Original     --> [0 0 0 1 0 1 0 1 0 1 0 0 1 1 1 0 0 0 1 1 0 0 1 1 0 0 0 1 0 0 0 0]
Reconstruido --> [0 0 0 1 0 1 0 1 0 1 0 0 1 1 1 0 0 0 1 1 0 0 1 1 0 0 0 1 0 0 0 0] | Precisión: 1.00
Distancia de Hamming: 0
--------------------------------------------------
Original     --> [0 1 1 0 1 0 0 1 1 0 0 0 0 0 1 1 1 1 1 0 1 0 1 1 0 1 1 0 0 1 1 1]
Reconstruido --> [0 1 1 0 1 0 0 1 1 0 0 0 0 0 1 1 1 1 1 0 1 0 1 1 0 1 1 0 0 1 1 0] | Precisión: 0.97
Distancia de Hamming: 1
--------------------------------------------------
Original     --> [0 1 1 1 0 1 1 1 0 0 1 0 0 0 0 0 1 1 1 0 0 0 1 0 0 1 1 0 1 0 1 0]
Reconstruido --> [0 1 1 1 0 1 1 1 0 0 1 0 0 0 0 0 1 1 1 0 0 0 1 0 0 1 1 0 1 0 1 0] | Precisión: 1.00
Distancia de Hamming: 0
--------------------------------------------------
Original     --> [1 1 0 1 0 0 1 0 1 0 0 1 1 1 1 1 0 0 0 1 1 1 0 1 0 0 0 1 0 0 1 0]
Reconstruido --> [0 0 0 1 1 0 0 0 1 0 0 1 1 0 1 1 0 0 0 1 1 1 0 1 0 1 0 1 0 0 0 1] | Precisión: 0.75
Distancia de Hamming: 8
--------------------------------------------------
Original     --> [1 0 1 0 1 0 1 0 1 0 1 1 1 1 0 1 0 1 0 0 1 1 1 0 1 0 0 0 1 1 0 0]
Reconstruido --> [1 0 1 0 1 0 1 0 1 0 1 1 1 1 0 1 0 1 0 0 1 1 1 0 1 0 0 0 1 1 0 0] | Precisión: 1.00
Distancia de Hamming: 0
--------------------------------------------------
Original     --> [1 0 0 1 0 0 0 0 0 0 1 1 0 1 1 0 1 1 1 0 1 1 0 0 0 1 0 1 0 0 1 0]
Reconstruido --> [1 0 0 1 0 0 0 0 0 0 1 1 0 0 0 0 1 1 1 0 1 1 0 0 0 1 0 0 0 0 1 0] | Precisión: 0.91
Distancia de Hamming: 3
--------------------------------------------------
La media de la precisión del descifrado es 0.9396
Distancia media de Hamming = 1.9324 | Número de bits: 32
Número de reconstrucciones perfectas = 2819



 EVALUACIÓN DE BOB CON CLAVES ERRÓNEAS

[1] Bob (clave errada) --> [0 1 0 1 0 1 0 1 0 1 0 1 0 1 1 0 0 1 0 1 0 1 1 1 0 0 1 1 0 0 0 0] | Precisión: 0.94 | Hamming: 2
------------------------------------------------------------
[2] Bob (clave errada) --> [1 1 1 1 1 1 0 0 1 1 0 0 1 0 1 0 1 0 0 1 1 1 0 1 0 0 0 0 1 1 1 1] | Precisión: 1.00 | Hamming: 0
------------------------------------------------------------
[3] Bob (clave errada) --> [0 0 1 0 1 0 1 0 0 0 1 1 0 0 0 1 0 1 1 0 0 0 0 1 0 0 1 0 0 1 1 0] | Precisión: 0.91 | Hamming: 3
------------------------------------------------------------
[4] Bob (clave errada) --> [0 1 0 0 0 1 0 1 0 0 0 0 0 1 1 1 0 1 0 0 1 0 1 1 0 1 0 0 0 0 0 0] | Precisión: 0.94 | Hamming: 2
------------------------------------------------------------
[5] Bob (clave errada) --> [0 0 0 1 0 1 0 1 0 1 0 0 1 1 1 0 0 0 1 0 0 0 1 1 0 0 0 1 0 0 0 0] | Precisión: 0.97 | Hamming: 1
------------------------------------------------------------
[6] Bob (clave errada) --> [0 1 1 0 1 0 0 1 1 0 0 0 0 0 1 1 1 1 1 0 1 0 1 1 0 1 1 0 0 1 1 0] | Precisión: 0.97 | Hamming: 1
------------------------------------------------------------
[7] Bob (clave errada) --> [0 1 1 1 0 1 1 1 0 0 1 0 0 0 0 0 1 1 1 0 0 0 1 0 0 1 1 0 1 0 1 0] | Precisión: 1.00 | Hamming: 0
------------------------------------------------------------
[8] Bob (clave errada) --> [0 0 0 1 1 0 0 0 0 0 0 1 1 1 1 1 0 0 0 1 1 1 0 1 0 1 0 1 0 0 0 1] | Precisión: 0.75 | Hamming: 8
------------------------------------------------------------
[9] Bob (clave errada) --> [0 0 1 0 1 0 1 0 1 0 1 1 1 1 0 1 0 1 0 0 1 1 1 0 1 0 0 0 1 1 0 0] | Precisión: 0.97 | Hamming: 1
------------------------------------------------------------
[10] Bob (clave errada) --> [1 0 1 1 0 0 0 0 0 0 1 1 0 0 0 0 1 1 1 0 1 1 0 1 0 1 0 1 0 0 1 0] | Precisión: 0.88 | Hamming: 4
------------------------------------------------------------

RESULTADOS CON CLAVES ERRÓNEAS

Bob -> Precisión media (clave errada): 0.9313 | Hamming media: 2.20
Bob -> Reconstrucciones perfectas (con clave errada): 2



EVALUACIÓN CON 3900:

Original     --> [0 1 0 0 1 1 0 1 0 0 1 1 0 1 1 1 1 1 1 0 0 1 1 1 0 1 0 1 0 1 1 1]
Reconstruido --> [0 1 0 0 1 1 0 1 0 0 1 1 0 1 1 1 1 1 1 0 0 1 1 1 0 1 0 1 0 1 1 1] | Precisión: 1.00
Distancia de Hamming: 0
--------------------------------------------------
Original     --> [1 0 1 0 1 1 0 1 1 1 0 0 0 0 1 1 0 1 1 1 1 1 1 0 1 0 1 1 1 0 0 0]
Reconstruido --> [1 0 1 0 1 1 0 1 1 1 0 0 0 0 1 1 0 1 1 1 1 1 1 1 1 0 0 1 1 0 0 0] | Precisión: 0.94
Distancia de Hamming: 2
--------------------------------------------------
Original     --> [0 1 0 1 1 0 1 0 0 0 1 0 0 0 0 0 1 1 1 1 1 1 1 0 0 1 0 0 1 1 1 1]
Reconstruido --> [0 1 0 1 1 0 1 0 0 1 1 0 0 0 0 0 1 1 1 1 1 1 0 0 0 1 0 0 1 1 1 1] | Precisión: 0.94
Distancia de Hamming: 2
--------------------------------------------------
Original     --> [0 0 0 1 0 0 0 1 1 1 0 1 0 1 1 0 1 1 0 1 0 1 0 0 0 1 0 0 0 1 1 0]
Reconstruido --> [0 0 0 1 0 0 0 1 1 1 0 1 0 1 1 0 1 1 0 1 0 1 0 0 0 1 0 0 0 1 1 0] | Precisión: 1.00
Distancia de Hamming: 0
--------------------------------------------------
Original     --> [0 0 0 0 1 1 0 0 0 1 1 1 0 0 1 1 1 0 1 1 0 1 0 1 1 1 0 1 0 1 0 0]
Reconstruido --> [0 0 0 0 1 1 0 0 0 1 1 1 0 0 1 1 1 0 1 1 0 1 0 1 1 1 0 1 0 1 0 1] | Precisión: 0.97
Distancia de Hamming: 1
--------------------------------------------------
Original     --> [0 0 0 1 0 1 1 0 1 0 1 0 0 1 1 1 0 0 0 1 1 0 1 1 1 1 0 1 1 1 1 0]
Reconstruido --> [0 1 0 1 0 1 1 0 1 0 1 0 0 1 1 1 0 0 0 1 1 0 1 1 1 1 0 1 1 1 0 0] | Precisión: 0.94
Distancia de Hamming: 2
--------------------------------------------------
Original     --> [0 1 0 1 0 0 1 1 0 1 1 0 0 0 1 0 1 1 0 0 1 0 0 1 0 0 1 0 1 1 1 0]
Reconstruido --> [0 1 0 1 0 0 1 1 0 1 1 0 0 0 1 0 1 1 0 0 1 0 0 1 0 0 1 0 1 1 1 0] | Precisión: 1.00
Distancia de Hamming: 0
--------------------------------------------------
Original     --> [0 1 1 1 1 0 0 1 0 1 1 1 1 0 0 1 1 1 0 1 1 0 1 0 1 0 1 0 0 1 0 1]
Reconstruido --> [0 1 0 1 1 0 0 1 0 1 1 1 1 0 0 1 1 0 0 1 1 0 1 0 1 0 1 0 0 1 0 1] | Precisión: 0.94
Distancia de Hamming: 2
--------------------------------------------------
Original     --> [1 1 0 0 0 1 1 0 1 1 1 0 0 1 1 0 0 1 0 1 1 0 0 0 0 1 1 1 1 0 1 1]
Reconstruido --> [1 1 0 0 0 1 1 0 0 1 1 0 0 1 1 0 0 1 0 1 1 0 0 0 0 1 1 1 1 0 1 1] | Precisión: 0.97
Distancia de Hamming: 1
--------------------------------------------------
Original     --> [1 0 1 0 1 1 1 1 1 0 0 1 0 0 1 0 0 1 0 1 0 0 1 1 1 1 1 0 1 1 1 0]
Reconstruido --> [1 0 1 0 1 1 1 1 1 0 0 1 0 0 1 0 0 1 0 1 0 0 1 1 1 1 1 0 1 1 1 0] | Precisión: 1.00
Distancia de Hamming: 0
--------------------------------------------------
La media de la precisión del descifrado es 0.9665
Distancia media de Hamming = 1.0734 | Número de bits: 32
Número de reconstrucciones perfectas = 5300



 EVALUACIÓN DE BOB CON CLAVES ERRÓNEAS

[1] Bob (clave errada) --> [0 1 0 0 1 1 0 1 0 0 1 1 0 1 1 1 1 1 1 0 0 1 1 1 0 1 0 1 0 1 1 1] | Precisión: 1.00 | Hamming: 0
------------------------------------------------------------
[2] Bob (clave errada) --> [1 0 1 0 1 1 0 1 1 1 0 0 0 0 1 1 0 1 1 1 1 1 1 1 1 0 0 1 1 0 0 0] | Precisión: 0.94 | Hamming: 2
------------------------------------------------------------
[3] Bob (clave errada) --> [0 1 0 1 1 0 1 0 0 0 1 0 0 0 0 0 1 1 1 1 1 1 1 0 0 1 0 0 1 1 1 1] | Precisión: 1.00 | Hamming: 0
------------------------------------------------------------
[4] Bob (clave errada) --> [0 0 0 1 0 0 0 1 1 1 0 1 0 1 1 0 1 1 0 1 0 1 0 0 0 1 0 0 0 1 1 0] | Precisión: 1.00 | Hamming: 0
------------------------------------------------------------
[5] Bob (clave errada) --> [0 1 0 0 1 1 0 0 1 1 1 1 0 0 1 1 1 1 1 1 1 1 0 1 1 1 0 1 0 1 0 1] | Precisión: 0.84 | Hamming: 5
------------------------------------------------------------
[6] Bob (clave errada) --> [0 1 0 1 0 1 1 0 1 0 1 0 0 1 1 1 0 0 0 1 1 0 1 1 1 1 1 1 1 1 1 0] | Precisión: 0.94 | Hamming: 2
------------------------------------------------------------
[7] Bob (clave errada) --> [0 1 0 1 0 0 1 1 0 1 1 0 0 0 1 0 1 1 0 0 1 0 0 1 0 0 1 0 1 1 1 0] | Precisión: 1.00 | Hamming: 0
------------------------------------------------------------
[8] Bob (clave errada) --> [0 1 1 1 1 0 0 1 0 1 1 1 1 1 0 1 1 1 0 1 1 0 1 1 1 1 1 0 1 1 0 1] | Precisión: 0.88 | Hamming: 4
------------------------------------------------------------
[9] Bob (clave errada) --> [1 0 0 0 0 1 1 0 0 1 1 0 0 1 1 0 0 1 0 1 0 0 0 0 0 1 1 1 1 0 1 1] | Precisión: 0.91 | Hamming: 3
------------------------------------------------------------
[10] Bob (clave errada) --> [1 0 1 0 1 1 1 1 1 0 0 1 0 0 1 0 0 1 0 1 0 0 1 1 1 1 1 0 1 1 1 0] | Precisión: 1.00 | Hamming: 0
------------------------------------------------------------

RESULTADOS CON CLAVES ERRÓNEAS

Bob -> Precisión media (clave errada): 0.9500 | Hamming media: 1.60
Bob -> Reconstrucciones perfectas (con clave errada): 5



EVALUACIÓN CON 4200:

Original     --> [1 1 1 1 0 1 0 0 0 1 1 1 1 0 0 0 1 0 1 0 0 1 1 0 0 0 1 1 1 0 1 0]
Reconstruido --> [1 1 1 1 0 1 0 0 0 1 0 1 0 0 0 0 1 0 1 0 0 1 0 0 0 0 1 1 1 1 1 0] | Precisión: 0.88
Distancia de Hamming: 4
--------------------------------------------------
Original     --> [1 1 0 1 1 1 1 0 0 1 0 0 1 1 1 1 1 1 1 0 0 0 0 1 1 0 1 0 1 1 0 0]
Reconstruido --> [1 1 0 1 1 1 1 0 1 1 0 0 1 1 1 1 1 1 1 0 0 0 0 1 1 0 1 0 1 1 0 0] | Precisión: 0.97
Distancia de Hamming: 1
--------------------------------------------------
Original     --> [1 0 0 0 1 0 1 1 1 1 0 0 0 1 0 0 0 1 0 1 1 1 1 0 0 0 1 0 1 0 1 0]
Reconstruido --> [1 0 0 0 1 0 1 1 1 1 0 0 0 1 0 0 0 1 0 1 1 1 0 0 0 0 1 0 0 0 1 0] | Precisión: 0.94
Distancia de Hamming: 2
--------------------------------------------------
Original     --> [0 0 0 1 1 1 0 0 0 0 1 1 1 0 0 1 0 1 0 1 0 1 1 1 1 0 1 0 1 0 0 0]
Reconstruido --> [0 0 0 1 1 0 0 0 0 0 0 1 0 0 1 1 0 1 0 1 0 1 0 1 1 0 1 0 1 0 0 0] | Precisión: 0.84
Distancia de Hamming: 5
--------------------------------------------------
Original     --> [0 1 1 0 1 0 1 1 0 0 0 0 1 1 0 0 0 0 1 1 1 1 0 0 1 1 0 0 1 0 0 1]
Reconstruido --> [0 1 1 0 1 0 1 1 0 0 1 0 1 1 0 0 0 0 1 1 1 1 0 0 1 1 0 0 1 0 0 1] | Precisión: 0.97
Distancia de Hamming: 1
--------------------------------------------------
Original     --> [1 0 0 1 1 0 0 0 0 0 0 0 0 1 1 0 0 1 1 1 0 1 1 1 1 1 1 1 0 1 0 1]
Reconstruido --> [1 0 0 1 0 0 0 0 0 1 0 1 0 1 1 0 0 1 1 1 0 1 1 1 1 0 1 0 0 1 0 1] | Precisión: 0.84
Distancia de Hamming: 5
--------------------------------------------------
Original     --> [0 0 0 1 1 1 0 0 0 0 1 0 0 0 1 0 0 1 1 1 1 0 1 0 1 0 1 1 0 1 1 0]
Reconstruido --> [0 0 0 1 1 1 0 1 0 1 0 1 0 0 1 0 0 1 1 1 1 0 0 0 1 0 1 1 0 1 1 0] | Precisión: 0.84
Distancia de Hamming: 5
--------------------------------------------------
Original     --> [0 1 1 1 0 0 0 1 1 1 1 0 0 1 0 1 0 1 0 1 1 0 1 1 1 1 0 1 1 1 1 1]
Reconstruido --> [0 1 1 1 0 0 0 1 1 1 1 0 1 1 0 1 0 1 0 1 1 0 1 1 1 1 0 1 1 1 1 1] | Precisión: 0.97
Distancia de Hamming: 1
--------------------------------------------------
Original     --> [0 0 0 1 0 0 1 1 0 0 0 1 1 0 0 0 1 1 0 0 0 1 0 1 0 0 0 0 1 1 1 1]
Reconstruido --> [0 0 0 1 0 0 1 1 0 0 0 1 1 0 0 0 1 1 0 0 0 1 0 1 0 0 0 0 0 1 1 1] | Precisión: 0.97
Distancia de Hamming: 1
--------------------------------------------------
Original     --> [0 1 1 0 0 1 1 1 0 1 1 1 1 1 0 1 0 1 0 0 1 1 0 1 0 1 0 1 1 0 1 1]
Reconstruido --> [0 1 0 0 0 1 1 1 0 1 1 0 1 1 0 1 0 1 0 0 1 1 1 1 0 1 0 1 1 0 1 0] | Precisión: 0.88
Distancia de Hamming: 4
--------------------------------------------------
La media de la precisión del descifrado es 0.9429
Distancia media de Hamming = 1.8271 | Número de bits: 32
Número de reconstrucciones perfectas = 2700



 EVALUACIÓN DE BOB CON CLAVES ERRÓNEAS

[1] Bob (clave errada) --> [1 1 1 1 0 1 0 0 0 1 0 1 0 0 0 0 1 0 1 0 0 1 0 0 0 0 1 1 1 1 1 0] | Precisión: 0.88 | Hamming: 4
------------------------------------------------------------
[2] Bob (clave errada) --> [1 1 0 1 1 1 1 0 0 1 0 0 1 1 1 1 1 1 1 0 0 0 0 1 1 0 1 0 1 1 0 0] | Precisión: 1.00 | Hamming: 0
------------------------------------------------------------
[3] Bob (clave errada) --> [1 0 0 0 0 1 1 1 1 0 0 0 0 1 0 0 0 1 0 1 1 1 0 0 0 0 1 0 0 0 1 0] | Precisión: 0.84 | Hamming: 5
------------------------------------------------------------
[4] Bob (clave errada) --> [0 0 0 1 1 1 0 0 0 0 0 1 0 0 1 1 0 1 0 1 0 1 0 1 0 0 0 0 1 0 0 0] | Precisión: 0.81 | Hamming: 6
------------------------------------------------------------
[5] Bob (clave errada) --> [0 1 1 0 1 0 1 1 1 0 1 0 1 1 0 0 0 0 1 1 1 1 0 0 1 1 0 0 1 0 0 1] | Precisión: 0.94 | Hamming: 2
------------------------------------------------------------
[6] Bob (clave errada) --> [1 0 0 1 0 0 0 0 0 0 0 1 0 1 1 0 0 1 1 1 0 1 1 1 1 0 1 0 0 1 0 1] | Precisión: 0.88 | Hamming: 4
------------------------------------------------------------
[7] Bob (clave errada) --> [1 0 0 1 1 1 0 0 0 1 0 1 0 1 1 0 1 1 1 1 1 0 1 0 1 0 1 1 0 1 1 1] | Precisión: 0.78 | Hamming: 7
------------------------------------------------------------
[8] Bob (clave errada) --> [0 1 1 1 0 0 0 1 0 0 1 0 0 1 0 1 0 1 0 1 1 0 1 1 1 1 0 1 1 1 0 0] | Precisión: 0.88 | Hamming: 4
------------------------------------------------------------
[9] Bob (clave errada) --> [0 0 0 1 0 0 1 1 0 0 0 1 1 0 0 0 1 1 0 0 0 0 0 1 0 0 0 0 0 1 1 1] | Precisión: 0.94 | Hamming: 2
------------------------------------------------------------
[10] Bob (clave errada) --> [0 1 1 0 0 1 1 1 0 1 1 0 1 1 0 1 0 1 0 0 1 1 0 1 0 1 0 1 1 0 1 0] | Precisión: 0.94 | Hamming: 2
------------------------------------------------------------

RESULTADOS CON CLAVES ERRÓNEAS

Bob -> Precisión media (clave errada): 0.8875 | Hamming media: 3.60
Bob -> Reconstrucciones perfectas (con clave errada): 1



EVALUACIÓN CON 4500:

Original     --> [0 0 0 1 0 0 1 1 1 0 0 0 1 1 0 1 0 0 0 0 0 1 0 1 0 1 0 1 0 1 0 0]
Reconstruido --> [0 0 0 1 0 1 1 1 1 0 0 0 1 1 0 1 0 0 0 0 0 1 1 1 0 1 0 1 0 1 0 0] | Precisión: 0.94
Distancia de Hamming: 2
--------------------------------------------------
Original     --> [1 0 0 0 1 0 0 1 0 0 0 0 1 1 0 1 1 1 1 1 0 1 0 1 0 0 0 1 0 1 1 1]
Reconstruido --> [0 0 0 0 1 0 0 1 0 0 0 0 1 1 0 1 1 1 1 1 0 1 0 1 0 0 1 1 0 1 1 1] | Precisión: 0.94
Distancia de Hamming: 2
--------------------------------------------------
Original     --> [0 1 0 1 1 0 1 1 1 1 0 1 1 0 0 1 1 0 1 0 0 0 0 1 0 0 1 0 1 0 0 0]
Reconstruido --> [0 1 0 1 1 0 1 1 1 1 0 1 1 0 0 1 1 0 1 0 0 0 0 1 0 0 1 0 1 0 0 0] | Precisión: 1.00
Distancia de Hamming: 0
--------------------------------------------------
Original     --> [0 0 0 0 0 0 0 0 1 0 1 1 0 1 0 0 1 1 0 1 0 1 1 1 1 1 1 0 0 1 0 1]
Reconstruido --> [0 0 0 0 0 0 0 0 1 0 1 1 0 1 0 0 0 1 0 1 0 1 1 1 1 1 1 1 1 1 0 1] | Precisión: 0.91
Distancia de Hamming: 3
--------------------------------------------------
Original     --> [0 1 1 1 1 1 1 0 0 1 0 1 0 0 0 1 0 0 1 1 0 0 1 0 1 0 0 0 1 1 1 0]
Reconstruido --> [1 1 1 1 1 1 1 0 0 0 0 1 0 0 0 1 0 0 1 1 0 0 1 0 1 0 0 0 0 1 1 0] | Precisión: 0.91
Distancia de Hamming: 3
--------------------------------------------------
Original     --> [1 1 1 1 1 0 0 0 0 1 0 0 0 1 0 0 0 1 0 1 1 1 1 0 0 1 1 1 1 0 0 0]
Reconstruido --> [1 1 1 1 1 0 0 0 0 1 1 0 0 1 0 0 0 1 0 1 1 1 1 0 0 1 1 1 1 0 0 0] | Precisión: 0.97
Distancia de Hamming: 1
--------------------------------------------------
Original     --> [0 0 1 1 1 0 1 1 0 1 0 0 1 0 1 0 1 1 1 1 0 0 0 1 0 1 1 1 1 1 0 1]
Reconstruido --> [1 0 0 1 1 0 1 1 0 1 1 0 1 0 1 0 1 1 1 1 0 0 0 1 0 1 1 1 1 0 0 1] | Precisión: 0.88
Distancia de Hamming: 4
--------------------------------------------------
Original     --> [1 0 1 0 0 0 1 1 1 0 0 1 1 0 1 1 1 0 0 1 0 1 0 1 1 0 0 0 1 1 0 0]
Reconstruido --> [1 0 1 0 0 0 1 1 1 0 0 1 1 0 1 1 1 1 0 1 0 1 0 1 1 0 0 0 1 1 0 0] | Precisión: 0.97
Distancia de Hamming: 1
--------------------------------------------------
Original     --> [0 1 1 1 1 1 1 0 0 0 1 1 1 0 1 0 0 0 1 1 1 0 1 0 0 0 1 0 0 1 0 0]
Reconstruido --> [0 1 1 1 1 1 1 0 0 0 1 1 1 0 1 0 0 0 1 1 1 0 1 0 0 0 1 0 0 1 1 0] | Precisión: 0.97
Distancia de Hamming: 1
--------------------------------------------------
Original     --> [1 0 0 1 0 0 0 0 0 1 1 0 1 0 0 0 0 0 1 0 0 1 1 1 0 1 1 0 1 0 0 1]
Reconstruido --> [1 0 0 1 0 0 0 0 0 1 1 0 1 0 0 0 0 0 1 0 0 1 1 1 0 1 1 0 1 0 0 0] | Precisión: 0.97
Distancia de Hamming: 1
--------------------------------------------------
La media de la precisión del descifrado es 0.9414
Distancia media de Hamming = 1.8749 | Número de bits: 32
Número de reconstrucciones perfectas = 2899



 EVALUACIÓN DE BOB CON CLAVES ERRÓNEAS

[1] Bob (clave errada) --> [0 0 0 1 0 1 1 1 1 0 0 0 1 0 0 1 0 0 0 0 0 1 0 1 0 1 0 0 0 1 0 0] | Precisión: 0.91 | Hamming: 3
------------------------------------------------------------
[2] Bob (clave errada) --> [0 0 0 0 1 0 0 1 0 0 0 0 1 1 0 1 1 1 1 1 0 1 0 1 0 0 0 1 0 1 1 1] | Precisión: 0.97 | Hamming: 1
------------------------------------------------------------
[3] Bob (clave errada) --> [1 1 0 1 1 0 1 1 1 1 0 1 1 0 0 1 1 0 1 0 0 0 1 1 0 0 1 1 1 0 0 0] | Precisión: 0.91 | Hamming: 3
------------------------------------------------------------
[4] Bob (clave errada) --> [0 0 0 0 0 0 0 0 1 0 1 1 0 1 0 0 0 1 0 1 0 1 0 1 1 1 1 0 1 1 0 1] | Precisión: 0.91 | Hamming: 3
------------------------------------------------------------
[5] Bob (clave errada) --> [0 1 1 1 1 1 1 0 0 0 0 1 0 0 0 1 0 0 1 1 0 0 1 0 1 0 0 0 0 1 1 0] | Precisión: 0.94 | Hamming: 2
------------------------------------------------------------
[6] Bob (clave errada) --> [1 1 1 1 1 0 0 0 0 1 1 0 0 1 0 0 0 1 0 1 1 1 1 0 0 1 1 1 1 0 0 0] | Precisión: 0.97 | Hamming: 1
------------------------------------------------------------
[7] Bob (clave errada) --> [0 0 0 1 1 0 1 1 0 1 1 0 1 0 1 0 1 1 1 1 0 0 0 1 0 1 1 0 0 0 0 1] | Precisión: 0.84 | Hamming: 5
------------------------------------------------------------
[8] Bob (clave errada) --> [1 0 1 0 0 0 1 1 1 0 0 1 1 0 1 1 1 1 1 1 0 1 0 1 1 0 0 0 1 1 0 0] | Precisión: 0.94 | Hamming: 2
------------------------------------------------------------
[9] Bob (clave errada) --> [0 1 1 1 1 1 1 0 0 0 1 1 1 0 1 0 0 0 1 0 1 0 1 0 0 0 0 0 0 1 0 0] | Precisión: 0.94 | Hamming: 2
------------------------------------------------------------
[10] Bob (clave errada) --> [0 0 0 1 0 0 0 0 0 1 1 0 1 0 0 0 0 0 0 0 0 1 1 1 0 1 1 0 1 0 0 0] | Precisión: 0.91 | Hamming: 3
------------------------------------------------------------

RESULTADOS CON CLAVES ERRÓNEAS

Bob -> Precisión media (clave errada): 0.9219 | Hamming media: 2.50
Bob -> Reconstrucciones perfectas (con clave errada): 0



EVALUACIÓN CON 4800:

Original     --> [1 1 1 1 0 0 1 0 1 1 1 1 1 1 0 0 0 0 1 0 1 1 0 0 1 1 0 1 1 0 0 0]
Reconstruido --> [1 1 1 1 0 0 1 0 1 1 1 1 1 1 0 0 1 0 1 0 1 1 0 1 1 1 0 1 1 0 0 0] | Precisión: 0.94
Distancia de Hamming: 2
--------------------------------------------------
Original     --> [0 1 1 1 0 0 1 0 0 1 1 0 1 1 0 0 0 1 1 1 1 1 1 0 1 0 1 1 0 0 0 1]
Reconstruido --> [0 1 1 1 0 0 1 0 0 1 1 0 1 1 0 0 0 1 1 1 1 1 1 1 1 0 1 0 1 0 1 1] | Precisión: 0.88
Distancia de Hamming: 4
--------------------------------------------------
Original     --> [0 0 0 0 1 1 1 0 1 0 1 1 1 1 1 1 0 1 1 0 0 1 1 0 0 1 1 1 0 1 1 1]
Reconstruido --> [0 0 0 0 1 1 1 0 1 0 1 1 1 1 1 1 0 1 1 0 0 1 1 0 0 1 1 1 0 1 1 1] | Precisión: 1.00
Distancia de Hamming: 0
--------------------------------------------------
Original     --> [0 0 0 0 1 0 1 0 0 1 1 1 0 1 0 1 1 0 1 0 1 0 1 1 1 1 0 1 0 0 0 1]
Reconstruido --> [0 0 0 0 1 0 1 0 0 1 1 1 0 1 0 1 1 0 1 0 1 0 1 0 1 1 0 1 0 0 0 1] | Precisión: 0.97
Distancia de Hamming: 1
--------------------------------------------------
Original     --> [0 1 1 1 0 0 0 1 0 1 1 1 0 1 1 0 0 0 1 0 1 0 1 1 1 0 1 1 1 0 0 1]
Reconstruido --> [0 1 1 0 0 0 0 1 0 1 1 1 0 0 1 0 0 0 1 1 1 0 1 1 0 0 1 1 1 0 0 1] | Precisión: 0.88
Distancia de Hamming: 4
--------------------------------------------------
Original     --> [1 1 1 0 1 0 0 1 1 1 0 0 0 1 1 0 1 1 1 0 0 1 1 1 0 0 0 1 0 1 1 0]
Reconstruido --> [1 1 1 1 1 0 0 1 1 1 0 0 0 1 1 0 1 1 1 0 0 1 1 1 0 0 0 1 0 1 1 0] | Precisión: 0.97
Distancia de Hamming: 1
--------------------------------------------------
Original     --> [0 1 1 0 0 0 1 0 0 0 1 0 0 0 1 1 0 0 1 1 0 0 0 1 1 0 1 0 1 0 1 0]
Reconstruido --> [0 1 1 0 0 0 1 0 0 0 1 0 0 0 1 1 0 0 1 1 0 0 0 1 1 0 1 0 1 0 1 0] | Precisión: 1.00
Distancia de Hamming: 0
--------------------------------------------------
Original     --> [0 1 1 0 0 1 0 1 1 0 0 1 0 1 0 0 0 1 0 0 1 1 0 1 1 0 0 0 0 1 1 1]
Reconstruido --> [0 1 1 0 0 1 0 1 1 0 0 1 0 1 0 0 0 1 0 0 1 1 0 1 1 0 0 0 0 1 1 1] | Precisión: 1.00
Distancia de Hamming: 0
--------------------------------------------------
Original     --> [0 1 0 1 0 0 1 0 0 1 0 1 1 1 0 1 1 0 1 1 0 1 0 0 0 1 1 0 1 0 1 1]
Reconstruido --> [0 1 0 1 0 0 1 0 0 1 0 1 1 1 0 1 1 0 1 1 0 1 0 0 0 1 1 0 1 0 1 1] | Precisión: 1.00
Distancia de Hamming: 0
--------------------------------------------------
Original     --> [0 1 0 0 0 0 0 1 0 1 0 0 0 0 1 0 0 1 1 1 1 0 1 1 0 1 1 0 0 1 1 1]
Reconstruido --> [0 1 0 0 0 0 0 1 0 1 0 0 0 0 1 0 0 1 1 1 1 0 1 1 0 1 1 0 0 1 1 1] | Precisión: 1.00
Distancia de Hamming: 0
--------------------------------------------------
La media de la precisión del descifrado es 0.9553
Distancia media de Hamming = 1.4305 | Número de bits: 32
Número de reconstrucciones perfectas = 3985



 EVALUACIÓN DE BOB CON CLAVES ERRÓNEAS

[1] Bob (clave errada) --> [1 1 1 1 0 0 1 0 1 1 1 1 1 1 0 0 1 0 1 0 1 1 0 1 1 1 0 1 1 0 0 0] | Precisión: 0.94 | Hamming: 2
------------------------------------------------------------
[2] Bob (clave errada) --> [0 1 1 1 0 0 1 0 0 1 1 0 1 1 1 0 0 1 1 1 1 1 1 1 1 0 1 1 1 1 1 1] | Precisión: 0.84 | Hamming: 5
------------------------------------------------------------
[3] Bob (clave errada) --> [0 0 0 0 1 1 1 0 1 0 1 1 1 1 1 1 0 1 1 0 0 1 1 0 0 1 1 1 0 1 1 1] | Precisión: 1.00 | Hamming: 0
------------------------------------------------------------
[4] Bob (clave errada) --> [0 0 0 0 1 0 1 0 0 1 1 1 0 1 0 1 1 0 1 0 1 0 1 0 1 1 0 1 0 0 0 1] | Precisión: 0.97 | Hamming: 1
------------------------------------------------------------
[5] Bob (clave errada) --> [0 1 1 1 0 0 1 1 1 1 1 1 1 1 1 0 0 1 1 1 1 0 1 1 0 0 1 1 1 0 0 1] | Precisión: 0.81 | Hamming: 6
------------------------------------------------------------
[6] Bob (clave errada) --> [1 1 1 0 1 0 0 1 1 1 0 0 0 1 0 0 1 1 1 0 0 1 1 1 0 0 0 1 0 1 1 0] | Precisión: 0.97 | Hamming: 1
------------------------------------------------------------
[7] Bob (clave errada) --> [0 1 1 0 0 0 1 0 0 0 1 0 0 0 1 1 0 0 1 1 0 0 0 1 1 0 1 0 1 0 1 0] | Precisión: 1.00 | Hamming: 0
------------------------------------------------------------
[8] Bob (clave errada) --> [0 1 1 0 0 1 1 1 1 0 0 1 0 1 0 0 0 1 0 0 1 1 0 1 1 0 0 0 0 1 1 1] | Precisión: 0.97 | Hamming: 1
------------------------------------------------------------
[9] Bob (clave errada) --> [0 1 0 1 0 0 1 0 0 1 0 1 1 1 0 1 1 0 1 1 0 1 0 0 0 1 1 0 1 0 1 1] | Precisión: 1.00 | Hamming: 0
------------------------------------------------------------
[10] Bob (clave errada) --> [0 1 0 0 0 0 0 1 0 1 0 0 0 0 1 0 0 1 1 1 1 0 1 1 0 1 1 0 0 1 1 1] | Precisión: 1.00 | Hamming: 0
------------------------------------------------------------

RESULTADOS CON CLAVES ERRÓNEAS

Bob -> Precisión media (clave errada): 0.9500 | Hamming media: 1.60
Bob -> Reconstrucciones perfectas (con clave errada): 4



EVALUACIÓN CON 5100:

Original     --> [1 1 0 1 0 1 0 1 1 1 0 0 0 1 1 1 1 0 0 0 0 1 1 0 0 0 1 1 0 0 1 1]
Reconstruido --> [1 1 0 1 0 1 0 1 1 1 0 0 0 1 1 1 1 0 0 0 0 1 1 0 0 0 1 1 0 0 1 1] | Precisión: 1.00
Distancia de Hamming: 0
--------------------------------------------------
Original     --> [1 1 0 1 1 0 0 1 1 0 1 0 0 1 0 1 0 0 1 0 1 0 1 0 1 1 0 0 1 0 0 1]
Reconstruido --> [1 0 0 1 1 0 0 1 1 0 1 0 0 1 0 0 0 0 1 0 1 0 1 0 1 1 0 0 1 0 0 1] | Precisión: 0.94
Distancia de Hamming: 2
--------------------------------------------------
Original     --> [0 0 1 1 0 0 1 1 1 0 1 1 1 1 1 0 0 1 1 1 1 1 1 0 1 1 0 1 0 1 0 1]
Reconstruido --> [0 0 1 1 0 0 1 1 1 0 1 1 1 1 1 0 0 1 1 1 1 1 1 0 1 1 0 1 0 1 0 1] | Precisión: 1.00
Distancia de Hamming: 0
--------------------------------------------------
Original     --> [1 1 1 1 1 1 0 1 0 1 0 0 0 1 1 0 0 1 1 0 1 1 1 1 1 0 1 1 1 0 1 0]
Reconstruido --> [1 1 1 1 1 1 0 1 0 1 0 0 0 1 1 0 0 1 1 0 1 1 1 1 1 0 1 1 1 0 1 0] | Precisión: 1.00
Distancia de Hamming: 0
--------------------------------------------------
Original     --> [0 0 1 0 1 0 0 1 1 1 1 0 1 0 0 1 1 0 0 0 0 0 0 1 0 0 1 1 1 0 0 0]
Reconstruido --> [0 0 1 0 1 0 0 1 0 1 1 0 1 0 0 1 1 0 0 0 0 0 1 1 0 0 1 1 0 0 0 0] | Precisión: 0.91
Distancia de Hamming: 3
--------------------------------------------------
Original     --> [1 1 1 1 0 0 1 1 0 0 1 1 1 1 0 0 1 1 1 1 1 0 0 0 0 1 1 0 0 0 0 0]
Reconstruido --> [1 1 1 0 0 0 1 1 0 0 1 1 1 0 0 0 1 1 1 1 1 0 0 0 1 1 1 0 0 0 0 0] | Precisión: 0.91
Distancia de Hamming: 3
--------------------------------------------------
Original     --> [0 0 1 0 1 1 0 0 1 0 1 0 1 0 1 1 1 0 1 1 0 0 1 0 0 1 0 1 0 0 0 0]
Reconstruido --> [0 0 1 0 1 1 0 0 1 0 1 0 1 0 1 1 1 0 1 1 0 0 1 0 0 1 0 1 0 0 0 0] | Precisión: 1.00
Distancia de Hamming: 0
--------------------------------------------------
Original     --> [1 1 0 0 1 1 1 0 0 0 1 0 0 1 0 0 0 1 0 0 0 0 1 0 1 1 0 0 1 1 0 0]
Reconstruido --> [1 1 0 0 1 1 1 0 0 0 1 1 0 1 0 0 0 1 0 0 0 0 1 0 1 1 0 0 1 0 0 0] | Precisión: 0.94
Distancia de Hamming: 2
--------------------------------------------------
Original     --> [1 1 0 0 0 0 0 1 1 0 0 1 0 1 0 0 0 0 1 0 0 1 1 0 1 0 0 0 0 0 0 1]
Reconstruido --> [1 1 0 0 0 0 0 1 1 0 0 1 0 1 0 0 0 0 1 0 0 1 1 0 1 0 0 0 0 0 0 0] | Precisión: 0.97
Distancia de Hamming: 1
--------------------------------------------------
Original     --> [1 0 1 0 0 1 1 0 1 0 1 1 1 1 0 0 1 1 0 1 1 0 1 0 0 0 1 0 1 1 1 1]
Reconstruido --> [1 0 1 0 0 1 1 0 1 0 1 1 1 1 0 0 1 1 0 1 1 0 1 0 0 0 1 0 1 1 1 1] | Precisión: 1.00
Distancia de Hamming: 0
--------------------------------------------------
La media de la precisión del descifrado es 0.9520
Distancia media de Hamming = 1.5358 | Número de bits: 32
Número de reconstrucciones perfectas = 3639



 EVALUACIÓN DE BOB CON CLAVES ERRÓNEAS

[1] Bob (clave errada) --> [1 1 0 1 0 1 0 1 1 1 0 0 0 1 1 1 1 0 0 0 0 1 1 0 0 0 1 1 0 0 1 1] | Precisión: 1.00 | Hamming: 0
------------------------------------------------------------
[2] Bob (clave errada) --> [1 0 0 1 1 0 0 1 1 0 1 0 0 1 0 0 0 0 1 0 1 0 1 0 1 1 0 0 1 0 0 0] | Precisión: 0.91 | Hamming: 3
------------------------------------------------------------
[3] Bob (clave errada) --> [0 0 1 1 0 0 1 1 1 0 1 1 1 1 1 0 0 1 1 1 1 1 1 0 1 1 0 1 0 1 0 1] | Precisión: 1.00 | Hamming: 0
------------------------------------------------------------
[4] Bob (clave errada) --> [1 1 1 1 1 1 0 1 1 1 0 0 0 1 1 0 1 1 1 0 1 1 1 1 1 0 1 1 1 0 1 0] | Precisión: 0.94 | Hamming: 2
------------------------------------------------------------
[5] Bob (clave errada) --> [0 0 1 0 1 0 0 1 0 1 1 0 1 0 0 1 1 0 0 0 0 0 1 1 0 0 1 0 0 0 0 0] | Precisión: 0.88 | Hamming: 4
------------------------------------------------------------
[6] Bob (clave errada) --> [1 1 1 0 0 0 1 1 0 0 1 1 1 0 0 0 1 1 1 1 1 0 0 0 1 1 1 0 0 0 0 0] | Precisión: 0.91 | Hamming: 3
------------------------------------------------------------
[7] Bob (clave errada) --> [0 0 1 0 1 1 0 0 1 0 1 0 1 0 1 1 1 0 1 1 0 0 1 0 0 1 0 1 0 0 0 0] | Precisión: 1.00 | Hamming: 0
------------------------------------------------------------
[8] Bob (clave errada) --> [1 1 0 0 1 1 1 0 0 0 1 0 0 1 0 0 0 1 0 0 0 0 1 0 1 1 0 0 1 0 0 0] | Precisión: 0.97 | Hamming: 1
------------------------------------------------------------
[9] Bob (clave errada) --> [1 1 0 0 0 0 0 1 1 0 0 1 0 1 0 0 0 0 1 0 0 1 1 0 1 0 0 0 0 1 0 1] | Precisión: 0.97 | Hamming: 1
------------------------------------------------------------
[10] Bob (clave errada) --> [1 0 1 0 0 1 1 0 1 0 1 1 1 1 0 0 1 1 0 1 1 0 1 0 0 0 1 0 1 1 1 1] | Precisión: 1.00 | Hamming: 0
------------------------------------------------------------

RESULTADOS CON CLAVES ERRÓNEAS

Bob -> Precisión media (clave errada): 0.9563 | Hamming media: 1.40
Bob -> Reconstrucciones perfectas (con clave errada): 4



EVALUACIÓN CON 5400:

Original     --> [0 0 0 1 0 1 1 1 0 0 0 1 0 0 1 1 1 0 1 1 0 0 1 0 0 0 0 1 1 1 1 1]
Reconstruido --> [0 0 0 1 0 1 1 1 0 0 0 1 0 0 1 1 1 0 1 1 0 0 1 1 0 0 0 1 1 1 1 1] | Precisión: 0.97
Distancia de Hamming: 1
--------------------------------------------------
Original     --> [0 0 0 0 0 1 1 1 0 1 0 0 1 0 1 1 0 0 1 0 0 1 0 1 0 0 1 0 1 0 1 0]
Reconstruido --> [0 0 0 0 0 1 1 0 0 1 0 0 1 0 1 1 0 0 1 0 0 1 0 1 0 0 1 0 1 0 1 0] | Precisión: 0.97
Distancia de Hamming: 1
--------------------------------------------------
Original     --> [0 0 1 1 1 1 1 0 1 0 1 1 0 1 1 0 0 0 0 0 1 1 1 0 1 0 1 1 1 1 1 1]
Reconstruido --> [0 0 1 1 1 1 1 1 1 0 1 1 0 1 1 0 0 0 0 0 1 1 1 0 1 0 1 1 1 1 1 1] | Precisión: 0.97
Distancia de Hamming: 1
--------------------------------------------------
Original     --> [0 0 0 1 1 1 0 0 0 1 1 0 0 0 0 1 0 0 0 1 0 0 0 0 1 0 1 0 0 0 1 1]
Reconstruido --> [0 0 0 1 1 1 0 0 0 1 1 0 0 0 0 1 0 0 0 1 0 0 0 0 1 0 1 0 0 0 1 1] | Precisión: 1.00
Distancia de Hamming: 0
--------------------------------------------------
Original     --> [0 0 1 1 1 0 1 0 1 0 0 1 0 1 1 1 0 1 0 1 0 0 1 1 0 0 1 0 0 1 0 0]
Reconstruido --> [0 0 1 1 1 0 1 0 1 0 0 1 0 1 1 1 0 1 0 1 0 0 1 1 0 0 1 0 0 1 0 0] | Precisión: 1.00
Distancia de Hamming: 0
--------------------------------------------------
Original     --> [0 0 0 0 1 0 1 1 0 1 1 1 1 0 0 1 1 1 0 0 1 0 0 1 1 1 0 0 1 0 1 1]
Reconstruido --> [0 0 1 0 0 0 1 1 0 1 1 0 1 1 0 1 1 1 1 0 1 0 0 1 1 1 0 1 1 0 1 1] | Precisión: 0.81
Distancia de Hamming: 6
--------------------------------------------------
Original     --> [0 0 1 1 1 1 0 0 1 0 0 0 0 0 0 0 1 0 1 0 1 1 1 1 0 0 1 1 1 0 0 0]
Reconstruido --> [0 0 1 1 1 1 0 0 1 0 0 0 0 0 0 0 1 0 1 0 1 1 1 1 0 0 1 1 1 0 0 0] | Precisión: 1.00
Distancia de Hamming: 0
--------------------------------------------------
Original     --> [1 1 0 0 0 1 0 1 1 1 0 1 0 1 1 1 1 0 0 1 0 1 0 1 1 1 0 0 0 1 1 1]
Reconstruido --> [1 1 0 0 0 1 0 1 0 1 0 1 0 1 1 1 1 0 0 1 0 1 0 1 1 1 0 0 0 1 1 1] | Precisión: 0.97
Distancia de Hamming: 1
--------------------------------------------------
Original     --> [1 0 1 0 1 0 1 0 0 0 0 1 1 0 0 0 0 1 1 0 0 0 0 0 1 1 0 1 0 0 1 1]
Reconstruido --> [1 0 1 0 1 0 1 0 0 0 0 1 1 0 0 0 0 0 1 0 0 0 0 0 1 1 0 1 0 0 1 1] | Precisión: 0.97
Distancia de Hamming: 1
--------------------------------------------------
Original     --> [0 0 1 1 1 1 1 0 1 0 0 0 0 0 1 1 1 1 0 1 0 1 0 0 0 1 1 0 1 0 1 0]
Reconstruido --> [0 0 1 0 1 1 1 0 1 0 0 0 0 0 1 1 1 1 0 1 0 1 1 0 0 0 1 0 1 0 1 0] | Precisión: 0.91
Distancia de Hamming: 3
--------------------------------------------------
La media de la precisión del descifrado es 0.9403
Distancia media de Hamming = 1.9099 | Número de bits: 32
Número de reconstrucciones perfectas = 2319



 EVALUACIÓN DE BOB CON CLAVES ERRÓNEAS

[1] Bob (clave errada) --> [1 0 1 1 0 1 1 1 0 0 0 1 1 0 1 1 1 0 1 1 1 0 1 1 0 0 0 1 1 1 1 1] | Precisión: 0.84 | Hamming: 5
------------------------------------------------------------
[2] Bob (clave errada) --> [0 0 0 0 0 1 1 0 0 1 0 0 1 0 1 1 0 0 1 0 0 1 0 1 0 0 1 0 1 0 1 0] | Precisión: 0.97 | Hamming: 1
------------------------------------------------------------
[3] Bob (clave errada) --> [0 0 1 1 0 1 1 1 1 0 1 1 0 1 1 0 0 0 0 0 1 1 1 0 1 0 1 1 1 1 1 1] | Precisión: 0.94 | Hamming: 2
------------------------------------------------------------
[4] Bob (clave errada) --> [0 0 0 1 1 1 0 0 0 1 1 0 0 0 0 1 0 0 1 1 0 0 0 0 1 0 1 0 0 1 1 1] | Precisión: 0.94 | Hamming: 2
------------------------------------------------------------
[5] Bob (clave errada) --> [0 0 1 1 1 0 1 0 1 0 0 1 0 1 1 1 0 1 0 1 0 0 1 1 0 0 1 0 0 1 0 0] | Precisión: 1.00 | Hamming: 0
------------------------------------------------------------
[6] Bob (clave errada) --> [0 1 1 0 1 1 1 1 0 1 1 1 1 1 0 1 1 1 1 0 1 0 0 1 1 1 0 1 1 1 1 1] | Precisión: 0.78 | Hamming: 7
------------------------------------------------------------
[7] Bob (clave errada) --> [0 0 1 1 1 1 0 0 1 0 0 0 0 0 0 0 1 0 1 0 1 1 1 1 0 0 1 1 1 0 0 0] | Precisión: 1.00 | Hamming: 0
------------------------------------------------------------
[8] Bob (clave errada) --> [1 1 0 0 1 1 1 1 0 1 0 1 0 1 1 1 1 0 0 1 0 1 0 1 1 1 0 1 0 1 1 1] | Precisión: 0.88 | Hamming: 4
------------------------------------------------------------
[9] Bob (clave errada) --> [1 0 1 0 1 0 1 0 0 0 0 1 1 0 0 0 0 0 1 0 0 0 0 0 1 1 0 1 1 0 1 1] | Precisión: 0.94 | Hamming: 2
------------------------------------------------------------
[10] Bob (clave errada) --> [0 0 1 0 1 1 1 0 1 0 0 0 0 0 1 1 1 1 0 1 0 1 1 0 0 0 1 0 1 0 1 0] | Precisión: 0.91 | Hamming: 3
------------------------------------------------------------

RESULTADOS CON CLAVES ERRÓNEAS

Bob -> Precisión media (clave errada): 0.9187 | Hamming media: 2.60
Bob -> Reconstrucciones perfectas (con clave errada): 2



EVALUACIÓN CON 5700:

Original     --> [1 1 1 0 1 1 1 0 0 1 0 0 0 1 1 0 1 1 1 0 1 0 0 1 1 0 0 1 1 1 1 0]
Reconstruido --> [1 1 1 0 1 1 1 0 0 1 0 0 0 1 0 0 1 1 0 1 1 0 0 1 1 0 0 1 1 1 1 0] | Precisión: 0.91
Distancia de Hamming: 3
--------------------------------------------------
Original     --> [1 0 1 0 0 1 0 0 1 1 0 0 1 1 1 0 0 0 1 1 1 1 0 1 0 1 1 0 1 1 0 1]
Reconstruido --> [1 0 1 0 0 1 0 0 1 1 0 0 1 1 1 0 0 0 1 1 1 1 0 1 0 1 1 0 1 1 0 1] | Precisión: 1.00
Distancia de Hamming: 0
--------------------------------------------------
Original     --> [0 1 1 1 1 0 1 0 0 0 1 0 1 0 0 0 1 1 1 1 1 0 0 0 0 1 0 0 0 1 1 1]
Reconstruido --> [0 0 1 1 1 0 1 0 0 0 1 0 1 0 0 0 1 1 1 1 1 0 0 0 0 1 0 0 0 1 1 1] | Precisión: 0.97
Distancia de Hamming: 1
--------------------------------------------------
Original     --> [0 1 0 1 1 0 0 1 0 0 0 1 0 1 0 0 0 0 0 1 0 1 0 1 1 0 1 0 1 0 0 1]
Reconstruido --> [0 1 0 1 1 0 0 1 0 0 0 1 0 1 0 0 0 0 0 1 0 1 0 1 1 0 1 0 1 0 0 1] | Precisión: 1.00
Distancia de Hamming: 0
--------------------------------------------------
Original     --> [0 1 1 1 1 1 1 0 1 0 1 1 1 1 1 1 1 0 0 1 1 0 1 1 0 1 1 1 1 0 1 1]
Reconstruido --> [0 1 1 1 1 1 1 0 1 0 1 1 1 1 1 1 1 0 0 1 1 0 1 1 0 1 1 1 1 0 1 1] | Precisión: 1.00
Distancia de Hamming: 0
--------------------------------------------------
Original     --> [1 0 0 0 0 0 0 0 0 0 1 0 0 1 1 0 0 1 0 0 1 0 1 1 0 1 1 1 0 0 1 0]
Reconstruido --> [1 0 0 0 0 0 0 0 0 0 1 0 0 1 1 0 0 1 0 0 1 0 1 1 0 1 1 1 0 0 1 0] | Precisión: 1.00
Distancia de Hamming: 0
--------------------------------------------------
Original     --> [1 1 1 0 1 1 0 1 1 0 1 1 1 1 0 1 0 1 0 0 1 1 0 1 0 0 0 1 1 0 1 0]
Reconstruido --> [1 1 1 0 1 1 0 1 1 0 1 1 1 1 0 1 0 1 0 0 1 1 0 1 0 0 0 1 1 0 1 0] | Precisión: 1.00
Distancia de Hamming: 0
--------------------------------------------------
Original     --> [1 1 1 1 1 0 0 0 0 1 0 1 0 1 1 1 0 1 0 0 0 1 0 0 1 1 1 0 1 1 1 1]
Reconstruido --> [1 1 1 1 1 0 0 0 0 1 0 1 1 1 1 1 0 1 0 0 0 1 0 1 1 1 0 0 1 1 1 1] | Precisión: 0.91
Distancia de Hamming: 3
--------------------------------------------------
Original     --> [1 1 1 1 0 1 1 0 0 0 1 1 1 1 1 1 1 1 1 1 1 0 0 1 1 0 1 1 1 1 0 0]
Reconstruido --> [1 1 1 1 1 1 1 0 0 0 1 1 1 1 1 1 0 1 1 1 1 0 1 1 1 0 1 1 1 1 0 0] | Precisión: 0.91
Distancia de Hamming: 3
--------------------------------------------------
Original     --> [0 0 0 1 0 1 1 0 1 1 1 0 0 0 0 1 0 0 1 1 1 1 0 0 0 0 0 0 0 0 1 0]
Reconstruido --> [0 0 0 1 0 1 1 0 1 1 1 0 0 0 0 1 0 0 1 1 1 1 0 0 0 0 0 0 0 0 1 0] | Precisión: 1.00
Distancia de Hamming: 0
--------------------------------------------------
La media de la precisión del descifrado es 0.9572
Distancia media de Hamming = 1.3708 | Número de bits: 32
Número de reconstrucciones perfectas = 4389



 EVALUACIÓN DE BOB CON CLAVES ERRÓNEAS

[1] Bob (clave errada) --> [1 1 1 0 1 1 1 0 0 1 0 0 0 1 1 0 1 1 0 1 1 0 0 1 1 0 0 1 1 1 1 0] | Precisión: 0.94 | Hamming: 2
------------------------------------------------------------
[2] Bob (clave errada) --> [1 0 1 0 0 1 0 0 1 1 0 0 1 1 1 0 0 0 1 1 1 1 0 1 0 1 1 0 1 1 0 1] | Precisión: 1.00 | Hamming: 0
------------------------------------------------------------
[3] Bob (clave errada) --> [0 1 1 1 1 0 1 0 0 0 1 0 1 0 0 0 1 1 1 1 1 0 0 0 1 1 0 0 0 1 1 1] | Precisión: 0.97 | Hamming: 1
------------------------------------------------------------
[4] Bob (clave errada) --> [0 1 0 1 1 0 0 1 0 0 0 1 0 1 0 0 0 0 0 1 0 1 0 1 1 0 1 0 1 0 0 1] | Precisión: 1.00 | Hamming: 0
------------------------------------------------------------
[5] Bob (clave errada) --> [0 1 1 1 1 1 1 0 1 0 1 1 1 1 1 1 1 0 0 1 1 0 1 1 0 1 1 1 1 0 1 1] | Precisión: 1.00 | Hamming: 0
------------------------------------------------------------
[6] Bob (clave errada) --> [1 0 0 0 0 0 0 0 0 0 1 0 0 1 1 0 0 1 0 0 1 0 1 1 0 1 1 1 0 0 1 0] | Precisión: 1.00 | Hamming: 0
------------------------------------------------------------
[7] Bob (clave errada) --> [1 1 1 0 1 1 1 1 1 0 1 1 1 1 0 1 0 1 0 0 1 1 0 1 0 0 1 1 1 0 1 0] | Precisión: 0.94 | Hamming: 2
------------------------------------------------------------
[8] Bob (clave errada) --> [1 1 1 1 1 0 0 0 0 1 0 1 1 1 1 1 0 1 0 0 0 1 0 1 1 1 1 0 1 1 1 1] | Precisión: 0.94 | Hamming: 2
------------------------------------------------------------
[9] Bob (clave errada) --> [1 1 1 1 0 1 1 0 0 0 1 1 1 0 1 1 0 1 0 1 0 0 0 1 1 0 1 0 1 1 0 0] | Precisión: 0.84 | Hamming: 5
------------------------------------------------------------
[10] Bob (clave errada) --> [0 0 0 1 0 1 1 0 1 1 1 0 0 0 0 1 0 0 1 1 1 1 0 0 0 0 0 0 0 0 1 0] | Precisión: 1.00 | Hamming: 0
------------------------------------------------------------

RESULTADOS CON CLAVES ERRÓNEAS

Bob -> Precisión media (clave errada): 0.9625 | Hamming media: 1.20
Bob -> Reconstrucciones perfectas (con clave errada): 5



EVALUACIÓN CON 6000:

Original     --> [0 0 1 1 0 0 0 1 1 0 1 1 0 1 1 1 0 0 1 0 0 0 1 0 1 0 0 0 1 1 0 1]
Reconstruido --> [0 0 1 1 0 0 0 1 1 0 1 1 0 1 1 1 0 0 1 0 0 0 1 0 1 0 0 0 1 1 0 1] | Precisión: 1.00
Distancia de Hamming: 0
--------------------------------------------------
Original     --> [0 1 1 0 1 1 1 0 0 1 0 0 1 0 0 0 1 0 1 1 0 0 0 1 1 1 0 0 1 0 1 1]
Reconstruido --> [0 1 1 0 1 0 1 0 0 1 0 0 1 0 0 0 1 0 1 1 0 0 0 1 1 0 0 0 1 0 1 1] | Precisión: 0.94
Distancia de Hamming: 2
--------------------------------------------------
Original     --> [0 0 1 0 0 0 0 1 1 0 1 0 1 1 0 0 1 1 1 0 0 1 1 0 0 1 0 1 1 1 1 0]
Reconstruido --> [0 0 1 0 0 0 0 1 1 0 1 0 1 1 0 0 1 1 1 0 0 1 1 0 0 1 0 1 1 1 1 0] | Precisión: 1.00
Distancia de Hamming: 0
--------------------------------------------------
Original     --> [1 0 0 1 0 1 1 0 1 0 1 1 0 0 0 0 0 0 1 0 1 1 1 0 1 0 1 0 1 0 1 0]
Reconstruido --> [1 0 0 1 0 1 1 1 1 1 1 1 0 0 0 0 0 1 1 1 1 1 1 1 1 0 1 0 1 0 1 0] | Precisión: 0.84
Distancia de Hamming: 5
--------------------------------------------------
Original     --> [1 0 0 1 0 1 1 1 0 1 0 0 1 0 0 0 1 0 0 1 1 1 1 1 0 0 1 0 1 0 1 1]
Reconstruido --> [1 0 0 1 0 1 1 1 0 1 0 0 1 0 0 0 1 0 0 1 1 1 1 1 0 0 1 0 1 0 1 1] | Precisión: 1.00
Distancia de Hamming: 0
--------------------------------------------------
Original     --> [1 1 1 0 0 0 0 1 0 1 1 0 0 0 1 0 0 0 0 0 0 1 1 1 0 1 0 1 0 0 0 0]
Reconstruido --> [1 1 1 0 0 0 0 1 0 1 1 0 0 0 1 0 0 0 0 0 0 1 1 1 0 1 0 1 0 0 0 0] | Precisión: 1.00
Distancia de Hamming: 0
--------------------------------------------------
Original     --> [0 0 1 1 1 1 0 1 0 1 1 0 0 1 1 0 1 0 1 1 0 0 0 0 1 1 0 1 1 1 0 0]
Reconstruido --> [0 0 1 1 1 1 0 1 0 1 1 0 0 1 1 0 1 0 1 1 0 0 0 0 1 1 0 1 1 1 0 0] | Precisión: 1.00
Distancia de Hamming: 0
--------------------------------------------------
Original     --> [1 1 1 1 0 1 0 0 0 1 1 0 0 1 0 0 1 0 0 1 0 1 1 1 0 1 0 1 0 0 1 0]
Reconstruido --> [1 1 1 1 0 1 0 0 0 1 1 0 0 1 0 0 1 0 0 1 0 1 1 1 0 1 0 1 0 0 1 0] | Precisión: 1.00
Distancia de Hamming: 0
--------------------------------------------------
Original     --> [1 1 0 1 0 1 1 1 1 0 1 1 1 0 1 1 0 0 0 0 0 1 0 0 1 0 0 1 1 0 0 0]
Reconstruido --> [1 1 0 1 0 1 1 1 1 1 1 1 1 0 1 1 0 0 0 1 0 1 0 0 1 0 0 1 1 0 0 0] | Precisión: 0.94
Distancia de Hamming: 2
--------------------------------------------------
Original     --> [1 1 0 0 0 0 1 0 1 1 0 0 1 1 0 1 1 0 1 1 0 1 0 1 1 0 0 0 0 1 0 0]
Reconstruido --> [1 1 0 0 0 0 1 0 1 1 0 0 1 1 0 1 1 0 1 1 0 1 0 1 1 0 0 0 0 1 0 0] | Precisión: 1.00
Distancia de Hamming: 0
--------------------------------------------------
La media de la precisión del descifrado es 0.9541
Distancia media de Hamming = 1.4695 | Número de bits: 32
Número de reconstrucciones perfectas = 4061



 EVALUACIÓN DE BOB CON CLAVES ERRÓNEAS

[1] Bob (clave errada) --> [0 0 1 1 0 0 0 1 1 0 1 1 0 1 1 1 0 0 1 0 0 0 1 0 1 0 0 0 1 1 0 1] | Precisión: 1.00 | Hamming: 0
------------------------------------------------------------
[2] Bob (clave errada) --> [0 1 1 0 0 0 1 0 0 1 0 0 1 0 0 0 1 0 1 1 0 0 0 1 0 0 0 0 1 0 1 1] | Precisión: 0.88 | Hamming: 4
------------------------------------------------------------
[3] Bob (clave errada) --> [0 0 1 0 0 0 0 1 1 0 1 0 1 1 0 0 1 1 1 0 0 1 1 0 0 1 0 1 1 1 1 0] | Precisión: 1.00 | Hamming: 0
------------------------------------------------------------
[4] Bob (clave errada) --> [1 0 0 1 0 1 1 1 1 1 1 1 0 0 0 0 1 1 1 1 1 1 1 1 1 0 1 0 1 0 0 0] | Precisión: 0.78 | Hamming: 7
------------------------------------------------------------
[5] Bob (clave errada) --> [1 0 0 1 0 1 1 1 0 1 0 0 1 0 0 0 1 0 0 1 1 1 1 1 0 0 1 0 1 0 1 1] | Precisión: 1.00 | Hamming: 0
------------------------------------------------------------
[6] Bob (clave errada) --> [1 1 1 0 0 0 0 1 0 1 1 0 0 0 1 0 0 0 0 0 0 1 1 1 0 1 0 1 0 0 0 0] | Precisión: 1.00 | Hamming: 0
------------------------------------------------------------
[7] Bob (clave errada) --> [0 0 1 1 1 1 0 1 0 0 1 0 0 1 1 0 1 0 1 1 0 0 0 0 1 1 0 1 1 1 0 0] | Precisión: 0.97 | Hamming: 1
------------------------------------------------------------
[8] Bob (clave errada) --> [1 1 1 1 0 1 0 0 0 1 1 0 0 1 0 0 1 0 0 1 0 1 1 1 0 1 0 1 1 0 1 0] | Precisión: 0.97 | Hamming: 1
------------------------------------------------------------
[9] Bob (clave errada) --> [1 1 0 1 0 1 1 1 1 0 1 1 1 0 1 0 0 0 0 0 0 0 0 0 1 0 0 0 0 0 0 0] | Precisión: 0.88 | Hamming: 4
------------------------------------------------------------
[10] Bob (clave errada) --> [1 1 0 0 0 0 1 0 1 1 0 0 1 1 0 1 1 0 1 1 0 1 0 1 1 0 0 0 0 1 0 0] | Precisión: 1.00 | Hamming: 0
------------------------------------------------------------

RESULTADOS CON CLAVES ERRÓNEAS

Bob -> Precisión media (clave errada): 0.9469 | Hamming media: 1.70
Bob -> Reconstrucciones perfectas (con clave errada): 5


Tiempo total de ejecución (s): 4022.026369571686

