-- RESULTADOS DEL EXPERIMENTO 1.2. --

Número de mensajes = 10000
Número de bits = 32
Tamaño del batch = 512
Adam optimizer learning rate = 0.001
Epochs totales = 6000
Epochs iniciales = 300


EVALUACIÓN CON 300:

Original     --> [0 0 1 0 0 1 0 0 1 0 1 0 0 0 1 1 1 0 1 1 0 1 0 0 1 1 0 0 1 0 1 1]
Reconstruido --> [0 0 1 1 1 1 0 1 1 0 0 0 0 0 1 1 1 0 0 1 0 1 0 0 1 1 1 1 1 0 1 1] | Precisión: 0.78
Distancia de Hamming: 7
--------------------------------------------------
Original     --> [0 1 1 0 0 0 1 1 1 0 0 1 0 1 0 1 0 1 1 0 0 1 1 1 1 1 1 1 0 1 0 1]
Reconstruido --> [0 1 1 0 0 0 1 1 1 1 1 0 0 0 0 1 1 1 1 0 0 1 0 1 1 1 1 1 0 1 0 1] | Precisión: 0.81
Distancia de Hamming: 6
--------------------------------------------------
Original     --> [1 1 0 0 0 0 1 0 1 1 1 1 1 0 1 0 1 0 0 1 0 0 1 0 1 0 1 0 1 0 1 1]
Reconstruido --> [1 1 0 1 0 0 1 0 1 1 1 1 1 1 1 1 1 1 0 1 0 1 1 0 1 0 1 0 0 1 1 1] | Precisión: 0.78
Distancia de Hamming: 7
--------------------------------------------------
Original     --> [1 1 0 1 0 1 1 1 0 0 0 0 0 1 0 0 0 1 0 1 0 1 0 1 0 0 0 1 1 0 0 0]
Reconstruido --> [1 1 0 0 1 1 1 1 1 0 1 1 0 1 0 1 0 1 1 1 0 1 0 0 0 0 0 1 1 0 0 0] | Precisión: 0.75
Distancia de Hamming: 8
--------------------------------------------------
Original     --> [0 0 0 1 1 0 0 0 0 0 0 0 0 1 0 0 1 0 1 0 0 1 0 1 1 0 0 0 1 0 1 0]
Reconstruido --> [0 0 0 0 1 0 0 0 0 0 0 0 1 0 1 0 1 0 1 0 1 1 0 1 1 0 0 1 1 0 0 0] | Precisión: 0.78
Distancia de Hamming: 7
--------------------------------------------------
Original     --> [1 1 1 0 0 1 1 0 0 1 0 1 0 0 1 0 1 1 1 0 0 1 1 0 1 0 1 1 0 1 1 0]
Reconstruido --> [1 1 1 0 0 0 1 0 0 1 0 1 0 0 1 0 1 1 1 0 0 1 0 0 1 0 1 0 0 1 1 0] | Precisión: 0.91
Distancia de Hamming: 3
--------------------------------------------------
Original     --> [0 0 1 1 1 0 1 0 0 0 0 0 1 1 1 0 1 0 1 0 1 0 1 0 1 1 1 1 1 1 1 1]
Reconstruido --> [0 0 1 1 1 0 0 0 0 0 0 0 1 0 1 0 1 0 1 0 1 0 1 0 1 1 1 1 0 1 1 1] | Precisión: 0.91
Distancia de Hamming: 3
--------------------------------------------------
Original     --> [1 0 1 0 0 1 0 0 0 0 1 0 1 0 0 1 1 1 1 0 1 1 1 0 0 0 1 1 1 0 1 0]
Reconstruido --> [1 0 1 1 0 1 0 1 0 0 1 0 0 0 0 0 1 1 1 0 1 1 1 0 0 0 1 1 1 0 1 0] | Precisión: 0.88
Distancia de Hamming: 4
--------------------------------------------------
Original     --> [1 1 1 0 1 0 0 0 1 0 0 0 0 1 1 1 0 1 0 1 0 1 1 1 0 1 0 1 1 0 0 0]
Reconstruido --> [1 1 1 0 1 0 0 0 1 0 0 0 0 1 1 1 1 1 0 0 0 0 0 1 0 0 0 1 1 0 1 0] | Precisión: 0.81
Distancia de Hamming: 6
--------------------------------------------------
Original     --> [1 0 1 1 0 1 0 0 0 1 0 0 0 0 0 0 1 1 0 1 1 0 0 0 1 0 0 1 0 1 0 1]
Reconstruido --> [1 0 1 1 1 0 0 0 1 1 0 1 0 0 0 0 1 1 1 1 1 0 0 0 1 0 1 1 0 0 0 1] | Precisión: 0.78
Distancia de Hamming: 7
--------------------------------------------------
La media de la precisión del descifrado es 0.8690
Distancia media de Hamming = 4.1920 | Número de bits: 32
Número de reconstrucciones perfectas = 286



 EVALUACIÓN DE BOB CON CLAVES ERRÓNEAS

[1] Bob (clave errada) --> [0 1 1 1 1 1 0 1 1 0 1 0 0 0 1 1 1 0 0 1 0 1 0 0 1 1 0 1 1 0 1 1] | Precisión: 0.81 | Hamming: 6
------------------------------------------------------------
[2] Bob (clave errada) --> [0 1 1 0 0 0 1 1 1 1 1 1 1 0 0 1 1 1 1 0 0 1 1 1 1 1 0 0 0 1 0 1] | Precisión: 0.78 | Hamming: 7
------------------------------------------------------------
[3] Bob (clave errada) --> [1 1 0 1 0 0 1 0 1 1 0 1 0 1 1 1 0 1 0 1 0 1 1 0 1 0 1 0 0 1 1 1] | Precisión: 0.69 | Hamming: 10
------------------------------------------------------------
[4] Bob (clave errada) --> [1 1 0 0 1 1 1 1 1 0 0 1 0 1 0 1 0 1 1 1 0 1 0 0 0 0 0 1 1 0 0 0] | Precisión: 0.78 | Hamming: 7
------------------------------------------------------------
[5] Bob (clave errada) --> [0 0 0 0 1 1 0 0 0 0 0 0 1 0 1 0 1 1 1 0 1 1 0 1 1 0 0 0 1 0 0 0] | Precisión: 0.75 | Hamming: 8
------------------------------------------------------------
[6] Bob (clave errada) --> [1 1 0 0 0 0 1 0 0 1 0 1 0 0 1 0 1 1 1 0 0 1 0 0 1 0 1 1 0 1 1 0] | Precisión: 0.91 | Hamming: 3
------------------------------------------------------------
[7] Bob (clave errada) --> [0 0 1 1 1 0 0 0 0 0 0 0 1 0 1 0 0 0 1 0 1 0 1 0 1 1 1 1 0 0 1 1] | Precisión: 0.84 | Hamming: 5
------------------------------------------------------------
[8] Bob (clave errada) --> [1 0 1 1 0 1 1 1 0 0 1 0 0 0 0 0 1 0 1 0 1 1 1 0 0 0 1 1 1 0 1 0] | Precisión: 0.81 | Hamming: 6
------------------------------------------------------------
[9] Bob (clave errada) --> [1 1 1 0 1 0 0 0 1 0 0 0 0 1 1 1 1 1 0 0 0 0 0 1 0 1 0 1 1 0 1 0] | Precisión: 0.84 | Hamming: 5
------------------------------------------------------------
[10] Bob (clave errada) --> [1 0 1 1 1 0 0 0 0 1 0 1 0 0 0 0 1 1 1 1 1 0 0 0 1 0 1 1 0 1 0 1] | Precisión: 0.84 | Hamming: 5
------------------------------------------------------------

RESULTADOS CON CLAVES ERRÓNEAS

Bob -> Precisión media (clave errada): 0.8063 | Hamming media: 6.20
Bob -> Reconstrucciones perfectas (con clave errada): 0



EVALUACIÓN CON 600:

Original     --> [0 1 0 0 0 0 1 0 1 1 0 1 1 0 1 1 1 1 0 1 1 0 0 0 1 1 0 1 0 0 1 1]
Reconstruido --> [0 1 0 0 0 0 1 0 1 1 0 1 1 0 1 1 1 1 0 1 1 0 0 0 1 1 0 1 0 0 1 1] | Precisión: 1.00
Distancia de Hamming: 0
--------------------------------------------------
Original     --> [0 1 1 0 1 1 0 0 0 1 1 0 0 0 1 0 1 0 0 0 0 1 0 1 0 0 1 0 0 0 1 0]
Reconstruido --> [0 1 0 0 1 1 0 0 1 1 1 0 0 0 1 0 1 1 0 0 0 1 0 1 0 0 1 0 0 0 1 0] | Precisión: 0.91
Distancia de Hamming: 3
--------------------------------------------------
Original     --> [1 0 0 1 0 1 0 0 0 0 0 1 0 0 0 1 1 1 1 0 1 1 1 1 0 0 0 0 0 0 1 0]
Reconstruido --> [1 0 0 1 1 1 1 1 0 0 0 1 0 0 0 1 1 0 1 0 1 1 1 1 0 0 0 0 0 0 1 0] | Precisión: 0.88
Distancia de Hamming: 4
--------------------------------------------------
Original     --> [0 1 1 1 0 0 1 0 1 1 1 1 0 1 0 1 0 0 0 1 1 1 1 0 0 0 1 0 0 0 1 1]
Reconstruido --> [0 1 1 0 0 0 1 0 1 1 1 1 0 1 0 1 0 0 0 1 1 1 1 0 0 0 1 0 0 0 1 1] | Precisión: 0.97
Distancia de Hamming: 1
--------------------------------------------------
Original     --> [0 0 1 0 1 1 1 0 1 0 0 1 1 0 0 0 1 1 0 1 0 1 1 0 0 0 1 0 0 1 0 0]
Reconstruido --> [0 0 1 0 1 1 1 0 1 0 0 1 1 0 0 0 1 1 0 1 1 1 1 0 1 0 1 0 0 1 0 0] | Precisión: 0.94
Distancia de Hamming: 2
--------------------------------------------------
Original     --> [1 0 0 0 0 1 1 0 0 0 1 1 0 1 1 0 1 1 0 1 0 1 1 1 1 1 1 1 1 0 0 0]
Reconstruido --> [1 0 0 1 0 1 1 0 0 0 1 1 0 1 1 1 1 0 1 1 0 1 0 1 1 0 1 1 1 0 0 0] | Precisión: 0.81
Distancia de Hamming: 6
--------------------------------------------------
Original     --> [1 0 0 0 0 1 0 1 1 0 1 0 0 0 0 0 0 0 1 1 0 0 1 1 1 1 0 0 0 0 1 0]
Reconstruido --> [1 0 1 0 0 1 0 1 1 0 1 0 0 0 0 0 0 0 1 1 0 0 1 1 1 1 0 0 0 0 1 0] | Precisión: 0.97
Distancia de Hamming: 1
--------------------------------------------------
Original     --> [0 0 0 0 0 0 0 1 1 1 1 1 1 1 1 1 1 0 0 1 0 0 1 1 1 1 0 1 0 0 0 0]
Reconstruido --> [0 0 0 0 0 0 0 1 1 1 1 1 1 1 1 1 0 0 1 1 0 0 1 1 1 1 0 1 0 0 0 0] | Precisión: 0.94
Distancia de Hamming: 2
--------------------------------------------------
Original     --> [1 0 0 1 1 0 1 0 0 1 1 1 0 1 1 1 1 1 1 1 0 1 0 0 1 1 0 1 0 0 0 0]
Reconstruido --> [1 0 0 1 1 0 1 0 0 1 1 1 0 1 1 1 1 1 1 1 0 0 0 0 1 1 0 1 0 0 0 0] | Precisión: 0.97
Distancia de Hamming: 1
--------------------------------------------------
Original     --> [1 1 0 1 1 1 1 1 0 1 1 0 1 1 1 1 1 0 1 1 0 1 1 1 1 0 1 0 0 0 1 1]
Reconstruido --> [1 1 0 1 1 1 1 1 0 0 1 0 0 1 1 1 1 0 1 1 0 1 1 1 1 0 1 0 0 0 1 1] | Precisión: 0.94
Distancia de Hamming: 2
--------------------------------------------------
La media de la precisión del descifrado es 0.9177
Distancia media de Hamming = 2.6333 | Número de bits: 32
Número de reconstrucciones perfectas = 1421



 EVALUACIÓN DE BOB CON CLAVES ERRÓNEAS

[1] Bob (clave errada) --> [0 1 0 0 0 0 1 0 1 1 0 1 1 1 1 1 1 1 0 1 1 0 0 0 1 1 0 1 0 0 1 1] | Precisión: 0.97 | Hamming: 1
------------------------------------------------------------
[2] Bob (clave errada) --> [0 1 0 0 1 1 0 0 0 0 1 0 0 0 1 0 1 1 0 0 0 1 0 1 0 0 1 0 0 0 1 0] | Precisión: 0.91 | Hamming: 3
------------------------------------------------------------
[3] Bob (clave errada) --> [1 0 0 1 1 1 1 1 0 0 0 1 0 0 0 1 1 0 1 0 0 1 1 1 0 0 0 0 0 0 1 0] | Precisión: 0.84 | Hamming: 5
------------------------------------------------------------
[4] Bob (clave errada) --> [0 1 1 0 0 0 1 0 1 1 1 1 0 1 0 1 0 0 0 1 1 1 1 0 0 0 1 0 0 0 1 1] | Precisión: 0.97 | Hamming: 1
------------------------------------------------------------
[5] Bob (clave errada) --> [0 0 1 0 1 1 0 0 1 0 0 1 1 0 0 0 1 1 0 1 1 1 1 0 0 0 1 0 0 1 0 0] | Precisión: 0.94 | Hamming: 2
------------------------------------------------------------
[6] Bob (clave errada) --> [1 0 0 0 0 1 1 0 0 0 1 1 0 0 1 1 1 0 1 1 0 1 0 1 1 0 1 1 1 0 0 0] | Precisión: 0.81 | Hamming: 6
------------------------------------------------------------
[7] Bob (clave errada) --> [1 0 1 0 0 1 0 1 1 0 1 0 1 0 0 0 0 0 1 1 0 0 1 1 1 1 0 0 0 0 1 0] | Precisión: 0.94 | Hamming: 2
------------------------------------------------------------
[8] Bob (clave errada) --> [0 0 0 1 0 0 0 1 1 1 1 1 1 1 1 1 1 0 1 1 0 1 1 1 1 1 0 1 0 1 0 0] | Precisión: 0.88 | Hamming: 4
------------------------------------------------------------
[9] Bob (clave errada) --> [1 0 0 1 1 0 1 0 0 1 1 1 0 1 1 1 1 1 1 1 0 0 0 0 1 1 0 1 0 0 0 0] | Precisión: 0.97 | Hamming: 1
------------------------------------------------------------
[10] Bob (clave errada) --> [1 1 0 1 1 1 1 1 0 1 1 0 0 1 1 1 1 0 1 1 0 1 1 1 1 0 1 0 0 0 0 1] | Precisión: 0.94 | Hamming: 2
------------------------------------------------------------

RESULTADOS CON CLAVES ERRÓNEAS

Bob -> Precisión media (clave errada): 0.9156 | Hamming media: 2.70
Bob -> Reconstrucciones perfectas (con clave errada): 0



EVALUACIÓN CON 900:

Original     --> [0 1 0 0 0 0 0 1 1 0 1 0 0 0 0 1 0 1 0 0 0 1 0 1 0 0 0 0 0 1 1 1]
Reconstruido --> [0 1 0 0 0 0 0 1 1 0 1 0 0 0 0 1 0 1 0 0 0 1 0 1 0 0 0 0 1 1 1 1] | Precisión: 0.97
Distancia de Hamming: 1
--------------------------------------------------
Original     --> [0 0 1 1 1 0 1 0 1 0 1 1 1 1 1 1 1 1 0 0 1 1 0 1 0 0 0 0 0 0 0 1]
Reconstruido --> [0 0 1 1 0 0 1 0 1 0 1 1 1 1 1 1 1 1 0 1 1 1 0 1 0 0 0 0 0 0 1 1] | Precisión: 0.91
Distancia de Hamming: 3
--------------------------------------------------
Original     --> [0 1 0 1 0 1 1 1 0 0 0 0 0 0 0 0 1 0 0 0 1 1 1 0 0 0 0 1 0 0 1 1]
Reconstruido --> [0 0 1 0 0 1 1 1 0 0 0 1 0 0 0 0 1 1 0 0 1 0 1 0 0 1 0 1 0 0 1 1] | Precisión: 0.78
Distancia de Hamming: 7
--------------------------------------------------
Original     --> [1 1 0 1 0 1 0 1 1 1 1 1 1 0 1 0 1 1 1 1 1 0 0 1 1 0 0 1 0 1 1 0]
Reconstruido --> [1 1 0 1 0 1 0 1 1 1 1 1 1 1 0 0 0 1 1 1 1 0 0 1 1 0 0 1 0 0 1 0] | Precisión: 0.88
Distancia de Hamming: 4
--------------------------------------------------
Original     --> [1 1 0 1 0 1 1 1 1 0 0 1 1 1 1 0 1 1 1 1 0 0 0 1 1 0 0 0 1 1 1 1]
Reconstruido --> [1 1 0 1 0 0 1 1 1 0 0 1 1 1 0 0 1 1 1 1 0 0 0 1 1 0 0 0 1 1 1 1] | Precisión: 0.94
Distancia de Hamming: 2
--------------------------------------------------
Original     --> [0 0 1 0 1 1 1 1 0 1 0 0 0 0 1 0 0 1 0 0 0 1 0 1 0 0 0 0 0 1 0 1]
Reconstruido --> [0 0 1 0 1 1 1 1 0 1 0 0 0 0 1 0 0 0 0 0 0 1 0 1 0 0 0 0 0 1 1 1] | Precisión: 0.94
Distancia de Hamming: 2
--------------------------------------------------
Original     --> [1 1 0 1 0 0 0 0 1 0 0 0 0 0 0 0 1 0 0 1 1 0 0 1 1 1 0 1 1 1 0 0]
Reconstruido --> [1 1 0 0 0 0 0 0 1 0 0 0 0 0 0 0 1 0 0 1 1 0 0 1 1 1 0 1 1 1 0 0] | Precisión: 0.97
Distancia de Hamming: 1
--------------------------------------------------
Original     --> [1 0 1 1 0 0 0 1 0 1 1 1 1 1 0 1 1 1 0 1 0 0 0 1 1 0 0 1 0 1 1 0]
Reconstruido --> [1 0 1 1 0 0 0 1 0 1 1 1 1 1 0 1 1 1 0 1 0 0 0 1 1 0 0 1 0 1 1 0] | Precisión: 1.00
Distancia de Hamming: 0
--------------------------------------------------
Original     --> [0 0 1 1 1 1 0 0 1 0 0 0 1 1 0 1 0 1 0 0 0 0 0 1 0 0 0 1 0 0 0 1]
Reconstruido --> [0 0 1 1 0 1 0 0 1 0 0 0 1 1 0 1 1 1 0 0 0 0 0 1 0 0 0 1 0 0 1 1] | Precisión: 0.91
Distancia de Hamming: 3
--------------------------------------------------
Original     --> [1 0 1 0 0 0 0 0 0 0 1 0 0 0 0 0 0 1 1 0 1 0 1 1 0 0 1 1 1 0 0 1]
Reconstruido --> [1 0 1 0 0 0 0 0 0 0 1 0 0 0 0 0 0 1 1 0 1 0 1 1 0 0 1 1 1 0 0 1] | Precisión: 1.00
Distancia de Hamming: 0
--------------------------------------------------
La media de la precisión del descifrado es 0.9266
Distancia media de Hamming = 2.3494 | Número de bits: 32
Número de reconstrucciones perfectas = 1938



 EVALUACIÓN DE BOB CON CLAVES ERRÓNEAS

[1] Bob (clave errada) --> [0 1 0 0 0 0 0 1 1 0 1 0 0 0 0 1 0 1 0 0 0 0 0 1 0 0 0 0 1 1 1 1] | Precisión: 0.94 | Hamming: 2
------------------------------------------------------------
[2] Bob (clave errada) --> [0 0 1 1 0 0 1 0 1 0 1 1 1 1 1 1 1 1 0 1 1 1 0 1 0 0 0 0 0 0 1 1] | Precisión: 0.91 | Hamming: 3
------------------------------------------------------------
[3] Bob (clave errada) --> [0 0 0 0 0 0 1 1 0 0 0 1 0 0 0 0 1 1 0 0 1 0 1 0 0 0 0 1 0 0 1 1] | Precisión: 0.81 | Hamming: 6
------------------------------------------------------------
[4] Bob (clave errada) --> [1 1 0 1 0 1 0 1 1 1 1 1 1 1 0 0 0 1 1 1 1 0 0 1 1 0 0 1 0 0 1 0] | Precisión: 0.88 | Hamming: 4
------------------------------------------------------------
[5] Bob (clave errada) --> [1 1 0 1 1 1 1 1 1 0 0 1 1 1 0 0 0 1 1 1 0 1 0 1 1 0 0 0 1 1 1 1] | Precisión: 0.88 | Hamming: 4
------------------------------------------------------------
[6] Bob (clave errada) --> [0 0 1 0 1 1 1 1 0 1 0 0 0 0 1 0 0 0 0 0 0 1 0 1 0 0 0 0 0 1 1 1] | Precisión: 0.94 | Hamming: 2
------------------------------------------------------------
[7] Bob (clave errada) --> [1 1 0 0 0 0 0 0 1 0 0 0 0 0 0 0 1 0 0 1 1 0 0 1 1 1 0 1 1 1 0 0] | Precisión: 0.97 | Hamming: 1
------------------------------------------------------------
[8] Bob (clave errada) --> [1 0 0 1 0 0 0 1 0 1 1 1 1 1 0 1 1 1 0 1 0 0 0 1 0 0 0 0 0 0 1 0] | Precisión: 0.88 | Hamming: 4
------------------------------------------------------------
[9] Bob (clave errada) --> [0 0 1 1 0 1 0 0 1 0 0 0 1 1 0 1 0 1 0 0 0 0 0 1 0 0 0 1 0 0 1 1] | Precisión: 0.94 | Hamming: 2
------------------------------------------------------------
[10] Bob (clave errada) --> [1 0 1 0 0 0 0 0 0 0 1 0 0 0 0 0 0 1 1 0 1 0 1 1 0 0 1 1 1 0 0 1] | Precisión: 1.00 | Hamming: 0
------------------------------------------------------------

RESULTADOS CON CLAVES ERRÓNEAS

Bob -> Precisión media (clave errada): 0.9125 | Hamming media: 2.80
Bob -> Reconstrucciones perfectas (con clave errada): 1



EVALUACIÓN CON 1200:

Original     --> [1 0 0 1 1 0 0 1 1 1 1 1 0 1 0 0 0 0 0 0 1 0 0 0 1 0 0 1 1 0 1 0]
Reconstruido --> [0 0 0 1 1 1 0 1 1 1 1 1 0 1 0 0 0 0 0 0 1 0 0 0 1 0 0 1 1 0 1 0] | Precisión: 0.94
Distancia de Hamming: 2
--------------------------------------------------
Original     --> [0 0 1 1 0 1 0 0 1 0 0 1 0 0 0 1 0 1 0 0 1 1 0 0 1 0 1 0 1 0 0 0]
Reconstruido --> [0 0 1 1 0 1 0 0 1 0 0 1 0 0 0 0 0 1 0 0 1 1 0 0 0 0 1 0 1 0 0 0] | Precisión: 0.94
Distancia de Hamming: 2
--------------------------------------------------
Original     --> [1 1 0 1 0 1 0 1 1 0 1 0 1 0 1 1 1 1 0 1 0 1 1 1 0 0 0 1 0 1 0 0]
Reconstruido --> [1 1 0 1 0 1 0 1 1 0 1 0 1 0 1 1 1 1 0 1 0 1 1 1 0 0 0 1 0 1 0 0] | Precisión: 1.00
Distancia de Hamming: 0
--------------------------------------------------
Original     --> [1 1 0 0 1 1 1 0 1 1 0 0 1 1 1 0 1 1 1 0 0 0 0 1 0 0 1 1 0 0 0 1]
Reconstruido --> [1 1 0 0 1 0 1 0 1 1 0 0 1 1 1 0 1 1 1 0 0 0 0 1 0 0 1 1 0 0 0 1] | Precisión: 0.97
Distancia de Hamming: 1
--------------------------------------------------
Original     --> [1 1 1 1 0 0 1 1 0 0 0 0 0 0 1 1 1 0 1 1 1 0 0 0 0 1 0 0 0 0 0 0]
Reconstruido --> [1 1 1 1 0 0 1 1 0 0 0 0 0 0 1 1 1 0 1 1 1 0 0 0 0 1 0 0 0 0 0 0] | Precisión: 1.00
Distancia de Hamming: 0
--------------------------------------------------
Original     --> [1 1 1 1 1 1 0 1 1 0 0 1 1 1 1 1 1 0 1 0 0 1 0 1 1 1 1 0 0 1 1 1]
Reconstruido --> [1 1 1 1 1 1 0 1 1 0 0 1 1 1 1 1 1 0 1 0 0 1 0 1 1 1 1 0 0 1 1 1] | Precisión: 1.00
Distancia de Hamming: 0
--------------------------------------------------
Original     --> [0 1 0 0 1 1 1 1 0 0 0 1 0 0 1 1 0 0 1 1 1 0 0 0 1 0 0 0 1 0 1 0]
Reconstruido --> [0 1 1 0 1 1 1 1 0 0 0 1 0 1 1 1 0 0 1 1 1 0 0 0 1 0 1 0 1 0 1 0] | Precisión: 0.91
Distancia de Hamming: 3
--------------------------------------------------
Original     --> [1 1 0 1 1 1 1 0 0 1 0 1 1 1 0 0 1 1 0 1 1 1 1 1 1 1 0 0 1 0 0 1]
Reconstruido --> [1 1 0 1 1 1 1 0 0 0 0 1 1 0 0 0 1 1 0 1 1 1 0 1 1 1 0 0 1 0 0 1] | Precisión: 0.91
Distancia de Hamming: 3
--------------------------------------------------
Original     --> [0 0 1 1 1 0 0 1 0 1 0 0 0 0 1 0 0 1 0 1 1 1 0 0 0 0 1 0 0 1 0 1]
Reconstruido --> [0 0 1 1 0 0 0 1 0 1 0 0 0 0 1 0 0 1 0 1 1 1 0 0 0 0 1 0 0 1 0 1] | Precisión: 0.97
Distancia de Hamming: 1
--------------------------------------------------
Original     --> [0 0 0 0 0 1 1 0 1 0 1 0 0 0 1 1 0 0 1 0 1 0 0 0 1 1 0 0 1 0 1 0]
Reconstruido --> [1 0 0 0 1 1 1 1 1 0 1 0 0 1 1 0 0 0 0 0 1 0 0 0 0 1 0 0 1 0 1 0] | Precisión: 0.78
Distancia de Hamming: 7
--------------------------------------------------
La media de la precisión del descifrado es 0.9252
Distancia media de Hamming = 2.3934 | Número de bits: 32
Número de reconstrucciones perfectas = 1864



 EVALUACIÓN DE BOB CON CLAVES ERRÓNEAS

[1] Bob (clave errada) --> [0 0 0 1 1 0 0 1 1 1 1 1 0 1 0 0 0 0 0 0 1 0 0 0 1 0 0 1 1 0 1 0] | Precisión: 0.97 | Hamming: 1
------------------------------------------------------------
[2] Bob (clave errada) --> [0 0 1 1 0 1 0 1 1 0 0 1 0 0 0 0 0 1 0 0 1 1 0 0 0 0 1 0 1 0 0 0] | Precisión: 0.91 | Hamming: 3
------------------------------------------------------------
[3] Bob (clave errada) --> [1 1 0 1 0 1 0 1 1 0 1 0 1 0 1 1 1 1 0 1 0 1 1 1 1 0 0 1 0 1 0 0] | Precisión: 0.97 | Hamming: 1
------------------------------------------------------------
[4] Bob (clave errada) --> [1 1 0 0 1 1 1 0 1 1 0 0 1 1 1 1 1 1 1 0 0 0 0 1 1 0 1 1 0 0 1 1] | Precisión: 0.91 | Hamming: 3
------------------------------------------------------------
[5] Bob (clave errada) --> [1 1 1 1 0 0 1 1 0 0 0 0 0 0 1 1 1 0 0 1 1 0 0 0 0 1 0 0 0 0 0 0] | Precisión: 0.97 | Hamming: 1
------------------------------------------------------------
[6] Bob (clave errada) --> [1 1 1 1 1 1 0 1 1 0 0 1 1 1 1 1 1 0 1 0 0 1 0 1 1 1 1 0 0 1 0 1] | Precisión: 0.97 | Hamming: 1
------------------------------------------------------------
[7] Bob (clave errada) --> [0 1 1 0 1 1 1 1 0 0 0 1 0 1 1 1 0 0 1 1 1 0 0 0 1 0 1 0 1 0 1 0] | Precisión: 0.91 | Hamming: 3
------------------------------------------------------------
[8] Bob (clave errada) --> [1 1 0 1 1 1 1 0 0 0 0 1 1 0 0 0 1 1 0 0 1 1 0 1 1 1 0 0 1 0 0 1] | Precisión: 0.88 | Hamming: 4
------------------------------------------------------------
[9] Bob (clave errada) --> [0 0 1 0 0 0 0 1 0 1 0 0 0 0 1 0 0 1 0 1 1 0 0 0 0 0 1 0 0 1 0 1] | Precisión: 0.91 | Hamming: 3
------------------------------------------------------------
[10] Bob (clave errada) --> [1 0 0 0 1 1 1 0 1 0 1 0 0 0 1 0 0 0 0 0 1 0 0 0 0 1 0 0 1 0 0 0] | Precisión: 0.81 | Hamming: 6
------------------------------------------------------------

RESULTADOS CON CLAVES ERRÓNEAS

Bob -> Precisión media (clave errada): 0.9187 | Hamming media: 2.60
Bob -> Reconstrucciones perfectas (con clave errada): 0



EVALUACIÓN CON 1500:

Original     --> [1 1 1 1 0 0 1 1 1 1 1 1 1 0 1 1 0 0 0 0 0 0 0 1 0 0 0 0 0 0 0 1]
Reconstruido --> [1 1 1 1 0 0 1 1 1 1 1 1 1 0 1 1 0 0 0 0 0 0 0 1 0 0 0 0 0 0 0 1] | Precisión: 1.00
Distancia de Hamming: 0
--------------------------------------------------
Original     --> [1 1 1 0 1 0 1 0 1 1 1 1 0 1 1 1 1 0 1 1 1 1 1 0 1 0 1 1 0 1 1 1]
Reconstruido --> [1 1 1 0 1 0 1 0 1 1 1 1 0 1 1 1 1 0 1 1 1 1 1 0 1 0 1 1 0 1 1 1] | Precisión: 1.00
Distancia de Hamming: 0
--------------------------------------------------
Original     --> [1 0 1 1 0 0 0 0 0 0 0 0 0 0 0 1 1 1 0 0 1 1 1 0 0 1 1 0 1 0 0 1]
Reconstruido --> [1 0 1 1 0 1 0 0 0 0 0 0 0 0 0 1 1 1 0 0 1 1 1 0 0 1 1 0 1 0 0 1] | Precisión: 0.97
Distancia de Hamming: 1
--------------------------------------------------
Original     --> [1 0 0 1 0 0 0 0 1 0 1 0 0 1 0 1 0 0 0 0 1 0 1 1 1 1 1 1 1 0 1 0]
Reconstruido --> [1 0 0 1 0 0 1 0 1 0 1 0 0 1 0 1 0 1 1 0 1 0 0 1 1 1 1 1 1 0 1 0] | Precisión: 0.88
Distancia de Hamming: 4
--------------------------------------------------
Original     --> [1 1 0 1 0 1 0 1 1 1 0 1 1 0 0 0 1 0 1 1 1 1 1 1 0 1 1 1 1 0 1 0]
Reconstruido --> [1 1 0 1 0 1 0 1 1 1 0 1 1 0 0 0 1 0 1 1 1 1 1 1 0 1 1 1 1 0 1 0] | Precisión: 1.00
Distancia de Hamming: 0
--------------------------------------------------
Original     --> [0 1 1 0 1 0 0 1 0 0 1 0 1 1 0 1 1 0 1 0 0 0 1 0 1 0 1 1 1 0 0 0]
Reconstruido --> [0 0 1 0 1 0 0 0 0 0 1 0 1 1 0 1 1 0 1 0 0 0 1 0 1 0 1 1 1 0 0 0] | Precisión: 0.94
Distancia de Hamming: 2
--------------------------------------------------
Original     --> [0 1 0 0 1 1 0 1 0 1 0 0 1 1 1 1 1 0 0 1 0 0 0 1 1 0 1 1 1 0 1 0]
Reconstruido --> [0 1 0 0 1 1 0 1 1 1 0 0 0 1 1 1 1 0 0 1 0 0 0 1 1 0 1 0 1 0 1 0] | Precisión: 0.91
Distancia de Hamming: 3
--------------------------------------------------
Original     --> [1 1 0 0 1 1 0 1 1 0 1 0 0 0 1 0 0 1 1 1 1 0 1 1 1 1 0 1 1 0 0 1]
Reconstruido --> [1 1 0 1 1 1 0 1 1 0 1 0 0 0 1 0 0 1 1 1 1 0 1 1 1 1 0 1 1 0 1 1] | Precisión: 0.94
Distancia de Hamming: 2
--------------------------------------------------
Original     --> [1 0 0 0 0 1 1 1 0 1 1 0 1 1 0 1 1 1 1 1 1 1 0 0 0 1 0 1 1 0 1 1]
Reconstruido --> [1 0 0 0 0 1 1 1 0 0 1 0 0 1 0 1 1 1 1 1 1 1 0 0 0 1 0 1 1 0 1 1] | Precisión: 0.94
Distancia de Hamming: 2
--------------------------------------------------
Original     --> [0 1 0 0 0 0 1 1 1 0 1 0 0 0 1 0 1 1 1 1 1 0 1 1 1 0 0 1 1 1 1 1]
Reconstruido --> [0 1 0 0 0 1 1 1 1 0 1 0 0 0 1 0 1 1 1 1 1 0 1 1 1 0 0 1 1 1 1 1] | Precisión: 0.97
Distancia de Hamming: 1
--------------------------------------------------
La media de la precisión del descifrado es 0.9517
Distancia media de Hamming = 1.5455 | Número de bits: 32
Número de reconstrucciones perfectas = 3731



 EVALUACIÓN DE BOB CON CLAVES ERRÓNEAS

[1] Bob (clave errada) --> [1 1 1 1 0 0 1 1 1 1 1 1 1 0 1 1 0 0 0 0 0 0 0 1 0 0 0 0 0 0 0 1] | Precisión: 1.00 | Hamming: 0
------------------------------------------------------------
[2] Bob (clave errada) --> [1 1 1 0 1 0 1 0 1 1 0 1 0 1 1 1 0 0 1 1 1 1 1 0 1 0 1 1 0 1 1 1] | Precisión: 0.94 | Hamming: 2
------------------------------------------------------------
[3] Bob (clave errada) --> [1 0 1 1 0 0 0 0 0 1 0 0 0 0 0 1 1 1 0 0 1 1 0 0 0 1 1 0 1 0 0 1] | Precisión: 0.94 | Hamming: 2
------------------------------------------------------------
[4] Bob (clave errada) --> [1 0 0 1 0 0 1 0 1 0 1 0 0 1 0 1 0 1 1 0 1 0 0 1 1 1 1 1 1 0 1 0] | Precisión: 0.88 | Hamming: 4
------------------------------------------------------------
[5] Bob (clave errada) --> [1 1 0 1 0 1 0 1 1 1 0 1 1 0 0 0 1 0 1 1 1 1 1 1 0 1 1 1 0 0 1 0] | Precisión: 0.97 | Hamming: 1
------------------------------------------------------------
[6] Bob (clave errada) --> [0 1 1 0 1 0 0 1 0 0 1 0 1 1 0 1 1 0 1 1 0 1 1 0 1 0 1 1 1 0 0 0] | Precisión: 0.94 | Hamming: 2
------------------------------------------------------------
[7] Bob (clave errada) --> [0 1 1 0 1 1 0 1 1 1 0 0 1 1 1 1 1 0 0 1 0 0 0 1 1 0 1 0 1 0 1 0] | Precisión: 0.91 | Hamming: 3
------------------------------------------------------------
[8] Bob (clave errada) --> [1 1 0 1 1 1 0 1 1 0 1 0 0 0 1 0 0 1 1 1 1 0 1 1 1 0 0 1 1 0 1 1] | Precisión: 0.91 | Hamming: 3
------------------------------------------------------------
[9] Bob (clave errada) --> [1 0 0 0 0 1 1 1 0 0 1 0 0 1 0 1 1 1 1 0 1 1 0 0 0 1 0 1 1 0 1 0] | Precisión: 0.88 | Hamming: 4
------------------------------------------------------------
[10] Bob (clave errada) --> [0 1 0 0 0 0 1 1 1 0 1 0 0 0 1 0 1 1 1 1 0 0 1 1 1 0 0 1 1 1 1 1] | Precisión: 0.97 | Hamming: 1
------------------------------------------------------------

RESULTADOS CON CLAVES ERRÓNEAS

Bob -> Precisión media (clave errada): 0.9313 | Hamming media: 2.20
Bob -> Reconstrucciones perfectas (con clave errada): 1



EVALUACIÓN CON 1800:

Original     --> [1 1 1 0 0 1 0 1 0 1 1 0 0 0 1 0 0 0 0 0 0 1 1 0 0 1 0 0 0 1 1 1]
Reconstruido --> [1 1 1 0 0 1 0 1 0 1 1 0 0 0 1 0 0 0 0 0 0 1 1 0 0 1 0 0 0 1 1 1] | Precisión: 1.00
Distancia de Hamming: 0
--------------------------------------------------
Original     --> [1 0 1 1 1 1 1 0 0 1 0 0 1 0 0 0 0 0 1 0 1 0 1 0 0 0 0 0 0 0 0 1]
Reconstruido --> [1 0 1 1 1 1 1 1 0 1 0 0 1 0 0 0 0 0 1 0 1 0 1 0 0 0 0 0 0 0 0 1] | Precisión: 0.97
Distancia de Hamming: 1
--------------------------------------------------
Original     --> [1 1 1 0 1 1 1 1 1 0 0 1 0 1 1 0 0 0 1 0 1 0 0 1 0 1 1 0 0 1 0 1]
Reconstruido --> [1 1 1 0 1 1 1 1 1 0 0 1 0 1 1 0 0 0 1 0 1 0 0 1 0 1 1 0 0 1 0 1] | Precisión: 1.00
Distancia de Hamming: 0
--------------------------------------------------
Original     --> [0 0 1 1 1 0 0 1 0 0 1 0 0 0 1 0 1 1 1 0 0 1 1 1 0 0 1 0 0 1 0 0]
Reconstruido --> [0 0 1 1 1 0 0 1 0 0 1 0 0 0 1 0 1 1 1 0 0 1 1 1 0 0 1 0 0 1 0 0] | Precisión: 1.00
Distancia de Hamming: 0
--------------------------------------------------
Original     --> [0 1 1 0 0 0 0 1 0 0 1 1 0 0 1 1 1 1 1 0 1 0 0 0 0 1 0 1 1 1 1 1]
Reconstruido --> [0 1 1 0 0 0 0 1 0 0 1 1 0 0 1 1 1 1 1 0 1 0 0 0 0 1 0 1 1 1 1 1] | Precisión: 1.00
Distancia de Hamming: 0
--------------------------------------------------
Original     --> [0 0 0 0 0 1 0 0 0 1 0 1 0 1 1 1 0 0 1 0 1 1 0 0 1 0 1 0 1 1 0 1]
Reconstruido --> [1 0 0 0 1 1 0 0 0 1 0 1 0 1 1 1 0 0 1 0 1 1 0 0 1 0 1 0 1 1 0 1] | Precisión: 0.94
Distancia de Hamming: 2
--------------------------------------------------
Original     --> [0 1 0 1 0 1 1 1 1 1 1 0 0 0 1 1 0 1 0 0 0 0 1 1 0 1 0 0 0 0 0 1]
Reconstruido --> [1 1 0 1 0 1 1 1 1 1 1 0 1 0 1 0 0 1 0 0 0 0 1 1 0 1 0 0 0 1 0 1] | Precisión: 0.88
Distancia de Hamming: 4
--------------------------------------------------
Original     --> [1 1 0 1 0 0 1 0 0 0 0 0 0 1 1 1 1 1 0 0 1 1 0 0 0 1 0 1 1 0 0 0]
Reconstruido --> [1 1 0 1 0 0 1 0 0 0 0 0 0 1 1 1 1 1 0 0 1 1 0 0 0 1 0 1 1 0 0 0] | Precisión: 1.00
Distancia de Hamming: 0
--------------------------------------------------
Original     --> [1 1 0 0 0 0 1 1 1 1 0 0 1 0 1 0 1 1 0 1 1 1 0 0 1 1 0 0 1 0 0 0]
Reconstruido --> [1 1 0 0 0 0 1 1 1 1 0 0 1 0 1 0 1 1 0 1 1 1 0 0 0 1 0 0 1 0 0 0] | Precisión: 0.97
Distancia de Hamming: 1
--------------------------------------------------
Original     --> [0 1 1 1 0 1 0 1 0 0 1 1 1 1 1 0 1 1 0 0 1 1 0 1 1 0 1 1 1 1 1 0]
Reconstruido --> [0 1 1 1 0 1 0 0 0 0 1 1 0 1 1 0 1 1 0 0 1 0 0 1 1 0 1 1 1 1 1 0] | Precisión: 0.91
Distancia de Hamming: 3
--------------------------------------------------
La media de la precisión del descifrado es 0.9558
Distancia media de Hamming = 1.4142 | Número de bits: 32
Número de reconstrucciones perfectas = 4048



 EVALUACIÓN DE BOB CON CLAVES ERRÓNEAS

[1] Bob (clave errada) --> [1 1 1 0 0 1 0 1 1 1 1 0 0 0 1 0 0 0 1 0 1 1 1 0 0 1 0 0 1 1 1 1] | Precisión: 0.88 | Hamming: 4
------------------------------------------------------------
[2] Bob (clave errada) --> [1 0 1 1 1 1 1 0 0 1 0 0 1 0 0 0 0 0 1 0 1 0 1 0 0 0 0 0 0 0 0 1] | Precisión: 1.00 | Hamming: 0
------------------------------------------------------------
[3] Bob (clave errada) --> [1 1 1 0 1 1 1 1 1 0 0 1 0 1 1 0 0 0 1 0 1 0 0 1 0 1 1 0 0 1 0 1] | Precisión: 1.00 | Hamming: 0
------------------------------------------------------------
[4] Bob (clave errada) --> [0 0 1 1 1 0 0 1 0 0 1 0 0 0 1 0 1 1 1 0 0 1 1 1 0 0 1 0 0 1 0 0] | Precisión: 1.00 | Hamming: 0
------------------------------------------------------------
[5] Bob (clave errada) --> [0 1 1 0 0 0 0 1 0 0 1 1 0 0 1 1 1 1 1 0 1 0 0 0 0 1 0 1 1 1 1 1] | Precisión: 1.00 | Hamming: 0
------------------------------------------------------------
[6] Bob (clave errada) --> [1 0 0 0 1 1 0 0 0 1 0 1 0 0 1 1 0 0 1 0 1 1 0 0 1 0 1 0 1 1 0 1] | Precisión: 0.91 | Hamming: 3
------------------------------------------------------------
[7] Bob (clave errada) --> [1 1 0 1 0 1 1 1 1 1 1 0 1 0 1 1 0 1 0 0 0 0 1 1 0 1 0 0 0 1 0 1] | Precisión: 0.91 | Hamming: 3
------------------------------------------------------------
[8] Bob (clave errada) --> [1 1 0 1 0 0 1 0 0 0 0 0 0 1 1 1 1 1 0 0 1 1 0 0 0 1 0 1 0 0 0 0] | Precisión: 0.97 | Hamming: 1
------------------------------------------------------------
[9] Bob (clave errada) --> [1 1 1 0 0 0 1 0 1 1 0 0 1 1 1 0 1 1 0 1 1 1 0 1 0 1 0 0 1 1 0 0] | Precisión: 0.81 | Hamming: 6
------------------------------------------------------------
[10] Bob (clave errada) --> [0 0 1 1 0 0 0 1 0 0 1 1 0 1 1 0 1 1 0 0 1 0 0 1 1 0 1 1 1 1 1 0] | Precisión: 0.88 | Hamming: 4
------------------------------------------------------------

RESULTADOS CON CLAVES ERRÓNEAS

Bob -> Precisión media (clave errada): 0.9344 | Hamming media: 2.10
Bob -> Reconstrucciones perfectas (con clave errada): 4



EVALUACIÓN CON 2100:

Original     --> [0 1 1 0 1 1 1 1 0 0 1 1 0 0 1 1 0 1 1 0 0 1 0 0 0 1 0 0 1 0 1 0]
Reconstruido --> [0 1 1 0 1 1 1 1 0 0 1 1 0 0 1 1 0 1 0 0 0 1 0 0 0 1 1 0 0 0 1 0] | Precisión: 0.91
Distancia de Hamming: 3
--------------------------------------------------
Original     --> [0 1 0 0 1 1 0 1 0 0 0 1 1 0 0 1 1 1 1 0 0 0 1 0 0 1 1 0 0 0 1 1]
Reconstruido --> [0 1 0 0 1 1 0 1 0 0 0 1 1 0 0 1 1 1 1 0 0 0 1 0 0 1 1 0 0 0 1 1] | Precisión: 1.00
Distancia de Hamming: 0
--------------------------------------------------
Original     --> [0 1 0 1 1 1 1 1 0 0 0 0 0 0 0 1 1 0 0 0 0 1 1 0 1 0 0 0 0 1 0 0]
Reconstruido --> [0 1 0 0 1 1 1 1 0 0 0 0 0 0 0 1 1 1 0 0 0 1 1 1 0 0 0 0 0 1 0 0] | Precisión: 0.88
Distancia de Hamming: 4
--------------------------------------------------
Original     --> [1 1 0 0 1 0 0 1 0 0 0 0 1 1 0 1 1 0 1 1 0 0 1 0 0 0 0 1 0 0 0 1]
Reconstruido --> [1 1 0 0 1 0 0 1 0 0 0 0 1 1 0 1 1 0 1 1 0 0 1 0 0 0 0 1 0 0 0 1] | Precisión: 1.00
Distancia de Hamming: 0
--------------------------------------------------
Original     --> [0 0 0 1 1 0 0 1 1 1 1 1 1 1 1 1 1 1 1 1 0 1 0 1 1 0 0 1 1 1 0 1]
Reconstruido --> [0 0 0 1 1 0 0 1 1 1 1 1 1 1 1 1 1 1 0 1 0 1 0 1 1 0 0 1 1 1 0 1] | Precisión: 0.97
Distancia de Hamming: 1
--------------------------------------------------
Original     --> [0 1 0 0 1 1 1 0 0 1 1 0 0 0 1 0 0 0 1 1 0 0 1 1 1 0 0 1 1 1 0 0]
Reconstruido --> [0 0 0 0 1 1 1 0 0 1 1 0 0 0 1 1 0 0 1 1 0 0 1 1 1 0 0 1 1 1 0 0] | Precisión: 0.94
Distancia de Hamming: 2
--------------------------------------------------
Original     --> [0 0 1 0 1 1 0 1 1 1 0 1 0 0 0 1 0 1 0 1 1 1 0 1 0 1 1 0 0 0 1 0]
Reconstruido --> [0 1 1 0 1 1 0 0 1 1 0 1 0 0 0 1 0 1 0 1 1 1 0 1 0 1 1 0 0 0 1 0] | Precisión: 0.94
Distancia de Hamming: 2
--------------------------------------------------
Original     --> [0 1 0 0 0 1 0 1 0 0 1 0 0 0 1 1 0 1 1 0 0 0 0 1 1 0 0 0 0 1 0 0]
Reconstruido --> [0 0 0 0 0 1 0 1 0 0 1 0 0 0 0 1 0 1 0 0 0 0 0 1 1 0 0 0 0 1 0 0] | Precisión: 0.91
Distancia de Hamming: 3
--------------------------------------------------
Original     --> [1 0 1 1 0 0 1 1 0 0 1 1 0 0 1 1 0 1 1 1 1 1 0 0 1 0 0 0 1 0 0 0]
Reconstruido --> [0 0 1 1 0 0 0 1 0 0 1 1 0 0 1 1 0 1 1 1 1 1 0 0 1 0 0 1 1 0 1 0] | Precisión: 0.88
Distancia de Hamming: 4
--------------------------------------------------
Original     --> [0 1 0 1 0 1 0 0 0 1 0 1 1 1 0 1 0 1 1 0 0 0 1 0 1 0 0 1 0 1 1 0]
Reconstruido --> [0 1 0 1 0 1 0 0 0 1 0 1 1 1 0 1 0 1 1 0 0 0 1 0 1 0 0 1 0 1 1 0] | Precisión: 1.00
Distancia de Hamming: 0
--------------------------------------------------
La media de la precisión del descifrado es 0.9418
Distancia media de Hamming = 1.8627 | Número de bits: 32
Número de reconstrucciones perfectas = 2982



 EVALUACIÓN DE BOB CON CLAVES ERRÓNEAS

[1] Bob (clave errada) --> [0 1 1 0 1 1 1 1 0 0 1 1 0 0 1 1 0 1 0 0 0 1 0 0 0 1 0 0 0 0 1 0] | Precisión: 0.94 | Hamming: 2
------------------------------------------------------------
[2] Bob (clave errada) --> [0 1 1 1 1 1 1 1 0 0 0 1 1 0 0 1 1 1 1 1 0 0 1 0 0 1 1 0 0 1 1 1] | Precisión: 0.84 | Hamming: 5
------------------------------------------------------------
[3] Bob (clave errada) --> [0 1 0 0 1 1 1 1 0 0 0 0 0 0 0 1 0 0 0 0 0 1 1 1 0 0 0 0 0 1 0 0] | Precisión: 0.88 | Hamming: 4
------------------------------------------------------------
[4] Bob (clave errada) --> [0 1 0 0 1 0 0 1 0 0 0 0 1 1 0 1 1 0 1 1 0 0 1 0 0 0 0 1 0 0 0 0] | Precisión: 0.94 | Hamming: 2
------------------------------------------------------------
[5] Bob (clave errada) --> [0 0 0 1 1 0 0 1 1 1 1 1 1 1 1 1 1 1 0 1 0 1 0 1 1 0 0 1 1 1 0 1] | Precisión: 0.97 | Hamming: 1
------------------------------------------------------------
[6] Bob (clave errada) --> [0 0 0 0 1 1 1 0 0 1 1 0 0 0 1 1 0 0 1 1 0 0 1 1 1 0 0 1 1 1 0 0] | Precisión: 0.94 | Hamming: 2
------------------------------------------------------------
[7] Bob (clave errada) --> [1 1 1 1 1 1 0 1 1 0 0 1 0 0 0 1 0 1 0 1 1 1 0 1 0 1 1 0 0 0 1 0] | Precisión: 0.88 | Hamming: 4
------------------------------------------------------------
[8] Bob (clave errada) --> [0 0 0 0 0 1 0 1 0 0 1 0 0 0 1 1 0 1 1 0 0 0 0 1 1 0 0 0 0 1 0 0] | Precisión: 0.97 | Hamming: 1
------------------------------------------------------------
[9] Bob (clave errada) --> [0 0 1 1 0 0 0 1 0 0 1 0 0 0 1 1 0 1 1 1 1 1 0 0 1 0 0 0 1 0 0 0] | Precisión: 0.91 | Hamming: 3
------------------------------------------------------------
[10] Bob (clave errada) --> [0 1 0 0 0 1 0 0 0 1 0 1 1 1 0 1 0 1 1 0 0 0 1 0 0 0 0 1 0 1 1 0] | Precisión: 0.94 | Hamming: 2
------------------------------------------------------------

RESULTADOS CON CLAVES ERRÓNEAS

Bob -> Precisión media (clave errada): 0.9187 | Hamming media: 2.60
Bob -> Reconstrucciones perfectas (con clave errada): 0



EVALUACIÓN CON 2400:

Original     --> [1 1 0 0 0 1 1 1 1 0 1 1 0 0 1 1 1 1 0 0 0 1 1 0 0 1 0 1 0 0 1 1]
Reconstruido --> [1 1 0 0 0 1 1 1 1 0 1 1 0 0 1 1 1 1 1 0 0 1 1 0 1 1 0 1 0 0 1 1] | Precisión: 0.94
Distancia de Hamming: 2
--------------------------------------------------
Original     --> [0 1 1 1 0 0 1 1 0 1 0 0 1 1 1 1 1 1 0 0 1 0 1 1 1 1 0 1 1 1 0 0]
Reconstruido --> [0 1 1 1 0 0 1 1 0 1 0 0 1 1 1 1 1 1 0 0 1 0 1 1 1 1 0 1 1 1 0 0] | Precisión: 1.00
Distancia de Hamming: 0
--------------------------------------------------
Original     --> [0 1 1 1 1 1 0 1 1 0 0 1 1 0 1 1 1 1 0 0 0 1 1 0 0 0 1 1 0 1 1 1]
Reconstruido --> [0 1 1 1 1 1 0 1 1 0 0 1 1 0 1 1 1 1 0 0 0 1 1 0 0 0 1 1 0 1 1 1] | Precisión: 1.00
Distancia de Hamming: 0
--------------------------------------------------
Original     --> [0 0 1 0 1 1 0 1 0 0 0 0 0 1 1 1 1 0 0 0 1 0 0 0 1 0 1 1 1 0 0 1]
Reconstruido --> [0 0 1 0 1 1 0 1 0 0 0 0 0 1 1 1 1 0 0 0 1 0 0 0 1 0 1 1 1 0 0 1] | Precisión: 1.00
Distancia de Hamming: 0
--------------------------------------------------
Original     --> [1 1 1 0 0 0 1 0 1 0 1 1 1 1 1 1 0 0 0 1 1 0 1 1 1 0 1 0 0 1 0 0]
Reconstruido --> [1 1 1 0 0 0 1 0 1 0 1 1 1 1 1 1 0 0 0 1 1 0 1 1 1 0 1 0 0 1 0 0] | Precisión: 1.00
Distancia de Hamming: 0
--------------------------------------------------
Original     --> [1 0 0 0 0 0 1 1 1 0 1 1 0 0 1 0 0 0 1 0 0 1 1 0 0 0 1 1 1 0 1 1]
Reconstruido --> [1 0 0 0 0 0 1 1 1 0 1 1 0 0 1 0 0 0 1 0 0 1 1 0 0 0 1 1 1 0 1 1] | Precisión: 1.00
Distancia de Hamming: 0
--------------------------------------------------
Original     --> [0 1 0 0 1 0 1 1 1 1 1 0 0 1 0 1 1 1 0 1 0 0 0 1 0 0 1 1 1 1 1 1]
Reconstruido --> [0 1 0 0 1 0 1 1 1 1 1 0 0 1 0 1 1 1 0 1 0 0 0 1 0 0 1 1 1 1 1 1] | Precisión: 1.00
Distancia de Hamming: 0
--------------------------------------------------
Original     --> [1 0 1 0 1 0 1 1 0 1 1 0 0 0 1 1 1 1 0 1 1 1 1 1 1 1 1 0 1 1 0 0]
Reconstruido --> [1 0 1 0 1 0 1 1 0 1 1 0 0 0 1 1 1 1 0 1 1 1 1 1 1 1 1 0 1 1 0 0] | Precisión: 1.00
Distancia de Hamming: 0
--------------------------------------------------
Original     --> [1 1 0 1 1 1 0 0 0 1 1 1 0 1 0 1 1 1 0 1 1 0 0 1 0 1 1 0 0 1 1 0]
Reconstruido --> [0 1 1 1 1 1 0 1 0 1 1 0 1 0 0 1 1 0 0 1 1 1 0 1 0 1 1 0 0 1 0 0] | Precisión: 0.72
Distancia de Hamming: 9
--------------------------------------------------
Original     --> [0 0 0 0 0 1 0 1 0 0 1 0 0 1 0 0 1 1 1 0 1 0 0 0 0 1 0 0 0 1 1 1]
Reconstruido --> [0 0 1 0 0 1 0 1 0 0 1 0 1 1 0 0 1 0 1 0 1 0 0 0 0 1 0 1 0 1 1 1] | Precisión: 0.88
Distancia de Hamming: 4
--------------------------------------------------
La media de la precisión del descifrado es 0.9698
Distancia media de Hamming = 0.9653 | Número de bits: 32
Número de reconstrucciones perfectas = 5830



 EVALUACIÓN DE BOB CON CLAVES ERRÓNEAS

[1] Bob (clave errada) --> [1 1 0 0 0 1 1 1 1 0 1 1 0 0 1 1 1 1 1 0 0 1 1 0 0 1 0 1 0 0 1 1] | Precisión: 0.97 | Hamming: 1
------------------------------------------------------------
[2] Bob (clave errada) --> [0 1 1 1 0 0 1 1 0 1 0 0 1 1 1 1 1 1 0 0 1 0 1 1 1 1 0 1 1 1 0 0] | Precisión: 1.00 | Hamming: 0
------------------------------------------------------------
[3] Bob (clave errada) --> [0 1 1 1 1 1 0 1 1 0 0 1 1 0 1 1 1 1 0 0 0 1 1 0 0 0 1 1 0 1 1 1] | Precisión: 1.00 | Hamming: 0
------------------------------------------------------------
[4] Bob (clave errada) --> [0 0 1 0 1 1 0 1 0 0 0 0 0 1 1 1 1 0 0 0 1 0 0 0 1 0 1 1 1 0 0 1] | Precisión: 1.00 | Hamming: 0
------------------------------------------------------------
[5] Bob (clave errada) --> [1 1 1 0 0 0 1 0 1 0 1 1 1 1 1 1 0 0 0 1 1 0 1 1 1 0 1 0 0 1 0 0] | Precisión: 1.00 | Hamming: 0
------------------------------------------------------------
[6] Bob (clave errada) --> [1 0 0 0 0 0 1 1 1 0 1 1 0 0 1 0 0 0 1 0 0 1 1 0 0 0 1 1 1 0 1 1] | Precisión: 1.00 | Hamming: 0
------------------------------------------------------------
[7] Bob (clave errada) --> [0 1 0 0 1 0 1 1 1 1 1 0 0 1 0 1 1 1 0 1 0 0 1 1 0 0 1 1 1 1 1 1] | Precisión: 0.97 | Hamming: 1
------------------------------------------------------------
[8] Bob (clave errada) --> [1 0 1 0 1 0 1 0 0 1 1 0 0 0 1 1 1 1 0 1 1 1 1 1 1 1 1 0 1 1 0 0] | Precisión: 0.97 | Hamming: 1
------------------------------------------------------------
[9] Bob (clave errada) --> [1 1 1 1 1 1 0 1 0 1 0 1 1 0 0 1 1 0 0 1 1 1 0 1 0 1 1 0 1 1 1 0] | Precisión: 0.75 | Hamming: 8
------------------------------------------------------------
[10] Bob (clave errada) --> [0 0 1 0 0 1 0 1 0 0 1 0 1 1 0 0 1 1 1 0 1 0 0 0 0 1 0 1 0 1 1 1] | Precisión: 0.91 | Hamming: 3
------------------------------------------------------------

RESULTADOS CON CLAVES ERRÓNEAS

Bob -> Precisión media (clave errada): 0.9563 | Hamming media: 1.40
Bob -> Reconstrucciones perfectas (con clave errada): 5



EVALUACIÓN CON 2700:

Original     --> [0 1 1 0 0 0 0 1 0 1 1 0 0 1 1 0 1 1 0 1 0 1 1 1 1 1 0 0 1 1 0 1]
Reconstruido --> [0 1 1 0 0 0 0 1 0 1 1 0 0 1 1 0 1 1 0 1 0 1 1 1 1 1 0 0 1 1 0 1] | Precisión: 1.00
Distancia de Hamming: 0
--------------------------------------------------
Original     --> [0 0 1 0 0 0 0 1 0 0 0 1 0 0 1 0 1 0 1 0 0 0 0 0 0 0 1 1 0 1 0 0]
Reconstruido --> [0 0 1 0 0 0 0 1 0 0 0 1 1 0 1 0 1 0 1 0 0 0 0 0 0 0 1 1 0 1 0 0] | Precisión: 0.97
Distancia de Hamming: 1
--------------------------------------------------
Original     --> [0 1 1 0 0 0 1 0 1 0 1 1 1 0 1 0 1 1 1 1 1 1 0 0 0 1 1 1 1 0 0 0]
Reconstruido --> [0 1 1 0 0 0 1 0 1 0 1 1 1 0 1 0 1 1 1 1 1 1 0 0 0 1 1 1 1 0 0 0] | Precisión: 1.00
Distancia de Hamming: 0
--------------------------------------------------
Original     --> [0 0 1 0 0 0 0 1 1 0 1 1 0 1 0 1 1 0 1 0 1 0 1 1 0 1 1 1 0 1 0 1]
Reconstruido --> [0 0 1 0 0 0 0 1 1 0 1 1 1 1 0 1 1 0 1 1 0 0 1 1 0 0 1 1 0 1 0 1] | Precisión: 0.88
Distancia de Hamming: 4
--------------------------------------------------
Original     --> [1 0 0 0 1 0 0 1 1 1 1 1 1 1 0 1 1 1 1 1 0 0 1 1 0 1 0 1 1 1 1 1]
Reconstruido --> [1 0 0 0 1 0 0 1 1 1 1 1 1 1 0 1 1 1 1 1 0 0 1 1 0 1 0 1 1 1 1 1] | Precisión: 1.00
Distancia de Hamming: 0
--------------------------------------------------
Original     --> [1 1 1 0 1 0 1 1 0 1 0 0 0 0 0 1 1 0 0 0 1 0 1 0 0 0 1 0 1 0 0 0]
Reconstruido --> [1 1 1 0 1 0 1 1 0 1 0 0 0 0 0 1 1 0 0 0 1 0 1 0 0 0 1 0 1 0 0 0] | Precisión: 1.00
Distancia de Hamming: 0
--------------------------------------------------
Original     --> [0 1 0 0 0 0 1 1 1 0 0 0 0 1 0 1 0 0 0 0 0 0 0 0 1 0 0 0 0 1 1 0]
Reconstruido --> [1 1 1 0 0 0 1 1 1 0 0 0 0 1 0 1 0 0 0 0 0 0 0 0 1 0 0 0 0 1 1 0] | Precisión: 0.94
Distancia de Hamming: 2
--------------------------------------------------
Original     --> [0 0 0 1 0 1 0 0 1 0 1 1 1 1 1 1 0 1 1 1 1 1 1 1 1 1 1 0 0 1 0 0]
Reconstruido --> [0 0 0 1 0 1 0 0 1 0 1 1 1 1 1 1 0 1 1 1 1 1 1 1 1 1 1 0 0 1 0 0] | Precisión: 1.00
Distancia de Hamming: 0
--------------------------------------------------
Original     --> [0 0 1 1 1 1 1 0 1 0 0 1 1 1 0 1 1 1 1 0 0 1 0 0 1 1 1 1 0 1 1 1]
Reconstruido --> [0 0 1 1 1 1 1 0 1 0 0 1 1 1 0 1 1 1 1 0 0 1 0 0 1 1 1 1 0 1 1 1] | Precisión: 1.00
Distancia de Hamming: 0
--------------------------------------------------
Original     --> [0 1 0 0 1 1 1 1 0 0 0 1 1 1 1 1 0 1 1 0 1 0 0 1 0 0 1 1 1 0 0 1]
Reconstruido --> [0 1 0 0 1 1 0 1 0 0 0 1 1 0 1 1 0 1 1 0 1 0 0 1 0 0 1 1 1 0 0 1] | Precisión: 0.94
Distancia de Hamming: 2
--------------------------------------------------
La media de la precisión del descifrado es 0.9566
Distancia media de Hamming = 1.3873 | Número de bits: 32
Número de reconstrucciones perfectas = 4528



 EVALUACIÓN DE BOB CON CLAVES ERRÓNEAS

[1] Bob (clave errada) --> [0 1 1 0 0 0 0 1 0 1 1 0 0 1 1 0 1 1 0 1 0 1 1 1 1 1 0 0 1 1 0 1] | Precisión: 1.00 | Hamming: 0
------------------------------------------------------------
[2] Bob (clave errada) --> [0 0 1 0 0 0 0 1 0 0 0 1 0 0 1 0 1 0 1 0 0 0 0 0 0 0 1 1 0 0 0 0] | Precisión: 0.97 | Hamming: 1
------------------------------------------------------------
[3] Bob (clave errada) --> [0 1 1 0 0 0 1 0 1 0 1 1 1 0 1 0 1 1 1 1 1 1 0 0 0 1 1 1 1 0 0 0] | Precisión: 1.00 | Hamming: 0
------------------------------------------------------------
[4] Bob (clave errada) --> [0 1 1 0 0 0 0 1 1 1 1 1 1 1 0 1 1 0 1 1 1 0 1 1 0 1 1 1 1 1 0 1] | Precisión: 0.84 | Hamming: 5
------------------------------------------------------------
[5] Bob (clave errada) --> [1 0 0 0 1 0 0 1 1 1 1 1 1 1 0 1 1 1 1 1 0 0 1 1 0 1 0 1 1 1 1 1] | Precisión: 1.00 | Hamming: 0
------------------------------------------------------------
[6] Bob (clave errada) --> [1 1 1 0 1 0 0 1 0 1 0 0 0 0 0 1 1 0 0 0 1 0 1 0 0 0 1 0 1 0 1 0] | Precisión: 0.94 | Hamming: 2
------------------------------------------------------------
[7] Bob (clave errada) --> [1 1 1 0 0 0 1 1 1 0 0 1 0 1 0 1 0 0 0 1 0 0 0 0 1 0 1 0 0 1 1 0] | Precisión: 0.84 | Hamming: 5
------------------------------------------------------------
[8] Bob (clave errada) --> [0 0 0 1 0 1 0 0 1 0 1 1 1 1 1 0 0 1 1 1 1 1 1 1 1 1 1 0 0 1 0 0] | Precisión: 0.97 | Hamming: 1
------------------------------------------------------------
[9] Bob (clave errada) --> [0 0 1 1 1 1 1 0 1 0 0 1 1 1 0 1 1 1 1 0 0 1 0 0 1 1 1 1 0 1 1 1] | Precisión: 1.00 | Hamming: 0
------------------------------------------------------------
[10] Bob (clave errada) --> [0 1 0 0 1 1 0 1 0 0 0 1 1 0 1 1 0 1 1 0 1 1 0 1 0 0 1 1 1 0 0 1] | Precisión: 0.91 | Hamming: 3
------------------------------------------------------------

RESULTADOS CON CLAVES ERRÓNEAS

Bob -> Precisión media (clave errada): 0.9469 | Hamming media: 1.70
Bob -> Reconstrucciones perfectas (con clave errada): 4



EVALUACIÓN CON 3000:

Original     --> [1 0 0 1 0 0 0 0 0 0 1 1 0 0 0 0 1 0 0 1 1 1 1 0 0 0 1 0 1 0 0 1]
Reconstruido --> [1 0 1 1 0 0 0 0 0 0 1 0 0 0 0 0 1 0 0 1 1 1 1 1 0 0 1 0 1 0 0 0] | Precisión: 0.88
Distancia de Hamming: 4
--------------------------------------------------
Original     --> [1 1 1 0 1 0 1 0 0 0 1 0 0 1 0 1 1 1 0 0 1 1 1 1 1 1 1 0 1 0 1 0]
Reconstruido --> [1 1 1 0 1 0 1 0 0 0 1 0 0 1 0 1 1 1 0 0 1 1 1 1 1 1 1 0 1 0 1 0] | Precisión: 1.00
Distancia de Hamming: 0
--------------------------------------------------
Original     --> [0 1 0 0 0 1 1 1 0 0 1 0 1 0 1 0 0 0 1 0 1 0 1 1 0 0 0 0 1 0 0 0]
Reconstruido --> [0 1 0 0 0 1 1 1 0 0 1 0 1 0 1 0 0 0 1 0 1 0 1 1 0 0 0 0 1 0 0 0] | Precisión: 1.00
Distancia de Hamming: 0
--------------------------------------------------
Original     --> [0 1 1 1 0 0 1 0 1 1 1 1 0 0 1 1 0 1 0 0 1 0 0 1 0 0 0 1 1 0 0 1]
Reconstruido --> [0 1 1 1 0 0 1 0 1 1 1 1 0 0 1 1 0 1 0 0 1 0 0 1 0 0 0 1 1 0 0 1] | Precisión: 1.00
Distancia de Hamming: 0
--------------------------------------------------
Original     --> [0 0 1 0 1 0 0 1 1 0 1 0 1 0 1 1 1 1 1 1 0 0 1 0 0 0 1 1 0 1 0 0]
Reconstruido --> [0 0 0 0 1 0 0 1 1 0 1 0 1 0 1 1 1 0 1 1 0 0 1 0 0 0 1 1 0 1 0 0] | Precisión: 0.94
Distancia de Hamming: 2
--------------------------------------------------
Original     --> [0 0 1 0 1 0 0 0 0 0 1 0 0 1 1 0 0 1 1 1 0 1 0 0 1 0 1 1 1 0 0 0]
Reconstruido --> [0 0 1 0 1 0 0 0 0 0 1 0 0 1 1 0 0 1 0 1 0 1 0 0 1 0 1 1 1 0 0 0] | Precisión: 0.97
Distancia de Hamming: 1
--------------------------------------------------
Original     --> [0 1 0 1 1 1 0 0 1 1 1 0 1 0 0 1 0 1 1 1 0 1 0 1 0 1 1 1 0 1 0 1]
Reconstruido --> [0 1 0 1 1 1 1 0 1 1 1 0 1 0 0 1 0 1 1 1 0 1 0 1 0 1 1 1 0 1 0 1] | Precisión: 0.97
Distancia de Hamming: 1
--------------------------------------------------
Original     --> [1 1 0 1 0 1 0 1 0 0 1 0 1 0 1 0 1 1 0 1 0 1 1 0 0 1 1 1 0 1 0 0]
Reconstruido --> [1 1 0 1 0 1 0 1 1 0 1 0 1 0 1 0 1 1 0 1 0 1 1 0 0 1 1 1 0 1 0 0] | Precisión: 0.97
Distancia de Hamming: 1
--------------------------------------------------
Original     --> [0 0 1 1 0 0 0 0 1 0 1 1 1 0 1 0 1 1 1 1 0 0 0 1 0 0 1 1 0 1 0 1]
Reconstruido --> [0 0 1 1 0 0 0 0 1 0 1 1 1 0 1 1 1 1 1 1 0 0 0 1 0 0 1 1 0 1 0 1] | Precisión: 0.97
Distancia de Hamming: 1
--------------------------------------------------
Original     --> [0 1 1 1 0 1 0 0 0 0 0 1 0 0 1 0 0 1 1 0 1 0 0 0 1 1 1 0 1 1 0 1]
Reconstruido --> [0 1 1 1 0 1 0 0 0 0 0 1 0 1 1 0 0 1 1 0 1 0 0 0 1 1 1 0 1 1 0 1] | Precisión: 0.97
Distancia de Hamming: 1
--------------------------------------------------
La media de la precisión del descifrado es 0.9449
Distancia media de Hamming = 1.7644 | Número de bits: 32
Número de reconstrucciones perfectas = 3403



 EVALUACIÓN DE BOB CON CLAVES ERRÓNEAS

[1] Bob (clave errada) --> [1 0 0 1 0 0 0 0 0 0 1 0 0 0 0 0 1 0 0 0 1 0 1 0 0 0 1 0 1 0 0 0] | Precisión: 0.88 | Hamming: 4
------------------------------------------------------------
[2] Bob (clave errada) --> [1 1 1 0 1 0 1 0 0 0 1 0 0 1 0 1 1 1 0 0 1 1 1 0 1 1 1 0 1 0 1 0] | Precisión: 0.97 | Hamming: 1
------------------------------------------------------------
[3] Bob (clave errada) --> [0 1 0 0 0 1 1 1 0 0 1 0 1 0 0 0 0 0 1 0 1 0 1 1 0 0 0 0 1 0 0 0] | Precisión: 0.97 | Hamming: 1
------------------------------------------------------------
[4] Bob (clave errada) --> [0 1 1 1 0 0 1 0 1 1 1 1 0 0 1 1 0 1 0 0 1 0 0 1 0 0 0 1 1 0 0 1] | Precisión: 1.00 | Hamming: 0
------------------------------------------------------------
[5] Bob (clave errada) --> [0 0 0 0 1 0 0 1 1 0 1 0 1 0 1 1 1 0 0 1 0 0 1 0 0 0 1 1 0 1 0 0] | Precisión: 0.91 | Hamming: 3
------------------------------------------------------------
[6] Bob (clave errada) --> [0 0 1 1 1 0 0 0 0 0 1 0 0 1 1 0 0 1 1 1 0 1 0 0 1 0 1 1 1 0 0 0] | Precisión: 0.97 | Hamming: 1
------------------------------------------------------------
[7] Bob (clave errada) --> [1 1 0 1 1 1 1 0 1 1 1 0 1 1 0 1 0 1 1 1 0 1 0 1 0 1 1 1 0 1 0 1] | Precisión: 0.91 | Hamming: 3
------------------------------------------------------------
[8] Bob (clave errada) --> [1 1 0 1 0 1 0 1 0 0 1 0 1 0 1 0 1 1 0 1 0 1 1 0 0 1 1 1 0 0 0 0] | Precisión: 0.97 | Hamming: 1
------------------------------------------------------------
[9] Bob (clave errada) --> [1 0 1 1 0 1 0 0 1 0 1 1 1 0 1 1 1 1 1 1 0 1 1 1 0 1 1 1 1 1 0 1] | Precisión: 0.78 | Hamming: 7
------------------------------------------------------------
[10] Bob (clave errada) --> [0 1 1 1 0 1 0 0 0 0 0 1 1 1 1 0 0 1 1 0 1 0 0 0 1 1 1 0 1 1 0 1] | Precisión: 0.94 | Hamming: 2
------------------------------------------------------------

RESULTADOS CON CLAVES ERRÓNEAS

Bob -> Precisión media (clave errada): 0.9281 | Hamming media: 2.30
Bob -> Reconstrucciones perfectas (con clave errada): 1



EVALUACIÓN CON 3300:

Original     --> [0 1 0 1 1 1 0 1 1 0 1 0 1 1 0 1 1 0 1 1 0 0 1 0 0 0 1 0 0 0 0 0]
Reconstruido --> [0 1 0 1 1 1 0 1 1 0 1 0 1 1 1 1 1 0 1 1 0 0 1 0 0 0 1 0 0 0 0 0] | Precisión: 0.97
Distancia de Hamming: 1
--------------------------------------------------
Original     --> [1 0 1 0 0 1 0 0 1 1 0 0 1 0 0 1 1 1 1 0 1 0 1 1 0 1 1 0 1 0 1 1]
Reconstruido --> [1 0 1 0 0 1 0 0 1 1 0 0 1 0 0 1 0 1 1 0 1 0 1 1 0 1 1 0 1 0 1 1] | Precisión: 0.97
Distancia de Hamming: 1
--------------------------------------------------
Original     --> [0 0 0 1 1 0 0 1 1 0 0 0 0 1 0 1 0 1 0 0 0 1 1 1 0 0 1 0 1 1 1 1]
Reconstruido --> [0 0 0 1 1 0 0 1 1 0 0 0 0 1 0 0 0 1 0 0 0 0 1 1 0 0 1 0 1 1 1 1] | Precisión: 0.94
Distancia de Hamming: 2
--------------------------------------------------
Original     --> [1 1 0 0 0 1 0 0 0 0 1 0 1 0 1 1 1 1 1 0 1 1 0 0 1 1 1 1 0 0 1 1]
Reconstruido --> [1 1 0 0 0 1 0 0 0 0 1 0 1 0 1 1 1 1 1 0 1 1 0 0 1 1 1 1 0 0 1 1] | Precisión: 1.00
Distancia de Hamming: 0
--------------------------------------------------
Original     --> [1 0 0 0 0 1 0 1 0 0 1 0 0 1 1 0 0 0 1 0 0 1 0 0 1 1 0 1 0 0 0 0]
Reconstruido --> [1 0 0 1 0 1 0 1 0 0 1 0 0 1 1 1 0 0 1 0 0 1 0 0 1 1 0 1 0 0 0 0] | Precisión: 0.94
Distancia de Hamming: 2
--------------------------------------------------
Original     --> [0 1 0 0 1 0 1 0 0 0 1 1 1 1 0 1 0 1 1 1 1 1 0 1 0 1 0 1 1 0 0 0]
Reconstruido --> [0 1 0 0 1 0 1 0 0 0 1 1 1 1 0 1 0 1 1 1 1 1 0 1 0 1 0 1 1 0 0 0] | Precisión: 1.00
Distancia de Hamming: 0
--------------------------------------------------
Original     --> [1 1 1 0 1 0 1 1 1 0 1 0 0 0 1 0 1 1 1 1 1 1 1 1 1 1 1 1 1 0 1 0]
Reconstruido --> [0 1 1 0 1 0 1 1 1 0 0 0 0 0 1 0 1 1 1 1 1 1 1 1 1 1 1 1 1 0 0 0] | Precisión: 0.91
Distancia de Hamming: 3
--------------------------------------------------
Original     --> [1 1 1 0 0 1 1 0 0 1 1 0 1 0 0 1 0 0 0 1 1 0 0 0 0 0 0 0 1 1 0 1]
Reconstruido --> [1 1 1 0 0 1 1 0 0 1 1 0 1 0 0 1 0 0 0 1 1 0 0 0 1 0 0 0 1 1 0 1] | Precisión: 0.97
Distancia de Hamming: 1
--------------------------------------------------
Original     --> [1 0 0 0 0 0 0 0 0 0 0 1 0 0 1 1 1 1 0 1 1 1 1 0 1 1 0 1 1 0 0 0]
Reconstruido --> [1 0 0 0 0 0 0 0 0 0 0 1 0 0 1 1 1 1 0 1 1 1 1 0 1 1 0 1 1 0 0 0] | Precisión: 1.00
Distancia de Hamming: 0
--------------------------------------------------
Original     --> [1 1 1 1 0 0 0 0 1 1 0 1 0 0 0 0 0 1 0 1 1 1 0 0 1 1 0 1 0 0 0 0]
Reconstruido --> [1 1 1 1 0 0 0 0 1 1 0 1 0 0 0 0 0 1 0 1 1 1 0 0 1 1 0 1 0 0 0 0] | Precisión: 1.00
Distancia de Hamming: 0
--------------------------------------------------
La media de la precisión del descifrado es 0.9700
Distancia media de Hamming = 0.9587 | Número de bits: 32
Número de reconstrucciones perfectas = 5911



 EVALUACIÓN DE BOB CON CLAVES ERRÓNEAS

[1] Bob (clave errada) --> [0 1 0 1 1 1 0 1 1 0 1 0 1 1 1 1 1 0 1 1 0 0 1 0 0 0 1 0 0 0 0 0] | Precisión: 0.97 | Hamming: 1
------------------------------------------------------------
[2] Bob (clave errada) --> [1 0 1 0 0 0 0 0 1 1 0 0 0 0 0 1 0 1 1 0 1 0 1 1 0 1 1 0 1 0 1 1] | Precisión: 0.91 | Hamming: 3
------------------------------------------------------------
[3] Bob (clave errada) --> [0 0 0 1 1 1 0 1 1 1 0 0 1 1 1 1 1 1 1 0 0 1 1 1 0 0 1 1 1 1 1 1] | Precisión: 0.78 | Hamming: 7
------------------------------------------------------------
[4] Bob (clave errada) --> [1 1 0 0 0 1 0 0 0 0 1 0 1 0 1 1 1 1 1 0 1 1 0 0 1 1 1 1 0 0 1 1] | Precisión: 1.00 | Hamming: 0
------------------------------------------------------------
[5] Bob (clave errada) --> [1 0 0 1 0 1 0 1 0 0 0 0 0 0 1 0 0 0 1 1 0 1 0 0 0 1 0 0 0 0 0 0] | Precisión: 0.81 | Hamming: 6
------------------------------------------------------------
[6] Bob (clave errada) --> [0 1 0 0 1 0 1 0 0 0 1 1 1 1 0 1 0 1 1 1 1 1 0 1 0 1 0 1 1 0 0 0] | Precisión: 1.00 | Hamming: 0
------------------------------------------------------------
[7] Bob (clave errada) --> [0 1 1 0 1 0 1 1 1 0 0 0 0 0 1 0 1 1 1 1 1 1 1 1 1 1 1 1 1 0 0 0] | Precisión: 0.91 | Hamming: 3
------------------------------------------------------------
[8] Bob (clave errada) --> [1 1 1 0 0 1 1 0 0 1 1 0 1 0 0 1 0 0 0 1 1 0 0 0 0 0 0 0 1 1 0 1] | Precisión: 1.00 | Hamming: 0
------------------------------------------------------------
[9] Bob (clave errada) --> [1 0 0 0 0 0 0 0 0 0 0 1 0 0 1 1 1 1 0 1 1 1 1 0 1 1 0 1 1 0 0 0] | Precisión: 1.00 | Hamming: 0
------------------------------------------------------------
[10] Bob (clave errada) --> [1 1 1 1 0 0 0 0 1 1 0 1 0 0 0 0 0 1 0 1 1 1 0 0 1 1 0 1 0 0 0 0] | Precisión: 1.00 | Hamming: 0
------------------------------------------------------------

RESULTADOS CON CLAVES ERRÓNEAS

Bob -> Precisión media (clave errada): 0.9375 | Hamming media: 2.00
Bob -> Reconstrucciones perfectas (con clave errada): 5



EVALUACIÓN CON 3600:

Original     --> [1 1 1 1 1 1 0 0 0 0 1 0 1 1 1 0 1 1 0 0 0 1 0 1 0 0 0 0 0 0 1 1]
Reconstruido --> [1 1 1 1 1 1 0 0 0 0 1 0 1 1 1 0 1 1 0 0 0 1 0 1 0 0 0 0 0 0 1 1] | Precisión: 1.00
Distancia de Hamming: 0
--------------------------------------------------
Original     --> [1 1 1 0 1 1 1 0 1 1 1 0 0 1 0 1 1 1 0 0 0 1 1 0 0 1 1 0 1 0 1 0]
Reconstruido --> [1 1 1 0 1 1 1 0 1 1 1 0 0 1 0 1 1 1 0 0 0 1 1 0 0 1 1 0 1 0 1 0] | Precisión: 1.00
Distancia de Hamming: 0
--------------------------------------------------
Original     --> [0 1 1 1 0 1 0 0 0 1 1 1 0 0 1 0 1 1 1 0 0 0 1 0 1 1 1 1 1 0 0 0]
Reconstruido --> [0 1 1 1 0 1 0 0 0 1 1 1 0 0 1 0 1 1 1 0 0 0 1 0 1 1 1 1 1 0 0 0] | Precisión: 1.00
Distancia de Hamming: 0
--------------------------------------------------
Original     --> [1 1 1 1 0 1 1 1 0 0 1 0 0 1 1 0 0 1 1 1 1 1 1 1 0 0 0 0 0 0 1 1]
Reconstruido --> [1 1 1 1 0 1 1 1 0 0 1 0 0 1 1 0 0 1 1 1 1 1 1 1 0 0 0 0 0 0 1 1] | Precisión: 1.00
Distancia de Hamming: 0
--------------------------------------------------
Original     --> [0 1 0 1 0 0 0 1 0 0 1 0 0 1 0 1 0 0 0 1 1 0 1 1 0 0 1 1 0 0 1 1]
Reconstruido --> [0 1 0 1 0 0 0 1 0 0 1 0 0 1 0 1 0 0 0 1 1 0 1 1 0 0 1 1 0 0 1 1] | Precisión: 1.00
Distancia de Hamming: 0
--------------------------------------------------
Original     --> [0 1 1 1 0 1 1 0 0 1 0 0 1 1 1 1 1 1 1 1 0 0 0 1 1 0 0 1 1 1 0 1]
Reconstruido --> [0 1 1 1 0 1 1 0 0 1 0 0 1 1 1 1 1 1 1 1 0 0 0 1 1 0 0 1 1 1 0 1] | Precisión: 1.00
Distancia de Hamming: 0
--------------------------------------------------
Original     --> [0 0 0 0 0 1 1 1 1 1 0 0 1 0 1 0 1 0 0 1 1 0 1 1 1 1 1 0 1 1 1 0]
Reconstruido --> [0 0 0 0 0 1 1 1 1 1 0 0 1 0 1 0 1 0 0 1 1 0 1 1 1 1 1 0 1 1 1 0] | Precisión: 1.00
Distancia de Hamming: 0
--------------------------------------------------
Original     --> [1 0 0 0 1 0 1 0 1 1 1 0 1 0 1 0 1 0 0 1 1 0 0 1 1 0 1 0 0 1 0 1]
Reconstruido --> [1 0 1 0 0 0 1 0 1 1 1 0 1 0 1 0 1 0 0 1 1 1 0 1 1 0 1 0 0 1 0 0] | Precisión: 0.88
Distancia de Hamming: 4
--------------------------------------------------
Original     --> [0 1 1 0 0 0 1 0 1 1 1 0 1 0 0 1 1 0 0 1 0 1 0 0 0 1 1 0 1 0 1 1]
Reconstruido --> [0 1 1 0 0 0 1 0 1 1 1 0 1 0 0 1 1 0 0 1 0 1 0 0 0 1 1 0 1 0 1 1] | Precisión: 1.00
Distancia de Hamming: 0
--------------------------------------------------
Original     --> [0 1 1 1 0 1 0 0 0 1 0 0 1 1 0 1 0 0 1 1 1 1 1 0 1 0 1 0 1 0 0 1]
Reconstruido --> [0 1 1 1 0 1 0 0 0 1 0 0 1 1 0 1 0 0 1 1 1 1 1 0 1 0 1 0 1 0 0 1] | Precisión: 1.00
Distancia de Hamming: 0
--------------------------------------------------
La media de la precisión del descifrado es 0.9693
Distancia media de Hamming = 0.9816 | Número de bits: 32
Número de reconstrucciones perfectas = 5882



 EVALUACIÓN DE BOB CON CLAVES ERRÓNEAS

[1] Bob (clave errada) --> [1 1 1 1 1 1 0 0 0 0 1 0 1 1 1 0 1 1 0 0 0 1 0 1 0 0 0 0 0 0 1 1] | Precisión: 1.00 | Hamming: 0
------------------------------------------------------------
[2] Bob (clave errada) --> [1 1 1 0 1 1 1 0 1 1 1 0 0 1 0 1 1 1 0 1 0 1 1 0 0 1 1 0 1 0 1 0] | Precisión: 0.97 | Hamming: 1
------------------------------------------------------------
[3] Bob (clave errada) --> [0 1 1 1 1 1 0 0 0 1 1 1 0 0 1 0 1 1 1 0 0 0 1 0 1 1 1 1 1 0 0 0] | Precisión: 0.97 | Hamming: 1
------------------------------------------------------------
[4] Bob (clave errada) --> [1 1 1 1 0 1 1 1 0 0 1 0 0 1 1 0 0 1 1 1 1 1 1 1 0 0 0 0 0 0 1 1] | Precisión: 1.00 | Hamming: 0
------------------------------------------------------------
[5] Bob (clave errada) --> [0 1 0 1 0 0 0 1 0 0 1 0 0 1 0 1 0 0 0 1 1 0 1 1 0 0 1 1 0 0 1 1] | Precisión: 1.00 | Hamming: 0
------------------------------------------------------------
[6] Bob (clave errada) --> [0 1 1 1 0 1 1 0 0 1 0 0 1 1 1 1 1 1 1 1 0 0 0 1 1 0 0 1 1 1 0 1] | Precisión: 1.00 | Hamming: 0
------------------------------------------------------------
[7] Bob (clave errada) --> [0 0 0 0 0 1 1 1 1 1 0 0 1 0 1 0 1 0 0 1 1 0 1 1 1 1 1 0 1 1 1 0] | Precisión: 1.00 | Hamming: 0
------------------------------------------------------------
[8] Bob (clave errada) --> [1 0 0 0 0 0 1 0 1 1 1 0 1 0 1 0 1 0 0 1 1 1 0 1 1 0 1 0 0 1 0 0] | Precisión: 0.91 | Hamming: 3
------------------------------------------------------------
[9] Bob (clave errada) --> [0 1 1 0 0 0 1 0 1 1 1 0 1 0 0 1 1 0 0 1 0 1 0 1 0 1 1 0 1 0 1 1] | Precisión: 0.97 | Hamming: 1
------------------------------------------------------------
[10] Bob (clave errada) --> [0 1 1 1 0 1 0 0 0 1 0 0 1 1 0 1 0 0 1 1 1 1 1 0 1 0 1 0 1 0 0 1] | Precisión: 1.00 | Hamming: 0
------------------------------------------------------------

RESULTADOS CON CLAVES ERRÓNEAS

Bob -> Precisión media (clave errada): 0.9812 | Hamming media: 0.60
Bob -> Reconstrucciones perfectas (con clave errada): 6



EVALUACIÓN CON 3900:

Original     --> [0 1 1 1 1 1 1 0 1 1 0 1 1 1 0 0 0 1 0 1 1 0 0 1 0 1 0 1 0 0 1 0]
Reconstruido --> [0 1 1 1 1 1 1 0 1 1 0 1 1 1 0 0 0 1 0 1 0 0 1 1 1 1 0 1 0 0 1 0] | Precisión: 0.91
Distancia de Hamming: 3
--------------------------------------------------
Original     --> [1 0 1 1 0 0 1 1 0 1 0 1 0 1 1 0 0 1 1 1 1 0 1 1 1 0 0 1 1 1 0 0]
Reconstruido --> [1 0 1 1 0 0 1 1 0 1 0 1 0 1 1 0 0 1 1 1 1 0 1 1 1 0 0 1 1 1 1 0] | Precisión: 0.97
Distancia de Hamming: 1
--------------------------------------------------
Original     --> [1 0 1 1 0 0 0 0 1 0 1 1 0 0 0 0 0 1 0 1 1 1 0 0 1 1 1 1 0 0 1 1]
Reconstruido --> [1 0 1 1 0 0 0 0 1 0 1 1 0 0 0 0 0 1 0 1 1 1 0 0 1 1 1 1 0 0 1 1] | Precisión: 1.00
Distancia de Hamming: 0
--------------------------------------------------
Original     --> [0 0 0 0 0 1 1 0 1 0 0 0 1 0 0 0 0 1 0 0 0 1 0 1 1 1 0 0 1 1 1 0]
Reconstruido --> [0 0 0 0 0 1 1 0 1 0 0 0 1 0 0 0 0 1 0 0 0 1 0 1 1 1 0 0 1 1 1 0] | Precisión: 1.00
Distancia de Hamming: 0
--------------------------------------------------
Original     --> [1 0 1 0 1 1 0 0 1 0 1 1 0 1 0 1 0 1 0 1 1 0 1 1 1 0 1 1 1 1 0 0]
Reconstruido --> [1 0 1 0 1 1 0 0 1 0 1 1 0 1 0 1 0 1 0 1 1 0 1 1 1 0 1 1 1 1 0 0] | Precisión: 1.00
Distancia de Hamming: 0
--------------------------------------------------
Original     --> [1 1 1 0 1 0 0 0 0 0 0 1 1 0 0 0 1 0 0 0 1 0 0 0 1 0 0 1 1 1 0 1]
Reconstruido --> [1 1 1 0 1 0 0 0 0 0 0 1 1 0 0 0 1 0 0 0 1 0 0 0 1 0 0 1 1 1 0 1] | Precisión: 1.00
Distancia de Hamming: 0
--------------------------------------------------
Original     --> [1 0 0 1 0 1 1 1 1 1 1 1 0 0 0 0 0 0 0 1 0 1 0 1 1 1 1 0 1 1 0 1]
Reconstruido --> [1 0 0 1 1 1 1 1 1 1 1 1 0 0 1 0 0 1 0 1 0 1 0 1 0 1 1 0 0 1 0 1] | Precisión: 0.84
Distancia de Hamming: 5
--------------------------------------------------
Original     --> [1 1 0 1 1 0 0 1 0 1 1 0 0 0 0 1 0 1 0 0 1 1 0 0 1 1 0 0 0 1 0 1]
Reconstruido --> [1 1 0 1 1 0 0 1 0 1 1 0 0 0 0 1 0 1 0 0 1 1 0 0 1 1 0 0 0 1 0 1] | Precisión: 1.00
Distancia de Hamming: 0
--------------------------------------------------
Original     --> [0 1 0 1 1 0 0 1 0 1 0 1 1 0 0 1 0 1 1 0 0 1 0 1 1 0 0 1 0 0 1 1]
Reconstruido --> [0 1 0 1 1 0 0 0 0 1 0 1 1 0 0 1 0 1 1 1 0 1 0 1 1 0 0 1 0 0 1 1] | Precisión: 0.94
Distancia de Hamming: 2
--------------------------------------------------
Original     --> [1 1 0 0 1 1 0 0 0 0 1 0 0 1 0 0 0 1 1 1 1 0 1 1 1 0 0 0 1 0 1 0]
Reconstruido --> [1 1 0 0 1 1 0 0 0 0 1 0 0 1 0 0 0 1 1 1 1 0 1 1 1 0 0 0 1 0 1 0] | Precisión: 1.00
Distancia de Hamming: 0
--------------------------------------------------
La media de la precisión del descifrado es 0.9571
Distancia media de Hamming = 1.3713 | Número de bits: 32
Número de reconstrucciones perfectas = 4458



 EVALUACIÓN DE BOB CON CLAVES ERRÓNEAS

[1] Bob (clave errada) --> [0 1 1 1 1 1 1 0 1 1 0 1 1 1 0 0 0 1 0 1 0 0 0 1 1 1 0 1 0 0 1 1] | Precisión: 0.91 | Hamming: 3
------------------------------------------------------------
[2] Bob (clave errada) --> [1 0 1 1 1 0 1 1 0 1 0 1 0 1 1 0 0 1 1 1 1 0 1 1 1 0 0 1 1 1 0 0] | Precisión: 0.97 | Hamming: 1
------------------------------------------------------------
[3] Bob (clave errada) --> [1 0 1 1 0 0 0 0 1 0 1 1 0 0 0 0 0 1 0 1 1 1 0 0 1 1 1 1 0 0 1 1] | Precisión: 1.00 | Hamming: 0
------------------------------------------------------------
[4] Bob (clave errada) --> [0 0 1 0 0 1 1 0 1 0 0 0 1 0 0 0 0 1 0 1 0 1 0 1 1 1 0 0 1 1 1 0] | Precisión: 0.94 | Hamming: 2
------------------------------------------------------------
[5] Bob (clave errada) --> [1 0 1 0 1 1 0 0 1 0 1 1 0 1 0 1 0 1 0 1 1 0 1 1 1 0 1 1 1 1 0 0] | Precisión: 1.00 | Hamming: 0
------------------------------------------------------------
[6] Bob (clave errada) --> [1 1 1 0 1 0 0 0 0 0 0 1 1 0 0 0 1 0 0 0 1 0 0 0 1 0 0 1 1 1 0 1] | Precisión: 1.00 | Hamming: 0
------------------------------------------------------------
[7] Bob (clave errada) --> [1 0 0 1 1 1 1 1 1 0 0 1 0 0 0 0 0 1 0 1 0 1 0 1 0 1 1 0 0 1 0 1] | Precisión: 0.81 | Hamming: 6
------------------------------------------------------------
[8] Bob (clave errada) --> [1 1 0 1 1 0 0 1 0 1 1 0 0 0 0 1 0 1 0 0 1 1 0 0 1 1 0 0 0 1 0 1] | Precisión: 1.00 | Hamming: 0
------------------------------------------------------------
[9] Bob (clave errada) --> [0 1 0 1 1 0 0 1 0 1 0 1 1 1 0 1 0 1 1 1 0 1 1 1 1 0 0 1 0 0 1 1] | Precisión: 0.91 | Hamming: 3
------------------------------------------------------------
[10] Bob (clave errada) --> [1 1 0 0 1 1 0 0 0 0 1 0 0 1 0 0 0 1 1 1 1 0 1 1 1 0 0 0 1 0 1 0] | Precisión: 1.00 | Hamming: 0
------------------------------------------------------------

RESULTADOS CON CLAVES ERRÓNEAS

Bob -> Precisión media (clave errada): 0.9531 | Hamming media: 1.50
Bob -> Reconstrucciones perfectas (con clave errada): 5



EVALUACIÓN CON 4200:

Original     --> [0 0 0 0 1 0 0 1 0 0 1 0 0 1 0 0 0 0 0 0 0 1 1 0 0 1 1 0 1 0 0 0]
Reconstruido --> [1 0 0 0 1 1 0 1 0 0 1 0 1 1 1 1 0 0 0 0 0 1 1 0 0 1 0 0 1 0 0 0] | Precisión: 0.81
Distancia de Hamming: 6
--------------------------------------------------
Original     --> [1 1 1 0 1 1 1 1 1 0 0 0 1 0 0 1 0 0 1 0 0 1 0 1 1 0 0 1 0 1 1 1]
Reconstruido --> [1 0 1 1 1 1 1 1 1 0 0 0 1 0 0 1 0 0 1 0 0 1 0 0 1 0 0 1 0 0 1 1] | Precisión: 0.88
Distancia de Hamming: 4
--------------------------------------------------
Original     --> [1 0 0 0 1 1 1 1 0 1 1 0 0 1 1 0 0 0 0 0 1 1 0 1 1 0 1 1 1 1 1 1]
Reconstruido --> [1 0 0 0 1 1 1 1 0 1 1 0 0 1 1 0 0 0 0 0 1 1 0 1 1 0 1 1 1 1 1 1] | Precisión: 1.00
Distancia de Hamming: 0
--------------------------------------------------
Original     --> [1 0 1 0 0 0 1 1 0 0 0 0 0 0 0 1 1 1 1 1 1 1 0 1 1 0 1 0 0 0 1 1]
Reconstruido --> [1 0 1 1 0 0 1 1 0 0 0 0 0 0 0 1 1 0 1 1 1 1 0 1 1 1 1 0 0 0 1 1] | Precisión: 0.91
Distancia de Hamming: 3
--------------------------------------------------
Original     --> [1 0 0 0 1 0 0 0 1 1 1 0 1 0 1 0 0 1 1 1 0 1 0 1 0 1 0 0 1 0 0 1]
Reconstruido --> [1 0 0 0 1 0 0 0 1 1 1 0 1 0 1 0 0 1 1 1 0 1 0 1 0 1 0 0 1 0 0 1] | Precisión: 1.00
Distancia de Hamming: 0
--------------------------------------------------
Original     --> [1 0 1 0 0 1 1 1 1 0 0 1 0 0 1 0 0 1 1 0 1 0 0 1 1 0 1 1 0 1 1 0]
Reconstruido --> [1 0 1 1 0 1 1 1 1 0 0 1 0 0 1 0 0 1 1 0 1 0 0 1 1 0 1 1 0 1 1 0] | Precisión: 0.97
Distancia de Hamming: 1
--------------------------------------------------
Original     --> [1 1 1 1 1 1 1 1 1 0 0 1 0 1 1 1 1 0 0 1 0 0 0 0 0 0 0 0 0 0 0 1]
Reconstruido --> [1 1 1 1 1 1 1 1 1 0 0 1 0 1 1 1 1 0 0 1 0 0 0 0 0 0 0 0 0 0 0 1] | Precisión: 1.00
Distancia de Hamming: 0
--------------------------------------------------
Original     --> [1 1 0 0 1 0 1 0 0 1 1 1 0 1 1 1 0 0 1 1 0 0 0 1 0 1 0 0 1 0 0 0]
Reconstruido --> [1 1 0 0 1 0 1 0 0 1 1 1 0 1 1 1 0 0 1 1 0 0 0 1 0 1 0 0 1 0 0 0] | Precisión: 1.00
Distancia de Hamming: 0
--------------------------------------------------
Original     --> [0 0 0 1 0 1 0 0 1 0 0 1 1 0 1 0 0 0 0 1 1 1 1 1 1 1 1 0 0 1 1 1]
Reconstruido --> [0 0 0 1 0 1 0 0 1 0 0 1 1 0 1 0 0 0 0 1 1 1 1 1 1 1 1 0 0 1 1 1] | Precisión: 1.00
Distancia de Hamming: 0
--------------------------------------------------
Original     --> [0 0 0 0 1 0 1 0 1 0 0 0 1 1 1 0 0 1 0 0 0 1 1 1 1 1 1 1 1 0 1 0]
Reconstruido --> [0 0 0 0 1 0 1 0 1 0 0 0 1 1 1 0 0 1 0 0 0 1 1 1 1 1 1 1 1 0 1 0] | Precisión: 1.00
Distancia de Hamming: 0
--------------------------------------------------
La media de la precisión del descifrado es 0.9689
Distancia media de Hamming = 0.9956 | Número de bits: 32
Número de reconstrucciones perfectas = 5768



 EVALUACIÓN DE BOB CON CLAVES ERRÓNEAS

[1] Bob (clave errada) --> [1 0 0 0 1 1 0 1 0 0 1 0 1 1 1 1 1 0 0 0 1 1 1 0 0 1 1 1 1 0 0 0] | Precisión: 0.75 | Hamming: 8
------------------------------------------------------------
[2] Bob (clave errada) --> [1 0 1 1 1 1 0 1 1 0 0 0 1 0 0 1 0 0 1 0 0 1 0 0 1 0 0 1 0 0 1 1] | Precisión: 0.84 | Hamming: 5
------------------------------------------------------------
[3] Bob (clave errada) --> [1 0 0 0 1 1 1 1 0 1 1 0 0 1 1 0 0 0 0 0 1 1 0 1 1 0 1 1 1 1 1 1] | Precisión: 1.00 | Hamming: 0
------------------------------------------------------------
[4] Bob (clave errada) --> [1 0 1 1 0 0 1 1 0 0 0 0 0 0 0 1 1 0 1 1 1 1 0 1 1 1 1 0 0 0 1 1] | Precisión: 0.91 | Hamming: 3
------------------------------------------------------------
[5] Bob (clave errada) --> [1 0 0 0 1 0 0 0 1 1 1 0 1 0 1 0 0 1 1 1 0 1 0 1 0 1 0 0 1 0 0 1] | Precisión: 1.00 | Hamming: 0
------------------------------------------------------------
[6] Bob (clave errada) --> [1 0 1 0 0 1 1 1 1 0 0 1 0 0 1 0 0 1 1 0 1 0 0 1 1 0 1 1 0 1 1 0] | Precisión: 1.00 | Hamming: 0
------------------------------------------------------------
[7] Bob (clave errada) --> [1 1 1 1 1 1 1 1 1 0 0 1 0 1 1 1 1 0 0 1 0 0 0 0 0 0 0 0 0 0 0 1] | Precisión: 1.00 | Hamming: 0
------------------------------------------------------------
[8] Bob (clave errada) --> [1 1 0 0 1 0 1 0 0 1 1 1 0 1 1 1 0 0 1 1 0 0 0 1 0 1 0 0 1 0 0 0] | Precisión: 1.00 | Hamming: 0
------------------------------------------------------------
[9] Bob (clave errada) --> [0 0 0 1 0 1 0 0 1 0 0 1 1 0 1 0 0 0 0 1 1 1 1 1 1 1 1 0 0 1 1 1] | Precisión: 1.00 | Hamming: 0
------------------------------------------------------------
[10] Bob (clave errada) --> [0 0 0 0 1 0 1 0 1 0 0 0 1 1 1 0 0 1 0 0 0 1 1 1 1 1 1 1 0 0 1 0] | Precisión: 0.97 | Hamming: 1
------------------------------------------------------------

RESULTADOS CON CLAVES ERRÓNEAS

Bob -> Precisión media (clave errada): 0.9469 | Hamming media: 1.70
Bob -> Reconstrucciones perfectas (con clave errada): 6



EVALUACIÓN CON 4500:

Original     --> [1 0 1 0 0 0 1 0 0 1 0 0 0 0 0 1 1 0 1 0 0 1 1 1 1 1 0 1 1 1 1 0]
Reconstruido --> [1 0 1 0 0 0 1 0 0 1 0 0 0 0 0 1 1 0 1 0 0 1 1 1 1 1 0 1 1 1 1 0] | Precisión: 1.00
Distancia de Hamming: 0
--------------------------------------------------
Original     --> [1 0 1 0 1 1 1 1 0 0 1 0 0 0 0 1 0 0 1 1 0 1 1 0 1 1 0 1 0 0 1 0]
Reconstruido --> [1 0 1 0 1 1 1 1 0 0 0 0 0 0 0 1 0 0 1 1 0 1 1 0 1 1 0 1 1 0 1 0] | Precisión: 0.94
Distancia de Hamming: 2
--------------------------------------------------
Original     --> [0 1 1 0 1 0 0 1 1 1 1 0 1 1 0 0 1 0 0 1 1 1 0 1 0 1 1 0 0 1 0 0]
Reconstruido --> [0 1 1 0 1 0 0 1 1 1 1 0 1 1 0 0 1 0 0 1 1 1 0 1 0 1 1 0 0 1 0 0] | Precisión: 1.00
Distancia de Hamming: 0
--------------------------------------------------
Original     --> [1 0 0 0 0 1 1 1 1 1 1 1 1 1 0 1 0 1 1 0 0 0 1 0 0 0 1 0 1 1 0 1]
Reconstruido --> [1 0 0 0 0 1 1 1 1 1 1 1 1 1 0 1 0 1 1 0 0 0 1 0 0 0 1 0 1 1 0 1] | Precisión: 1.00
Distancia de Hamming: 0
--------------------------------------------------
Original     --> [1 0 0 0 1 1 0 0 0 1 1 1 0 0 0 1 0 0 0 0 0 1 0 0 0 1 0 0 0 1 1 0]
Reconstruido --> [1 0 0 0 1 1 0 0 0 1 1 1 0 0 0 1 0 0 0 0 0 1 0 0 0 1 0 0 0 1 1 0] | Precisión: 1.00
Distancia de Hamming: 0
--------------------------------------------------
Original     --> [1 0 1 1 1 1 1 1 0 0 0 1 0 1 0 0 1 0 0 1 1 0 1 0 1 0 1 1 1 0 1 0]
Reconstruido --> [1 0 1 1 1 1 1 1 0 0 0 1 0 1 0 0 1 0 0 1 1 0 1 0 1 0 1 1 1 0 1 0] | Precisión: 1.00
Distancia de Hamming: 0
--------------------------------------------------
Original     --> [1 0 0 1 0 0 0 1 0 1 1 1 0 1 1 0 1 0 1 1 0 1 0 0 0 1 0 0 0 0 1 0]
Reconstruido --> [1 0 0 1 0 0 0 1 0 1 1 1 0 1 1 0 1 0 1 1 0 1 0 0 0 1 0 0 0 0 1 0] | Precisión: 1.00
Distancia de Hamming: 0
--------------------------------------------------
Original     --> [0 0 0 1 1 1 0 1 0 0 1 1 1 1 0 1 0 1 0 0 1 0 0 0 1 1 0 0 1 1 0 1]
Reconstruido --> [0 0 0 1 1 1 0 1 0 0 1 1 1 1 0 1 0 1 0 0 1 0 0 0 1 1 0 0 1 1 0 1] | Precisión: 1.00
Distancia de Hamming: 0
--------------------------------------------------
Original     --> [0 1 0 1 0 1 0 0 1 0 1 1 0 0 0 0 1 0 0 0 1 0 0 0 0 1 1 1 1 0 0 1]
Reconstruido --> [0 1 0 1 0 1 0 0 1 0 1 1 0 0 1 0 1 0 0 0 1 0 0 0 0 1 1 1 1 0 0 1] | Precisión: 0.97
Distancia de Hamming: 1
--------------------------------------------------
Original     --> [0 1 0 0 1 0 1 0 1 1 1 1 0 0 1 1 0 1 0 0 0 1 1 1 1 0 0 1 1 0 0 0]
Reconstruido --> [0 1 0 0 1 0 1 0 1 1 1 1 0 0 1 1 0 1 0 0 0 1 1 1 1 0 0 1 1 0 0 0] | Precisión: 1.00
Distancia de Hamming: 0
--------------------------------------------------
La media de la precisión del descifrado es 0.9695
Distancia media de Hamming = 0.9764 | Número de bits: 32
Número de reconstrucciones perfectas = 5752



 EVALUACIÓN DE BOB CON CLAVES ERRÓNEAS

[1] Bob (clave errada) --> [1 0 1 1 0 0 1 0 0 1 0 0 0 0 0 1 1 0 1 0 0 1 1 1 1 1 0 1 1 1 1 0] | Precisión: 0.97 | Hamming: 1
------------------------------------------------------------
[2] Bob (clave errada) --> [1 0 1 0 1 1 1 1 0 0 0 0 0 0 0 1 0 0 1 1 0 1 1 0 1 1 0 1 1 0 1 0] | Precisión: 0.94 | Hamming: 2
------------------------------------------------------------
[3] Bob (clave errada) --> [0 1 1 0 1 0 0 1 1 1 1 0 1 1 0 0 1 0 0 1 1 1 0 1 0 1 1 0 0 1 0 0] | Precisión: 1.00 | Hamming: 0
------------------------------------------------------------
[4] Bob (clave errada) --> [1 0 0 0 0 1 1 1 1 1 1 1 1 1 0 1 0 1 1 0 0 0 1 0 0 0 1 0 1 1 0 1] | Precisión: 1.00 | Hamming: 0
------------------------------------------------------------
[5] Bob (clave errada) --> [1 0 0 0 1 1 0 0 0 1 1 1 0 0 0 1 0 0 0 0 0 1 0 0 0 1 0 0 0 1 1 0] | Precisión: 1.00 | Hamming: 0
------------------------------------------------------------
[6] Bob (clave errada) --> [1 0 1 1 1 1 1 1 0 0 0 1 0 1 0 0 1 0 0 1 0 0 1 0 1 0 1 1 1 0 1 0] | Precisión: 0.97 | Hamming: 1
------------------------------------------------------------
[7] Bob (clave errada) --> [1 0 0 1 0 0 0 1 0 1 1 1 0 1 1 0 1 0 1 1 0 1 0 0 0 1 0 0 0 0 1 0] | Precisión: 1.00 | Hamming: 0
------------------------------------------------------------
[8] Bob (clave errada) --> [0 0 0 1 1 1 0 1 0 0 1 1 1 1 0 1 0 1 0 0 1 0 0 0 1 1 0 0 1 1 0 1] | Precisión: 1.00 | Hamming: 0
------------------------------------------------------------
[9] Bob (clave errada) --> [0 1 0 1 0 1 0 0 1 0 1 1 0 0 0 1 1 0 0 1 1 0 0 0 1 1 1 1 1 0 0 1] | Precisión: 0.91 | Hamming: 3
------------------------------------------------------------
[10] Bob (clave errada) --> [0 1 0 0 1 0 1 0 1 1 1 1 0 0 1 0 0 1 0 0 0 1 1 1 1 0 0 1 1 0 0 0] | Precisión: 0.97 | Hamming: 1
------------------------------------------------------------

RESULTADOS CON CLAVES ERRÓNEAS

Bob -> Precisión media (clave errada): 0.9750 | Hamming media: 0.80
Bob -> Reconstrucciones perfectas (con clave errada): 5



EVALUACIÓN CON 4800:

Original     --> [0 1 0 0 0 1 1 0 1 0 0 0 1 0 0 0 1 0 0 1 0 0 1 1 1 1 0 1 1 1 0 0]
Reconstruido --> [0 1 0 0 0 1 1 0 1 0 0 0 1 0 0 0 1 0 0 1 0 0 1 1 1 1 0 1 1 1 0 0] | Precisión: 1.00
Distancia de Hamming: 0
--------------------------------------------------
Original     --> [0 1 0 0 1 1 1 0 1 0 1 1 0 1 1 0 0 1 0 1 0 1 1 1 1 1 0 0 0 0 1 1]
Reconstruido --> [0 1 0 0 1 1 1 0 1 0 1 1 0 1 1 0 0 1 0 1 0 1 1 1 1 1 0 0 0 0 1 1] | Precisión: 1.00
Distancia de Hamming: 0
--------------------------------------------------
Original     --> [0 1 0 1 0 0 1 0 1 0 1 0 1 1 0 1 0 0 1 1 0 1 1 1 0 1 1 1 0 0 1 0]
Reconstruido --> [0 1 0 1 0 0 1 0 0 0 1 0 1 1 0 1 0 0 1 0 0 1 1 1 0 1 1 0 0 0 0 0] | Precisión: 0.88
Distancia de Hamming: 4
--------------------------------------------------
Original     --> [0 1 0 0 0 0 1 0 0 0 1 0 0 1 1 1 0 1 0 1 0 0 0 1 1 0 1 0 0 0 1 1]
Reconstruido --> [0 1 0 0 0 0 1 0 0 0 1 0 0 1 1 1 0 1 0 1 0 0 0 1 1 0 1 0 0 0 1 1] | Precisión: 1.00
Distancia de Hamming: 0
--------------------------------------------------
Original     --> [1 1 0 0 0 1 1 0 1 0 1 0 1 0 0 1 1 1 1 1 1 1 1 0 1 1 1 0 0 1 1 1]
Reconstruido --> [1 1 0 0 0 1 1 0 1 0 1 0 1 0 0 1 1 1 1 1 1 1 1 0 1 1 1 0 0 1 1 1] | Precisión: 1.00
Distancia de Hamming: 0
--------------------------------------------------
Original     --> [0 1 0 1 1 1 0 1 1 1 0 1 1 1 0 1 1 0 0 0 1 1 1 0 0 1 1 1 1 0 1 1]
Reconstruido --> [0 1 0 1 0 1 0 1 1 0 0 1 1 1 0 1 0 0 0 0 1 1 1 0 0 1 1 1 1 0 1 0] | Precisión: 0.88
Distancia de Hamming: 4
--------------------------------------------------
Original     --> [0 0 0 0 0 1 1 0 1 1 1 0 0 0 1 0 0 1 0 1 0 0 1 1 1 0 1 1 0 1 1 1]
Reconstruido --> [0 0 0 0 0 1 1 0 1 1 1 0 0 0 1 0 0 1 0 0 0 0 1 1 1 0 1 1 0 1 1 1] | Precisión: 0.97
Distancia de Hamming: 1
--------------------------------------------------
Original     --> [0 1 1 0 1 0 0 0 1 1 0 0 1 0 0 0 0 1 0 1 0 0 0 0 0 1 1 0 1 0 0 1]
Reconstruido --> [0 1 1 0 1 0 0 0 1 1 0 0 1 0 0 0 0 1 0 1 0 0 0 0 0 1 1 0 1 0 0 1] | Precisión: 1.00
Distancia de Hamming: 0
--------------------------------------------------
Original     --> [0 1 1 0 0 0 0 0 1 0 0 0 1 1 1 1 1 1 1 1 0 1 0 1 0 1 0 1 1 1 0 1]
Reconstruido --> [0 1 1 0 0 0 0 0 0 0 0 0 1 1 1 1 1 1 1 1 0 1 0 1 0 1 0 1 1 1 0 1] | Precisión: 0.97
Distancia de Hamming: 1
--------------------------------------------------
Original     --> [0 1 0 1 1 1 1 0 1 0 0 0 0 0 1 1 0 1 1 1 0 1 0 0 1 0 0 1 0 1 1 1]
Reconstruido --> [0 0 1 1 1 1 1 0 1 0 0 0 0 0 1 1 0 1 0 0 0 1 0 0 1 0 0 1 0 1 1 1] | Precisión: 0.88
Distancia de Hamming: 4
--------------------------------------------------
La media de la precisión del descifrado es 0.9699
Distancia media de Hamming = 0.9624 | Número de bits: 32
Número de reconstrucciones perfectas = 6049



 EVALUACIÓN DE BOB CON CLAVES ERRÓNEAS

[1] Bob (clave errada) --> [0 1 0 0 0 1 1 0 1 0 0 0 1 0 0 0 1 0 0 1 0 0 1 1 1 1 0 1 1 1 0 1] | Precisión: 0.97 | Hamming: 1
------------------------------------------------------------
[2] Bob (clave errada) --> [0 1 0 0 1 1 1 0 1 0 1 1 0 1 1 0 0 1 0 1 0 1 1 1 1 1 0 0 0 0 1 1] | Precisión: 1.00 | Hamming: 0
------------------------------------------------------------
[3] Bob (clave errada) --> [0 1 0 1 0 0 1 1 0 0 1 1 1 1 0 1 0 0 1 0 0 1 1 1 0 1 1 1 0 0 0 0] | Precisión: 0.84 | Hamming: 5
------------------------------------------------------------
[4] Bob (clave errada) --> [0 1 0 0 0 0 1 0 0 0 1 0 0 1 1 1 0 1 0 1 0 0 0 1 1 0 1 0 0 0 1 1] | Precisión: 1.00 | Hamming: 0
------------------------------------------------------------
[5] Bob (clave errada) --> [1 1 1 0 0 1 1 0 1 0 1 0 1 0 0 1 1 1 1 1 1 1 1 0 1 1 1 0 0 1 0 1] | Precisión: 0.94 | Hamming: 2
------------------------------------------------------------
[6] Bob (clave errada) --> [0 1 0 0 0 1 0 1 1 0 0 0 1 1 0 1 0 0 0 0 1 1 1 0 0 1 1 1 1 0 1 0] | Precisión: 0.81 | Hamming: 6
------------------------------------------------------------
[7] Bob (clave errada) --> [0 0 0 0 0 1 1 0 1 1 1 0 0 0 1 0 0 1 0 1 0 0 1 1 1 0 1 0 0 1 1 1] | Precisión: 0.97 | Hamming: 1
------------------------------------------------------------
[8] Bob (clave errada) --> [0 1 1 0 1 0 0 0 1 1 1 0 1 0 0 0 0 1 0 1 0 1 0 0 1 1 1 1 1 0 0 1] | Precisión: 0.88 | Hamming: 4
------------------------------------------------------------
[9] Bob (clave errada) --> [0 1 1 0 0 0 0 0 0 0 0 0 1 1 1 1 1 1 1 1 0 1 0 1 0 1 0 1 1 1 0 1] | Precisión: 0.97 | Hamming: 1
------------------------------------------------------------
[10] Bob (clave errada) --> [0 0 1 1 1 1 1 0 1 0 0 0 0 0 1 1 1 1 0 1 0 1 0 0 1 0 0 1 0 1 1 1] | Precisión: 0.88 | Hamming: 4
------------------------------------------------------------

RESULTADOS CON CLAVES ERRÓNEAS

Bob -> Precisión media (clave errada): 0.9250 | Hamming media: 2.40
Bob -> Reconstrucciones perfectas (con clave errada): 2



EVALUACIÓN CON 5100:

Original     --> [1 0 1 0 1 1 0 0 0 1 1 1 0 1 0 0 1 0 0 1 1 1 1 1 1 1 0 1 1 0 0 1]
Reconstruido --> [1 0 1 0 1 0 0 0 0 1 1 1 0 1 0 0 1 0 0 1 1 1 0 1 1 1 0 1 1 0 0 1] | Precisión: 0.94
Distancia de Hamming: 2
--------------------------------------------------
Original     --> [0 1 0 0 1 1 1 1 1 0 0 0 1 1 1 1 1 1 0 0 1 0 1 1 0 0 1 0 0 1 1 0]
Reconstruido --> [0 1 0 0 1 1 1 1 1 0 0 0 1 1 1 1 1 1 0 0 1 0 1 1 0 0 1 0 0 1 1 0] | Precisión: 1.00
Distancia de Hamming: 0
--------------------------------------------------
Original     --> [0 0 1 0 0 0 0 1 0 1 0 1 0 0 0 1 0 1 1 0 0 0 1 0 1 0 0 1 0 0 0 1]
Reconstruido --> [0 0 1 0 0 0 0 1 0 1 0 1 1 0 0 1 0 1 1 0 0 0 1 0 1 0 0 1 0 0 0 0] | Precisión: 0.94
Distancia de Hamming: 2
--------------------------------------------------
Original     --> [1 0 0 1 0 0 1 0 0 0 1 1 1 1 1 0 0 1 1 0 1 0 0 1 1 0 0 1 0 1 1 0]
Reconstruido --> [1 0 0 1 0 0 1 0 0 0 1 1 1 1 1 0 0 1 1 0 1 0 0 1 1 0 0 1 0 1 1 0] | Precisión: 1.00
Distancia de Hamming: 0
--------------------------------------------------
Original     --> [0 0 0 0 0 0 1 0 0 0 0 1 1 1 0 0 0 0 1 0 1 0 1 1 0 0 1 1 0 0 0 0]
Reconstruido --> [0 0 0 0 0 0 1 0 0 0 0 1 1 1 0 0 0 1 1 0 1 0 1 1 0 0 1 1 0 0 0 0] | Precisión: 0.97
Distancia de Hamming: 1
--------------------------------------------------
Original     --> [1 0 1 1 1 0 1 1 1 1 0 1 1 1 0 0 0 0 1 0 1 1 0 1 1 0 1 0 1 0 1 1]
Reconstruido --> [1 0 1 1 1 0 1 1 1 1 0 1 1 1 0 0 0 0 1 1 1 1 0 0 1 0 1 0 1 0 1 1] | Precisión: 0.94
Distancia de Hamming: 2
--------------------------------------------------
Original     --> [0 1 1 0 0 0 1 1 0 1 0 1 0 1 0 1 1 0 0 0 0 1 1 1 1 0 0 0 0 0 0 0]
Reconstruido --> [0 1 1 0 0 0 0 1 0 1 0 1 0 1 0 1 1 0 0 1 0 0 1 0 1 0 0 0 0 0 0 0] | Precisión: 0.88
Distancia de Hamming: 4
--------------------------------------------------
Original     --> [0 0 1 1 0 0 0 0 1 0 1 1 1 0 0 1 1 0 1 0 1 0 1 1 0 0 0 1 1 1 0 0]
Reconstruido --> [0 0 1 1 0 0 0 0 0 0 1 1 1 0 0 1 1 0 1 0 1 0 1 1 0 0 0 1 1 1 1 0] | Precisión: 0.94
Distancia de Hamming: 2
--------------------------------------------------
Original     --> [1 1 0 1 1 0 1 0 0 0 0 1 1 1 1 0 0 1 1 1 1 0 1 0 0 1 1 1 1 1 0 0]
Reconstruido --> [1 1 0 1 1 0 1 0 0 0 0 1 1 1 1 0 0 1 1 0 1 0 1 0 0 1 1 1 1 0 0 1] | Precisión: 0.91
Distancia de Hamming: 3
--------------------------------------------------
Original     --> [0 1 0 0 1 1 1 1 1 1 1 0 0 1 1 0 1 1 1 1 0 0 1 0 1 0 1 1 0 0 1 1]
Reconstruido --> [0 1 0 0 1 1 1 1 1 1 1 0 0 1 1 0 1 1 1 1 0 0 1 0 1 0 1 1 0 0 1 1] | Precisión: 1.00
Distancia de Hamming: 0
--------------------------------------------------
La media de la precisión del descifrado es 0.9699
Distancia media de Hamming = 0.9643 | Número de bits: 32
Número de reconstrucciones perfectas = 5712



 EVALUACIÓN DE BOB CON CLAVES ERRÓNEAS

[1] Bob (clave errada) --> [1 1 1 0 1 0 0 0 0 1 1 1 0 1 0 0 1 0 0 1 1 1 0 1 1 1 0 1 1 0 0 1] | Precisión: 0.91 | Hamming: 3
------------------------------------------------------------
[2] Bob (clave errada) --> [0 1 0 0 1 1 1 1 1 0 0 0 1 1 1 1 1 1 0 0 1 0 1 1 0 0 1 0 0 1 1 1] | Precisión: 0.97 | Hamming: 1
------------------------------------------------------------
[3] Bob (clave errada) --> [0 0 1 0 0 0 0 1 0 1 0 1 1 0 0 0 0 1 1 0 0 0 1 0 1 0 0 1 0 0 0 0] | Precisión: 0.91 | Hamming: 3
------------------------------------------------------------
[4] Bob (clave errada) --> [1 0 0 1 0 0 1 0 0 0 1 1 1 1 1 0 0 1 1 0 1 0 0 1 1 0 0 1 0 1 1 0] | Precisión: 1.00 | Hamming: 0
------------------------------------------------------------
[5] Bob (clave errada) --> [0 0 0 0 0 0 1 0 0 0 0 1 1 1 0 0 0 0 1 0 1 0 1 1 0 0 1 1 0 0 0 0] | Precisión: 1.00 | Hamming: 0
------------------------------------------------------------
[6] Bob (clave errada) --> [1 1 1 1 1 0 1 1 1 1 0 1 1 1 0 1 0 0 1 1 1 1 0 1 1 0 1 0 1 0 1 1] | Precisión: 0.91 | Hamming: 3
------------------------------------------------------------
[7] Bob (clave errada) --> [1 1 1 0 0 0 0 1 0 1 0 1 0 1 0 1 1 0 0 1 0 0 1 0 1 0 0 0 0 0 0 0] | Precisión: 0.84 | Hamming: 5
------------------------------------------------------------
[8] Bob (clave errada) --> [0 0 1 1 0 0 0 0 0 0 1 1 1 0 0 1 1 0 1 0 1 0 1 1 0 0 0 1 1 1 1 0] | Precisión: 0.94 | Hamming: 2
------------------------------------------------------------
[9] Bob (clave errada) --> [1 1 0 1 1 0 1 0 0 0 0 1 1 1 0 0 0 1 1 1 1 0 1 0 0 1 1 1 1 0 0 1] | Precisión: 0.91 | Hamming: 3
------------------------------------------------------------
[10] Bob (clave errada) --> [0 1 0 0 1 1 1 1 1 1 1 0 0 1 1 0 1 1 1 1 0 0 1 0 1 0 1 1 0 0 1 1] | Precisión: 1.00 | Hamming: 0
------------------------------------------------------------

RESULTADOS CON CLAVES ERRÓNEAS

Bob -> Precisión media (clave errada): 0.9375 | Hamming media: 2.00
Bob -> Reconstrucciones perfectas (con clave errada): 3



EVALUACIÓN CON 5400:

Original     --> [1 1 0 1 0 1 1 0 1 0 0 1 1 0 1 1 1 1 0 0 0 1 0 1 1 1 1 1 0 1 0 0]
Reconstruido --> [1 1 0 1 0 1 1 0 1 0 0 1 1 0 1 1 1 1 0 0 0 1 0 1 1 1 1 1 0 1 0 0] | Precisión: 1.00
Distancia de Hamming: 0
--------------------------------------------------
Original     --> [1 1 1 0 0 1 0 0 1 1 0 0 1 0 0 0 1 1 0 0 1 0 0 0 0 1 0 1 0 1 0 1]
Reconstruido --> [1 1 1 0 0 1 0 0 1 1 0 0 1 0 0 0 1 1 0 0 1 0 0 0 0 1 0 1 0 1 0 1] | Precisión: 1.00
Distancia de Hamming: 0
--------------------------------------------------
Original     --> [1 0 1 1 0 0 0 0 0 0 1 1 0 0 0 1 0 0 1 1 0 1 1 1 0 0 0 0 0 1 1 1]
Reconstruido --> [1 0 1 1 0 0 0 0 0 0 1 1 0 0 0 1 0 0 1 1 0 1 1 1 0 0 0 0 0 1 1 1] | Precisión: 1.00
Distancia de Hamming: 0
--------------------------------------------------
Original     --> [0 0 0 1 0 0 1 1 1 1 0 1 0 1 0 0 0 1 1 0 0 0 1 0 0 1 1 0 1 1 1 0]
Reconstruido --> [0 0 1 1 0 0 1 1 1 0 0 1 0 1 0 0 0 1 1 0 0 0 1 0 0 1 1 0 1 0 1 1] | Precisión: 0.88
Distancia de Hamming: 4
--------------------------------------------------
Original     --> [0 0 0 1 0 1 1 0 1 1 0 1 1 0 0 1 1 0 0 0 0 1 1 0 1 0 1 0 0 1 1 1]
Reconstruido --> [0 0 0 1 0 0 1 0 1 1 0 1 1 0 0 1 1 0 0 1 0 1 1 0 1 0 1 0 0 0 1 1] | Precisión: 0.91
Distancia de Hamming: 3
--------------------------------------------------
Original     --> [1 0 1 1 0 1 1 0 1 0 1 1 0 1 1 1 1 0 0 1 1 1 1 0 0 1 1 0 1 1 0 1]
Reconstruido --> [1 0 1 1 0 1 1 0 1 0 1 1 0 1 1 1 1 0 0 1 1 1 1 0 1 1 1 0 1 1 0 1] | Precisión: 0.97
Distancia de Hamming: 1
--------------------------------------------------
Original     --> [0 1 0 0 0 0 0 1 1 1 1 0 1 1 1 1 1 1 0 1 0 1 1 0 1 0 0 0 1 1 1 0]
Reconstruido --> [0 1 0 0 0 0 0 1 1 1 1 0 1 1 1 1 1 1 0 1 0 1 1 0 1 0 0 0 1 1 1 0] | Precisión: 1.00
Distancia de Hamming: 0
--------------------------------------------------
Original     --> [0 1 0 1 1 0 1 0 0 1 0 0 0 1 1 0 0 1 0 0 0 0 1 1 1 0 1 0 1 0 0 0]
Reconstruido --> [0 1 0 1 1 0 1 0 0 1 0 0 0 1 1 0 0 1 0 0 0 0 1 1 1 0 1 0 1 0 0 0] | Precisión: 1.00
Distancia de Hamming: 0
--------------------------------------------------
Original     --> [0 1 0 0 0 1 1 1 0 1 0 0 0 1 1 0 0 0 1 0 1 0 1 1 1 1 1 0 1 0 1 1]
Reconstruido --> [0 1 0 0 0 1 1 1 0 1 0 0 0 1 1 0 0 0 1 0 1 0 1 1 1 1 1 0 1 0 1 1] | Precisión: 1.00
Distancia de Hamming: 0
--------------------------------------------------
Original     --> [1 0 1 0 1 1 0 0 0 1 1 1 1 0 1 0 1 0 0 1 0 0 0 1 1 0 1 0 0 0 1 1]
Reconstruido --> [1 0 1 0 1 1 0 0 0 1 1 1 1 0 1 0 1 0 0 1 0 0 0 1 1 0 1 0 0 0 1 1] | Precisión: 1.00
Distancia de Hamming: 0
--------------------------------------------------
La media de la precisión del descifrado es 0.9716
Distancia media de Hamming = 0.9082 | Número de bits: 32
Número de reconstrucciones perfectas = 6163



 EVALUACIÓN DE BOB CON CLAVES ERRÓNEAS

[1] Bob (clave errada) --> [1 1 0 1 0 1 1 0 1 0 0 1 1 0 1 1 1 1 0 0 0 1 0 1 1 1 1 1 0 1 0 0] | Precisión: 1.00 | Hamming: 0
------------------------------------------------------------
[2] Bob (clave errada) --> [1 1 1 0 0 1 0 0 1 1 0 0 1 0 0 0 1 1 0 0 1 0 0 0 0 1 0 1 0 1 0 1] | Precisión: 1.00 | Hamming: 0
------------------------------------------------------------
[3] Bob (clave errada) --> [1 0 1 1 0 0 0 0 0 0 1 1 0 0 0 1 0 0 1 1 0 1 1 1 0 0 1 0 0 1 1 1] | Precisión: 0.97 | Hamming: 1
------------------------------------------------------------
[4] Bob (clave errada) --> [0 0 0 1 0 0 1 1 1 0 0 1 0 0 0 0 0 1 1 0 0 0 1 0 0 1 1 0 1 0 1 0] | Precisión: 0.91 | Hamming: 3
------------------------------------------------------------
[5] Bob (clave errada) --> [0 0 1 1 0 1 1 1 0 1 1 1 1 0 0 1 1 0 0 1 0 1 1 0 1 0 1 0 0 1 1 1] | Precisión: 0.84 | Hamming: 5
------------------------------------------------------------
[6] Bob (clave errada) --> [1 0 1 1 0 1 1 0 1 0 1 1 0 1 1 1 1 0 0 1 0 1 1 0 1 1 1 0 1 1 0 1] | Precisión: 0.94 | Hamming: 2
------------------------------------------------------------
[7] Bob (clave errada) --> [0 1 1 0 1 1 1 1 1 1 1 0 1 1 1 1 1 1 0 1 0 1 1 0 1 1 0 0 1 1 1 0] | Precisión: 0.84 | Hamming: 5
------------------------------------------------------------
[8] Bob (clave errada) --> [0 1 0 1 1 0 1 0 0 1 0 0 0 1 1 0 0 1 0 0 0 0 1 1 1 1 1 0 1 0 0 0] | Precisión: 0.97 | Hamming: 1
------------------------------------------------------------
[9] Bob (clave errada) --> [0 1 0 0 0 1 1 1 0 1 0 0 0 1 1 0 0 0 1 0 1 0 1 1 1 1 1 0 1 0 1 1] | Precisión: 1.00 | Hamming: 0
------------------------------------------------------------
[10] Bob (clave errada) --> [1 0 1 0 1 1 0 0 0 1 1 1 1 0 1 0 1 0 0 1 0 0 0 1 1 0 1 0 0 0 1 1] | Precisión: 1.00 | Hamming: 0
------------------------------------------------------------

RESULTADOS CON CLAVES ERRÓNEAS

Bob -> Precisión media (clave errada): 0.9469 | Hamming media: 1.70
Bob -> Reconstrucciones perfectas (con clave errada): 4



EVALUACIÓN CON 5700:

Original     --> [1 1 1 0 0 1 1 0 0 0 0 0 0 1 1 1 0 1 1 1 0 1 0 0 1 0 0 1 1 0 0 1]
Reconstruido --> [1 1 1 0 0 1 1 0 0 0 0 0 0 1 1 1 0 1 1 1 0 1 0 0 1 0 0 1 1 0 0 1] | Precisión: 1.00
Distancia de Hamming: 0
--------------------------------------------------
Original     --> [0 0 0 1 1 1 1 1 1 0 0 0 0 1 1 0 0 1 0 1 1 0 0 0 1 0 0 0 0 1 1 1]
Reconstruido --> [0 0 0 1 1 1 1 1 1 0 0 0 0 1 1 0 1 1 0 1 1 0 1 0 1 0 0 0 0 1 1 1] | Precisión: 0.94
Distancia de Hamming: 2
--------------------------------------------------
Original     --> [0 0 1 0 1 1 0 1 0 0 0 0 1 1 1 0 0 1 0 0 0 0 1 0 1 0 0 0 0 1 0 1]
Reconstruido --> [0 0 1 0 1 1 0 1 0 0 0 0 1 0 1 0 1 1 0 0 0 0 1 0 1 0 0 0 0 1 0 1] | Precisión: 0.94
Distancia de Hamming: 2
--------------------------------------------------
Original     --> [1 0 0 0 0 1 0 0 1 1 0 1 0 1 1 1 1 0 1 0 0 1 0 1 1 1 1 1 1 1 0 1]
Reconstruido --> [1 0 0 0 0 1 0 0 1 1 0 1 0 1 1 1 1 1 1 0 0 1 0 1 1 1 1 1 1 1 0 1] | Precisión: 0.97
Distancia de Hamming: 1
--------------------------------------------------
Original     --> [0 0 1 0 0 0 0 0 0 1 0 1 1 1 0 1 1 1 1 1 0 1 1 1 1 0 0 0 0 0 1 1]
Reconstruido --> [0 0 1 0 0 0 0 0 0 1 0 1 1 1 0 1 1 1 1 1 0 1 1 1 1 0 0 0 0 0 1 1] | Precisión: 1.00
Distancia de Hamming: 0
--------------------------------------------------
Original     --> [0 1 0 1 1 1 1 1 0 1 1 0 0 0 0 0 0 1 1 1 1 1 1 1 1 1 1 0 0 1 0 1]
Reconstruido --> [0 1 0 1 1 1 1 1 0 1 1 0 0 0 0 0 0 1 1 1 1 1 1 1 1 1 1 0 0 1 0 1] | Precisión: 1.00
Distancia de Hamming: 0
--------------------------------------------------
Original     --> [1 0 0 1 1 0 1 0 1 1 1 0 0 1 0 1 1 0 1 1 1 0 1 0 1 0 0 0 1 0 1 1]
Reconstruido --> [1 0 0 1 1 0 1 0 1 1 1 0 0 1 0 1 1 0 1 1 1 0 1 0 1 0 0 0 1 0 1 1] | Precisión: 1.00
Distancia de Hamming: 0
--------------------------------------------------
Original     --> [1 1 0 1 1 1 0 0 0 1 0 1 1 0 0 0 0 1 0 1 0 1 1 1 1 0 1 1 1 0 0 1]
Reconstruido --> [1 1 0 1 1 0 0 0 0 1 0 1 1 0 0 0 0 1 0 1 0 1 1 1 1 0 1 1 1 0 0 1] | Precisión: 0.97
Distancia de Hamming: 1
--------------------------------------------------
Original     --> [0 0 1 0 0 1 1 0 1 1 0 0 1 1 1 0 0 1 0 0 0 1 1 0 0 0 0 1 1 0 1 0]
Reconstruido --> [0 0 1 0 0 1 1 0 1 1 0 0 1 1 1 0 0 1 0 0 0 1 1 0 0 0 0 1 1 0 1 0] | Precisión: 1.00
Distancia de Hamming: 0
--------------------------------------------------
Original     --> [1 1 0 0 1 0 0 1 0 0 1 0 1 0 0 0 1 1 1 1 1 1 0 1 0 1 1 1 1 1 0 0]
Reconstruido --> [1 1 0 0 1 0 0 1 0 0 1 0 1 0 1 0 1 1 1 1 1 1 0 1 0 1 1 1 1 1 0 0] | Precisión: 0.97
Distancia de Hamming: 1
--------------------------------------------------
La media de la precisión del descifrado es 0.9699
Distancia media de Hamming = 0.9640 | Número de bits: 32
Número de reconstrucciones perfectas = 5855



 EVALUACIÓN DE BOB CON CLAVES ERRÓNEAS

[1] Bob (clave errada) --> [1 1 1 0 0 1 1 0 0 0 0 0 0 1 1 0 0 1 1 1 0 0 0 0 1 0 0 1 1 0 0 1] | Precisión: 0.94 | Hamming: 2
------------------------------------------------------------
[2] Bob (clave errada) --> [0 0 0 1 1 1 1 1 1 0 0 0 0 1 1 0 1 1 0 1 1 1 1 1 1 0 0 0 0 1 1 1] | Precisión: 0.88 | Hamming: 4
------------------------------------------------------------
[3] Bob (clave errada) --> [0 0 1 0 1 1 0 1 0 0 0 0 1 0 1 0 1 1 0 0 0 0 1 0 1 0 0 0 0 1 0 1] | Precisión: 0.94 | Hamming: 2
------------------------------------------------------------
[4] Bob (clave errada) --> [1 0 0 0 0 1 0 0 1 1 0 1 0 1 1 1 1 1 1 0 1 1 0 1 1 1 1 1 1 1 0 1] | Precisión: 0.94 | Hamming: 2
------------------------------------------------------------
[5] Bob (clave errada) --> [1 0 1 0 0 0 0 0 0 1 0 1 1 1 0 1 1 1 1 1 1 1 1 1 1 0 0 0 0 0 1 1] | Precisión: 0.94 | Hamming: 2
------------------------------------------------------------
[6] Bob (clave errada) --> [0 1 0 1 1 1 1 1 0 1 1 0 0 0 0 0 0 1 1 1 1 1 1 1 1 1 1 0 0 1 0 1] | Precisión: 1.00 | Hamming: 0
------------------------------------------------------------
[7] Bob (clave errada) --> [1 0 0 1 1 0 1 0 1 1 1 0 0 1 0 1 1 0 1 1 1 0 1 0 1 0 0 0 1 0 1 1] | Precisión: 1.00 | Hamming: 0
------------------------------------------------------------
[8] Bob (clave errada) --> [1 1 0 1 1 0 0 0 0 1 0 1 1 0 0 0 0 1 0 1 0 1 1 1 1 0 1 1 1 0 0 1] | Precisión: 0.97 | Hamming: 1
------------------------------------------------------------
[9] Bob (clave errada) --> [0 0 1 0 0 1 1 0 1 1 0 0 1 1 1 0 0 1 0 0 0 1 1 0 0 0 0 1 1 0 1 0] | Precisión: 1.00 | Hamming: 0
------------------------------------------------------------
[10] Bob (clave errada) --> [1 1 0 0 1 0 0 1 0 0 1 0 1 0 1 0 1 1 1 1 1 1 0 1 0 1 1 1 1 1 0 0] | Precisión: 0.97 | Hamming: 1
------------------------------------------------------------

RESULTADOS CON CLAVES ERRÓNEAS

Bob -> Precisión media (clave errada): 0.9563 | Hamming media: 1.40
Bob -> Reconstrucciones perfectas (con clave errada): 3



EVALUACIÓN CON 6000:

Original     --> [0 0 0 0 0 1 0 1 1 0 0 1 1 1 1 1 1 0 1 0 1 0 1 0 0 0 0 0 0 1 0 1]
Reconstruido --> [0 0 0 0 0 1 0 1 1 0 0 1 1 1 1 1 1 0 1 0 1 0 1 0 0 0 0 0 0 1 0 1] | Precisión: 1.00
Distancia de Hamming: 0
--------------------------------------------------
Original     --> [0 0 0 0 1 0 0 1 0 1 0 1 0 0 0 1 1 0 1 0 0 1 1 0 1 1 0 1 1 1 0 0]
Reconstruido --> [0 0 0 0 1 0 0 1 0 1 0 1 0 0 0 1 1 0 1 0 0 1 1 0 1 1 0 1 1 1 0 0] | Precisión: 1.00
Distancia de Hamming: 0
--------------------------------------------------
Original     --> [1 1 0 1 0 1 0 1 0 0 0 1 0 1 0 0 1 0 1 0 0 0 0 0 1 1 1 0 1 1 1 0]
Reconstruido --> [1 1 0 1 0 1 0 1 0 0 0 1 0 1 0 0 1 0 1 0 0 0 0 0 1 1 1 0 1 1 1 0] | Precisión: 1.00
Distancia de Hamming: 0
--------------------------------------------------
Original     --> [1 1 0 0 0 0 1 1 0 0 1 0 1 1 1 0 1 1 0 1 0 0 1 0 1 1 1 0 1 0 1 1]
Reconstruido --> [1 1 0 0 0 0 0 1 0 0 1 0 1 1 1 0 1 1 0 1 0 0 1 0 1 1 1 0 1 0 1 1] | Precisión: 0.97
Distancia de Hamming: 1
--------------------------------------------------
Original     --> [1 0 0 0 0 1 0 1 0 1 1 0 1 1 1 1 0 1 1 1 1 0 0 1 0 0 0 0 0 0 0 0]
Reconstruido --> [1 0 0 0 0 1 0 1 0 1 1 0 1 1 1 1 0 1 1 1 1 0 0 1 0 0 0 0 0 0 0 0] | Precisión: 1.00
Distancia de Hamming: 0
--------------------------------------------------
Original     --> [1 1 1 1 1 0 1 1 1 1 1 1 1 0 0 1 0 1 0 1 0 0 0 0 0 1 1 1 1 0 0 0]
Reconstruido --> [1 1 1 1 1 0 1 0 1 1 1 1 1 0 0 1 0 1 0 1 0 0 0 0 0 1 1 1 1 0 0 0] | Precisión: 0.97
Distancia de Hamming: 1
--------------------------------------------------
Original     --> [0 0 1 0 1 1 1 1 0 1 1 0 1 0 0 1 1 1 0 1 1 1 1 1 0 0 1 1 0 1 1 0]
Reconstruido --> [0 0 1 0 1 1 1 1 0 1 1 0 1 0 0 1 1 1 0 1 1 1 1 1 0 0 1 1 0 1 1 0] | Precisión: 1.00
Distancia de Hamming: 0
--------------------------------------------------
Original     --> [0 1 0 0 1 0 1 0 1 1 1 0 1 1 1 0 0 1 1 1 1 1 1 1 0 1 0 0 1 1 1 0]
Reconstruido --> [0 1 0 0 1 0 1 0 1 1 1 0 1 1 1 1 1 1 1 1 0 1 0 1 0 1 0 1 1 1 1 1] | Precisión: 0.81
Distancia de Hamming: 6
--------------------------------------------------
Original     --> [1 0 1 1 1 1 1 0 1 0 0 1 1 1 0 0 1 0 1 1 1 0 1 1 0 1 1 0 0 1 0 1]
Reconstruido --> [1 1 1 1 1 1 1 0 1 0 0 1 0 1 0 0 1 0 1 1 0 0 1 1 0 1 1 0 0 1 0 1] | Precisión: 0.91
Distancia de Hamming: 3
--------------------------------------------------
Original     --> [1 0 0 1 0 0 0 1 1 0 1 0 1 1 1 0 0 1 0 1 0 1 1 0 0 0 1 0 1 0 1 0]
Reconstruido --> [1 0 0 1 0 0 0 1 1 0 1 0 1 1 1 0 0 1 0 1 0 1 1 0 0 0 1 0 1 0 1 0] | Precisión: 1.00
Distancia de Hamming: 0
--------------------------------------------------
La media de la precisión del descifrado es 0.9799
Distancia media de Hamming = 0.6428 | Número de bits: 32
Número de reconstrucciones perfectas = 7069



 EVALUACIÓN DE BOB CON CLAVES ERRÓNEAS

[1] Bob (clave errada) --> [0 1 1 0 0 1 1 1 1 0 0 1 1 1 1 1 1 0 1 0 1 0 1 0 1 0 1 0 0 1 0 1] | Precisión: 0.84 | Hamming: 5
------------------------------------------------------------
[2] Bob (clave errada) --> [0 0 0 0 1 0 0 1 0 1 0 1 0 0 0 1 1 0 1 0 0 1 1 0 1 1 0 1 1 1 0 0] | Precisión: 1.00 | Hamming: 0
------------------------------------------------------------
[3] Bob (clave errada) --> [1 1 0 1 0 1 0 1 0 0 0 1 0 1 0 0 1 0 1 0 0 0 0 0 1 1 1 0 1 1 1 0] | Precisión: 1.00 | Hamming: 0
------------------------------------------------------------
[4] Bob (clave errada) --> [1 1 0 0 0 0 0 0 0 0 1 0 0 1 1 0 1 1 0 1 0 0 1 0 0 1 0 0 1 0 1 1] | Precisión: 0.84 | Hamming: 5
------------------------------------------------------------
[5] Bob (clave errada) --> [1 0 0 0 0 1 0 1 0 1 1 0 1 1 1 1 0 1 1 1 1 0 0 1 0 0 0 0 0 0 0 0] | Precisión: 1.00 | Hamming: 0
------------------------------------------------------------
[6] Bob (clave errada) --> [1 1 1 1 1 0 0 0 1 1 1 1 1 0 0 1 0 1 0 1 0 0 0 0 0 1 1 1 1 0 0 0] | Precisión: 0.94 | Hamming: 2
------------------------------------------------------------
[7] Bob (clave errada) --> [0 0 1 0 1 1 1 1 0 1 1 0 1 0 0 1 1 1 0 1 1 1 1 1 0 0 1 1 0 1 1 0] | Precisión: 1.00 | Hamming: 0
------------------------------------------------------------
[8] Bob (clave errada) --> [0 1 0 0 1 0 1 0 1 1 1 0 1 1 1 1 1 1 1 1 0 1 0 1 0 1 0 1 1 1 1 1] | Precisión: 0.81 | Hamming: 6
------------------------------------------------------------
[9] Bob (clave errada) --> [1 0 1 1 1 1 1 0 1 0 0 1 0 1 0 0 1 0 1 1 0 0 1 1 0 1 1 0 0 1 0 1] | Precisión: 0.94 | Hamming: 2
------------------------------------------------------------
[10] Bob (clave errada) --> [1 0 0 1 0 0 0 1 1 0 1 0 1 1 1 0 0 1 0 1 0 1 1 0 0 0 1 0 1 0 1 0] | Precisión: 1.00 | Hamming: 0
------------------------------------------------------------

RESULTADOS CON CLAVES ERRÓNEAS

Bob -> Precisión media (clave errada): 0.9375 | Hamming media: 2.00
Bob -> Reconstrucciones perfectas (con clave errada): 5


Tiempo total de ejecución (s): 4913.094505310059

