-- RESULTADOS DEL EXPERIMENTO 1.2. --

Número de mensajes = 10000
Número de bits = 32
Tamaño del batch = 256
Adam optimizer learning rate = 0.001
Epochs totales = 6000
Epochs iniciales = 300


EVALUACIÓN CON 300:

Original     --> [0 0 1 0 1 1 0 1 1 1 1 1 1 0 1 0 1 1 0 1 1 0 0 1 0 1 0 0 0 0 0 0]
Reconstruido --> [0 0 1 0 1 1 0 1 1 1 1 1 1 1 1 1 1 1 0 1 1 0 0 1 0 1 0 0 0 0 0 0] | Precisión: 0.94
Distancia de Hamming: 2
--------------------------------------------------
Original     --> [0 0 1 1 0 1 0 1 0 0 0 0 1 0 0 1 1 1 1 0 0 1 1 0 1 0 0 1 1 1 1 0]
Reconstruido --> [0 0 1 1 0 1 0 1 0 0 0 0 1 0 0 0 1 1 1 0 0 1 1 0 1 1 0 0 1 0 1 1] | Precisión: 0.84
Distancia de Hamming: 5
--------------------------------------------------
Original     --> [1 0 0 0 1 0 0 0 0 1 0 1 1 1 0 0 0 0 1 1 0 0 0 1 1 1 0 1 0 1 0 0]
Reconstruido --> [1 1 0 0 1 0 0 0 0 1 1 1 1 1 0 0 0 0 1 1 0 0 0 1 1 1 0 1 0 1 0 0] | Precisión: 0.94
Distancia de Hamming: 2
--------------------------------------------------
Original     --> [0 1 0 0 1 1 0 0 1 0 1 1 1 1 0 1 0 0 1 1 1 0 0 0 0 1 1 1 1 1 1 0]
Reconstruido --> [0 1 0 0 1 1 0 0 1 0 1 1 1 1 0 1 0 0 1 1 1 0 0 0 0 0 1 1 0 1 1 0] | Precisión: 0.94
Distancia de Hamming: 2
--------------------------------------------------
Original     --> [0 1 1 0 0 0 1 0 1 1 1 0 0 1 0 1 1 1 0 1 1 0 1 0 0 1 1 1 1 1 1 0]
Reconstruido --> [0 1 1 0 0 0 1 0 1 1 1 0 0 1 0 1 1 0 0 1 1 1 1 0 0 1 1 1 1 1 1 0] | Precisión: 0.94
Distancia de Hamming: 2
--------------------------------------------------
Original     --> [1 1 0 1 0 0 1 1 1 0 1 0 0 0 0 1 1 0 1 1 0 1 1 1 1 0 0 0 1 0 0 0]
Reconstruido --> [1 1 1 1 0 0 1 1 1 0 0 0 0 0 0 0 1 0 1 1 0 1 1 0 1 0 0 0 1 0 0 0] | Precisión: 0.88
Distancia de Hamming: 4
--------------------------------------------------
Original     --> [1 1 0 0 1 1 1 1 0 0 1 1 1 1 1 1 0 0 0 0 0 1 0 1 0 1 1 0 0 0 0 1]
Reconstruido --> [1 1 0 0 1 1 1 1 0 0 0 1 1 1 1 1 0 0 0 0 0 0 0 1 0 1 1 1 0 0 0 1] | Precisión: 0.91
Distancia de Hamming: 3
--------------------------------------------------
Original     --> [0 1 1 1 0 0 0 0 0 0 1 1 1 0 0 1 0 1 1 0 0 1 0 1 1 1 0 1 0 1 0 1]
Reconstruido --> [0 1 1 1 0 0 0 0 0 0 1 1 1 0 0 1 0 1 1 0 0 1 0 1 1 1 0 1 0 1 0 1] | Precisión: 1.00
Distancia de Hamming: 0
--------------------------------------------------
Original     --> [0 1 1 0 0 1 0 1 0 0 1 1 0 0 0 1 1 0 0 1 1 0 1 0 0 0 1 1 1 0 0 1]
Reconstruido --> [0 1 1 0 0 1 0 1 0 1 1 0 0 0 0 1 1 0 1 1 1 0 0 0 0 1 1 0 1 1 0 1] | Precisión: 0.78
Distancia de Hamming: 7
--------------------------------------------------
Original     --> [0 0 1 0 0 0 0 0 0 1 0 0 1 1 1 0 1 0 0 1 1 1 0 0 1 0 0 1 1 0 1 1]
Reconstruido --> [0 0 1 0 0 0 1 0 1 1 0 0 1 1 1 0 1 1 0 1 1 1 0 1 0 0 0 0 1 0 1 1] | Precisión: 0.81
Distancia de Hamming: 6
--------------------------------------------------
La media de la precisión del descifrado es 0.8711
Distancia media de Hamming = 4.1247 | Número de bits: 32
Número de reconstrucciones perfectas = 352



 EVALUACIÓN DE BOB CON CLAVES ERRÓNEAS

[1] Bob (clave errada) --> [0 0 1 0 1 1 0 1 1 1 1 0 1 1 1 1 1 1 0 1 1 0 0 1 0 1 0 0 0 0 0 0] | Precisión: 0.91 | Hamming: 3
------------------------------------------------------------
[2] Bob (clave errada) --> [0 0 1 1 0 1 0 1 0 0 0 1 1 0 0 0 1 1 1 0 0 1 1 0 1 0 0 0 1 1 1 1] | Precisión: 0.88 | Hamming: 4
------------------------------------------------------------
[3] Bob (clave errada) --> [1 1 0 0 1 1 0 0 0 1 0 1 1 1 0 0 0 0 0 1 0 0 0 1 1 1 0 1 0 1 0 0] | Precisión: 0.91 | Hamming: 3
------------------------------------------------------------
[4] Bob (clave errada) --> [0 1 0 0 1 1 0 0 1 0 1 1 1 1 0 1 0 0 1 1 1 0 0 0 0 1 1 1 0 1 1 0] | Precisión: 0.97 | Hamming: 1
------------------------------------------------------------
[5] Bob (clave errada) --> [0 1 0 0 0 0 1 0 1 1 1 0 0 1 0 1 1 1 0 1 1 1 1 0 0 1 1 1 1 1 1 0] | Precisión: 0.94 | Hamming: 2
------------------------------------------------------------
[6] Bob (clave errada) --> [1 1 0 1 0 0 1 1 1 0 0 0 0 0 1 0 1 0 1 1 0 1 0 0 1 0 0 0 0 0 0 0] | Precisión: 0.81 | Hamming: 6
------------------------------------------------------------
[7] Bob (clave errada) --> [1 1 0 0 1 1 1 1 0 0 0 1 1 1 1 1 1 0 0 1 0 0 0 1 0 0 1 1 0 0 1 1] | Precisión: 0.78 | Hamming: 7
------------------------------------------------------------
[8] Bob (clave errada) --> [0 1 1 1 0 0 1 0 0 0 1 1 1 0 0 1 0 1 1 0 0 1 0 1 1 1 0 1 0 1 0 1] | Precisión: 0.97 | Hamming: 1
------------------------------------------------------------
[9] Bob (clave errada) --> [0 0 1 0 0 1 0 1 1 0 1 1 0 0 0 1 1 0 1 1 1 0 0 0 0 1 1 0 1 1 0 1] | Precisión: 0.78 | Hamming: 7
------------------------------------------------------------
[10] Bob (clave errada) --> [0 0 0 0 0 1 1 1 1 1 0 0 1 1 1 0 1 1 0 0 1 1 0 1 0 0 0 0 1 0 1 1] | Precisión: 0.69 | Hamming: 10
------------------------------------------------------------

RESULTADOS CON CLAVES ERRÓNEAS

Bob -> Precisión media (clave errada): 0.8625 | Hamming media: 4.40
Bob -> Reconstrucciones perfectas (con clave errada): 0



EVALUACIÓN CON 600:

Original     --> [1 0 0 1 1 0 0 0 1 0 0 0 0 0 1 1 0 0 1 1 0 1 0 1 0 1 1 1 0 1 1 1]
Reconstruido --> [1 0 0 0 1 0 0 1 1 0 0 0 0 0 1 1 0 0 1 1 0 1 0 1 0 1 1 1 0 1 1 1] | Precisión: 0.94
Distancia de Hamming: 2
--------------------------------------------------
Original     --> [0 1 1 0 1 0 1 0 1 0 0 1 1 1 0 0 1 1 0 0 1 0 0 1 0 1 0 0 0 1 0 0]
Reconstruido --> [0 1 1 0 1 0 1 0 1 1 0 1 1 1 0 0 1 1 0 0 1 0 0 1 0 1 0 0 1 1 0 0] | Precisión: 0.94
Distancia de Hamming: 2
--------------------------------------------------
Original     --> [0 0 0 0 1 1 0 1 0 1 0 0 0 0 1 0 0 1 0 0 1 1 0 0 0 1 1 1 0 1 1 0]
Reconstruido --> [0 0 0 0 1 1 0 1 0 1 0 0 0 0 1 0 0 1 0 0 1 1 0 0 0 1 1 1 0 1 1 0] | Precisión: 1.00
Distancia de Hamming: 0
--------------------------------------------------
Original     --> [1 0 0 0 1 0 1 0 0 1 1 0 1 1 0 1 1 0 0 0 0 0 1 0 1 1 1 1 1 1 1 0]
Reconstruido --> [1 0 0 0 0 0 1 0 0 1 1 0 1 1 0 1 1 0 0 0 0 0 1 0 1 1 1 1 1 1 1 0] | Precisión: 0.97
Distancia de Hamming: 1
--------------------------------------------------
Original     --> [1 1 1 1 0 1 1 0 1 1 0 1 0 1 0 0 0 0 1 0 0 0 1 1 0 1 0 0 1 1 1 1]
Reconstruido --> [1 1 1 1 0 1 1 0 0 1 1 1 0 1 0 1 0 0 1 0 0 0 0 1 0 1 0 0 1 1 1 1] | Precisión: 0.88
Distancia de Hamming: 4
--------------------------------------------------
Original     --> [1 1 0 0 1 0 0 0 1 1 1 1 0 1 1 1 0 1 0 1 0 1 1 0 0 1 1 0 0 1 0 0]
Reconstruido --> [0 1 1 0 1 0 0 0 1 1 1 1 0 1 0 1 0 1 0 1 0 1 1 0 0 1 1 0 0 1 0 0] | Precisión: 0.91
Distancia de Hamming: 3
--------------------------------------------------
Original     --> [0 1 0 0 0 0 1 1 0 0 1 1 1 0 0 0 0 0 0 0 0 1 0 1 0 1 1 0 0 0 1 1]
Reconstruido --> [0 1 0 0 0 0 1 1 0 0 1 1 1 0 0 0 0 0 0 0 0 1 0 1 0 1 1 0 0 0 1 1] | Precisión: 1.00
Distancia de Hamming: 0
--------------------------------------------------
Original     --> [0 1 1 0 0 0 0 1 0 1 0 1 0 1 0 0 0 1 1 0 0 0 1 0 1 1 1 1 1 1 0 1]
Reconstruido --> [0 1 1 0 0 0 0 1 0 1 0 1 0 1 0 0 0 1 1 0 0 0 1 0 1 1 1 1 0 1 0 1] | Precisión: 0.97
Distancia de Hamming: 1
--------------------------------------------------
Original     --> [0 1 0 0 0 1 1 1 1 0 0 1 1 0 1 1 0 1 1 0 1 0 0 1 0 1 0 1 1 0 0 0]
Reconstruido --> [0 1 0 0 0 1 1 1 1 0 0 1 1 0 1 1 0 1 0 0 1 0 0 1 1 1 0 1 1 0 0 0] | Precisión: 0.94
Distancia de Hamming: 2
--------------------------------------------------
Original     --> [0 0 0 1 0 0 0 1 0 1 1 0 1 0 1 1 0 1 0 1 0 0 1 0 1 0 0 0 1 0 0 0]
Reconstruido --> [0 1 0 1 0 1 0 1 0 1 1 0 1 0 1 1 1 1 0 1 0 0 1 0 1 0 0 1 0 0 0 0] | Precisión: 0.84
Distancia de Hamming: 5
--------------------------------------------------
La media de la precisión del descifrado es 0.9086
Distancia media de Hamming = 2.9259 | Número de bits: 32
Número de reconstrucciones perfectas = 1065



 EVALUACIÓN DE BOB CON CLAVES ERRÓNEAS

[1] Bob (clave errada) --> [1 0 1 0 1 0 0 1 1 0 0 0 0 0 1 1 0 0 1 1 1 1 0 1 0 1 1 1 0 1 1 1] | Precisión: 0.88 | Hamming: 4
------------------------------------------------------------
[2] Bob (clave errada) --> [0 1 1 0 1 0 1 0 1 0 0 1 1 0 0 0 1 1 0 0 1 0 0 1 0 1 0 0 1 1 0 0] | Precisión: 0.94 | Hamming: 2
------------------------------------------------------------
[3] Bob (clave errada) --> [0 0 0 0 1 1 0 1 0 1 0 0 0 0 1 0 0 1 0 0 1 1 0 0 0 1 1 1 0 1 1 0] | Precisión: 1.00 | Hamming: 0
------------------------------------------------------------
[4] Bob (clave errada) --> [1 0 1 0 0 0 1 0 0 1 1 0 1 1 0 1 1 0 1 0 0 0 1 0 1 1 1 1 1 1 1 0] | Precisión: 0.91 | Hamming: 3
------------------------------------------------------------
[5] Bob (clave errada) --> [1 1 1 1 1 1 1 0 0 1 1 1 0 1 0 1 0 0 1 0 1 0 0 1 0 1 0 0 1 1 1 1] | Precisión: 0.81 | Hamming: 6
------------------------------------------------------------
[6] Bob (clave errada) --> [0 1 0 0 1 0 0 0 1 1 1 1 0 1 0 1 0 1 0 1 1 1 1 0 0 1 1 0 0 1 0 0] | Precisión: 0.91 | Hamming: 3
------------------------------------------------------------
[7] Bob (clave errada) --> [0 1 0 0 0 0 1 1 1 0 1 1 1 0 0 0 0 0 0 0 0 1 0 1 0 1 1 0 0 0 1 1] | Precisión: 0.97 | Hamming: 1
------------------------------------------------------------
[8] Bob (clave errada) --> [0 1 1 0 0 1 0 1 0 1 0 1 0 1 0 0 0 1 1 0 0 0 1 0 1 1 1 1 0 1 0 0] | Precisión: 0.91 | Hamming: 3
------------------------------------------------------------
[9] Bob (clave errada) --> [0 1 0 0 0 1 1 0 1 0 0 1 1 0 1 1 0 1 0 0 1 0 0 1 0 1 0 1 1 0 0 0] | Precisión: 0.94 | Hamming: 2
------------------------------------------------------------
[10] Bob (clave errada) --> [0 0 0 1 0 1 0 1 0 1 1 0 1 0 1 1 1 1 0 1 0 0 1 0 1 0 0 1 0 0 0 0] | Precisión: 0.88 | Hamming: 4
------------------------------------------------------------

RESULTADOS CON CLAVES ERRÓNEAS

Bob -> Precisión media (clave errada): 0.9125 | Hamming media: 2.80
Bob -> Reconstrucciones perfectas (con clave errada): 1



EVALUACIÓN CON 900:

Original     --> [0 1 0 1 1 1 1 1 0 0 1 1 1 1 0 1 0 0 1 0 1 1 1 1 0 0 0 1 0 1 0 1]
Reconstruido --> [0 1 0 1 1 1 1 1 0 0 1 1 1 1 0 1 0 0 0 0 1 1 1 1 0 0 0 1 0 1 0 1] | Precisión: 0.97
Distancia de Hamming: 1
--------------------------------------------------
Original     --> [1 1 1 0 1 1 0 1 1 1 0 1 0 1 1 0 0 1 0 1 1 0 0 0 1 0 0 1 0 0 1 0]
Reconstruido --> [1 1 1 0 1 1 0 1 1 1 0 1 0 1 1 0 0 1 0 0 1 0 0 0 1 0 0 1 0 0 1 0] | Precisión: 0.97
Distancia de Hamming: 1
--------------------------------------------------
Original     --> [0 0 1 0 1 1 1 1 0 1 1 0 0 0 1 0 0 1 1 1 1 1 0 0 1 0 1 0 0 0 1 0]
Reconstruido --> [0 0 1 0 1 1 1 1 0 1 1 0 0 0 1 0 0 1 1 1 1 1 0 0 1 0 1 0 0 0 1 0] | Precisión: 1.00
Distancia de Hamming: 0
--------------------------------------------------
Original     --> [1 0 0 1 0 1 1 0 0 0 0 1 1 1 1 0 1 0 0 1 1 0 0 1 1 1 1 0 0 1 0 1]
Reconstruido --> [1 0 0 1 0 1 1 0 0 0 0 1 1 1 1 0 1 0 0 1 1 0 0 1 1 1 1 0 0 1 0 1] | Precisión: 1.00
Distancia de Hamming: 0
--------------------------------------------------
Original     --> [0 0 0 0 1 1 1 0 0 0 1 1 0 0 1 0 1 0 1 0 1 0 1 0 1 1 1 0 1 1 1 1]
Reconstruido --> [1 0 0 1 1 1 1 0 0 0 1 1 0 0 1 0 1 0 1 0 1 0 1 0 1 0 1 0 1 1 1 1] | Precisión: 0.91
Distancia de Hamming: 3
--------------------------------------------------
Original     --> [0 1 0 0 0 0 1 0 1 1 1 0 1 0 0 1 0 1 1 0 1 0 1 1 0 1 1 0 1 1 0 0]
Reconstruido --> [0 1 0 0 0 0 1 0 1 1 1 0 1 0 0 1 0 1 1 0 1 0 1 1 0 1 1 0 1 1 0 0] | Precisión: 1.00
Distancia de Hamming: 0
--------------------------------------------------
Original     --> [0 1 1 1 1 1 0 1 0 1 1 1 1 1 1 1 0 1 0 0 1 1 1 1 0 0 0 1 0 0 1 0]
Reconstruido --> [0 1 1 0 1 1 0 1 0 1 1 1 1 1 0 1 0 1 0 0 1 1 0 1 0 0 0 1 1 0 1 0] | Precisión: 0.88
Distancia de Hamming: 4
--------------------------------------------------
Original     --> [0 1 1 0 1 0 1 0 1 1 1 0 0 0 0 1 0 1 1 0 1 1 0 1 1 0 1 0 0 1 1 0]
Reconstruido --> [0 1 1 0 1 0 1 0 1 1 1 0 0 0 0 1 0 1 1 0 1 1 0 1 1 0 1 0 0 1 1 0] | Precisión: 1.00
Distancia de Hamming: 0
--------------------------------------------------
Original     --> [1 0 1 0 1 1 1 1 1 0 1 0 1 0 1 0 0 0 0 1 0 1 0 0 1 0 0 0 1 1 0 1]
Reconstruido --> [1 1 1 0 1 1 1 1 1 0 1 0 1 0 1 0 0 0 0 1 0 1 0 0 0 0 0 0 1 0 0 1] | Precisión: 0.91
Distancia de Hamming: 3
--------------------------------------------------
Original     --> [1 1 1 1 1 0 0 0 0 1 1 0 1 1 0 0 1 0 0 1 0 1 1 1 1 1 0 0 1 1 1 0]
Reconstruido --> [1 1 1 1 1 0 0 0 0 1 0 0 1 1 0 1 1 0 0 1 0 1 1 1 1 1 0 0 1 1 1 0] | Precisión: 0.94
Distancia de Hamming: 2
--------------------------------------------------
La media de la precisión del descifrado es 0.9146
Distancia media de Hamming = 2.7332 | Número de bits: 32
Número de reconstrucciones perfectas = 1363



 EVALUACIÓN DE BOB CON CLAVES ERRÓNEAS

[1] Bob (clave errada) --> [0 1 0 1 1 1 1 1 0 0 1 0 1 1 0 1 0 0 0 0 1 1 0 1 0 0 0 1 0 1 0 1] | Precisión: 0.91 | Hamming: 3
------------------------------------------------------------
[2] Bob (clave errada) --> [1 1 1 0 1 1 0 1 1 1 0 1 0 0 0 0 0 1 0 0 1 0 0 0 1 0 0 1 0 0 1 0] | Precisión: 0.91 | Hamming: 3
------------------------------------------------------------
[3] Bob (clave errada) --> [0 0 1 0 1 1 1 1 1 1 1 0 0 0 1 0 0 1 1 1 1 1 0 0 1 0 1 0 0 0 1 0] | Precisión: 0.97 | Hamming: 1
------------------------------------------------------------
[4] Bob (clave errada) --> [1 0 0 1 0 1 1 0 0 0 0 1 1 1 1 0 1 0 0 1 1 0 0 1 1 1 1 1 0 1 0 1] | Precisión: 0.97 | Hamming: 1
------------------------------------------------------------
[5] Bob (clave errada) --> [0 0 0 0 1 1 1 0 0 0 1 1 0 0 1 0 1 0 1 0 1 0 1 0 1 0 1 0 1 1 1 1] | Precisión: 0.97 | Hamming: 1
------------------------------------------------------------
[6] Bob (clave errada) --> [0 1 0 0 0 0 1 0 1 1 1 0 1 0 0 1 0 1 1 0 1 0 1 1 0 1 1 0 1 1 0 0] | Precisión: 1.00 | Hamming: 0
------------------------------------------------------------
[7] Bob (clave errada) --> [0 1 1 0 1 1 1 1 0 1 1 1 1 1 0 1 0 1 0 0 1 1 0 1 0 0 0 1 1 0 1 0] | Precisión: 0.84 | Hamming: 5
------------------------------------------------------------
[8] Bob (clave errada) --> [0 1 1 0 1 0 1 0 1 1 1 0 0 0 0 1 0 1 1 0 1 1 0 1 1 0 1 0 0 1 1 0] | Precisión: 1.00 | Hamming: 0
------------------------------------------------------------
[9] Bob (clave errada) --> [1 1 1 0 1 1 1 1 1 0 1 0 1 0 1 0 0 0 0 1 0 1 0 0 0 1 0 1 1 0 0 1] | Precisión: 0.84 | Hamming: 5
------------------------------------------------------------
[10] Bob (clave errada) --> [1 1 1 1 1 0 0 0 0 1 0 0 1 1 0 1 1 0 0 1 0 1 1 1 1 1 0 0 1 1 1 0] | Precisión: 0.94 | Hamming: 2
------------------------------------------------------------

RESULTADOS CON CLAVES ERRÓNEAS

Bob -> Precisión media (clave errada): 0.9344 | Hamming media: 2.10
Bob -> Reconstrucciones perfectas (con clave errada): 2



EVALUACIÓN CON 1200:

Original     --> [0 1 0 0 1 1 1 0 0 0 1 1 0 1 0 0 1 0 0 0 1 0 1 1 1 1 0 0 1 0 0 0]
Reconstruido --> [1 1 0 0 1 1 1 0 0 0 1 1 0 1 0 0 1 0 0 0 1 0 1 1 1 1 0 0 1 0 1 0] | Precisión: 0.94
Distancia de Hamming: 2
--------------------------------------------------
Original     --> [1 0 0 0 1 1 1 0 1 0 1 0 1 1 0 0 0 0 1 0 1 1 1 0 0 0 0 0 0 0 0 0]
Reconstruido --> [1 0 0 0 1 1 1 0 1 0 1 0 1 1 1 0 0 0 1 0 1 1 1 0 0 0 0 0 0 0 0 0] | Precisión: 0.97
Distancia de Hamming: 1
--------------------------------------------------
Original     --> [0 1 1 0 0 1 0 1 1 1 0 0 0 1 0 1 1 1 1 0 1 1 1 0 1 0 0 0 1 1 1 1]
Reconstruido --> [0 1 1 0 0 1 0 1 1 1 0 0 0 1 0 1 1 1 1 0 1 1 1 0 1 0 0 0 0 1 1 1] | Precisión: 0.97
Distancia de Hamming: 1
--------------------------------------------------
Original     --> [1 1 0 1 0 0 0 1 0 0 1 1 0 1 0 1 0 1 1 1 0 1 1 1 0 1 1 1 1 1 0 0]
Reconstruido --> [1 1 0 1 0 0 0 1 0 0 1 1 0 1 0 1 0 1 1 1 0 1 1 1 0 1 1 1 1 1 0 0] | Precisión: 1.00
Distancia de Hamming: 0
--------------------------------------------------
Original     --> [0 0 1 1 1 1 1 0 1 0 0 1 1 1 0 0 0 0 0 0 0 0 1 1 1 0 1 0 1 0 0 1]
Reconstruido --> [1 0 1 1 1 1 1 0 1 0 0 1 1 1 0 0 0 0 0 1 0 0 1 1 1 0 1 0 1 0 0 1] | Precisión: 0.94
Distancia de Hamming: 2
--------------------------------------------------
Original     --> [1 0 0 1 1 1 0 0 1 1 1 0 0 1 1 0 1 0 0 0 1 0 0 0 0 0 1 1 1 0 0 1]
Reconstruido --> [1 0 0 1 1 1 0 0 1 1 1 0 0 1 1 0 1 0 0 0 1 0 0 0 0 0 1 1 1 0 0 1] | Precisión: 1.00
Distancia de Hamming: 0
--------------------------------------------------
Original     --> [0 1 0 0 1 0 1 1 1 1 1 1 0 1 1 0 1 0 0 1 1 0 0 0 0 1 1 1 1 0 1 1]
Reconstruido --> [0 1 0 0 1 0 1 1 1 1 1 1 0 1 1 0 1 0 0 1 1 0 0 0 0 1 0 1 1 1 1 0] | Precisión: 0.91
Distancia de Hamming: 3
--------------------------------------------------
Original     --> [0 0 1 0 1 1 0 0 1 1 0 1 1 0 0 0 1 0 1 0 0 0 1 1 1 1 0 1 0 0 0 1]
Reconstruido --> [1 0 1 0 1 1 0 0 1 1 1 1 1 0 0 0 1 0 1 0 0 0 0 0 1 1 0 0 0 0 0 1] | Precisión: 0.84
Distancia de Hamming: 5
--------------------------------------------------
Original     --> [1 1 1 0 1 1 1 0 0 0 0 0 1 0 0 1 0 0 1 1 0 1 0 0 1 0 1 1 1 0 1 1]
Reconstruido --> [0 1 0 1 1 1 1 0 0 0 0 0 1 0 0 0 0 0 1 1 0 1 0 0 1 0 1 1 1 0 1 1] | Precisión: 0.88
Distancia de Hamming: 4
--------------------------------------------------
Original     --> [1 1 1 0 0 0 0 0 1 0 1 1 0 0 0 1 0 1 1 0 1 0 1 0 1 0 1 1 1 0 1 1]
Reconstruido --> [0 1 0 1 0 0 0 0 1 0 1 1 0 0 0 0 0 1 1 0 1 0 1 0 1 0 1 1 1 1 1 1] | Precisión: 0.84
Distancia de Hamming: 5
--------------------------------------------------
La media de la precisión del descifrado es 0.9261
Distancia media de Hamming = 2.3644 | Número de bits: 32
Número de reconstrucciones perfectas = 1971



 EVALUACIÓN DE BOB CON CLAVES ERRÓNEAS

[1] Bob (clave errada) --> [1 1 0 1 1 1 1 0 0 1 1 1 0 1 0 0 1 0 0 0 1 0 1 1 1 1 0 0 1 0 1 0] | Precisión: 0.88 | Hamming: 4
------------------------------------------------------------
[2] Bob (clave errada) --> [1 0 0 0 1 1 1 0 1 0 1 0 1 1 1 0 0 0 1 0 1 1 1 0 0 0 0 0 0 0 1 0] | Precisión: 0.94 | Hamming: 2
------------------------------------------------------------
[3] Bob (clave errada) --> [0 1 1 0 0 1 0 1 1 1 0 0 0 1 0 1 1 0 1 0 1 1 1 0 1 0 0 0 0 1 1 1] | Precisión: 0.94 | Hamming: 2
------------------------------------------------------------
[4] Bob (clave errada) --> [1 1 0 1 0 0 0 1 0 0 1 1 0 1 0 1 0 1 1 1 0 1 1 1 0 1 1 1 1 1 0 0] | Precisión: 1.00 | Hamming: 0
------------------------------------------------------------
[5] Bob (clave errada) --> [1 0 1 1 1 1 1 0 1 0 0 1 1 1 0 0 0 0 0 0 0 0 1 1 1 0 1 0 1 0 0 1] | Precisión: 0.97 | Hamming: 1
------------------------------------------------------------
[6] Bob (clave errada) --> [1 0 0 1 1 1 0 0 1 1 1 0 0 0 1 0 1 0 0 0 1 0 0 0 0 0 1 1 1 0 0 1] | Precisión: 0.97 | Hamming: 1
------------------------------------------------------------
[7] Bob (clave errada) --> [0 1 0 0 1 0 1 1 1 1 1 1 0 1 1 0 1 0 0 1 1 0 0 0 0 1 0 1 1 1 1 0] | Precisión: 0.91 | Hamming: 3
------------------------------------------------------------
[8] Bob (clave errada) --> [1 1 1 0 1 1 0 0 1 1 1 1 1 0 0 0 1 0 1 0 0 0 0 1 1 1 0 0 0 0 0 1] | Precisión: 0.84 | Hamming: 5
------------------------------------------------------------
[9] Bob (clave errada) --> [0 1 0 1 1 1 1 0 0 0 0 0 1 0 0 1 0 0 0 1 0 1 0 0 1 0 1 1 1 0 1 1] | Precisión: 0.88 | Hamming: 4
------------------------------------------------------------
[10] Bob (clave errada) --> [1 1 1 1 0 0 0 0 1 0 1 1 0 0 0 0 0 1 1 0 1 0 1 0 1 0 1 1 1 1 1 1] | Precisión: 0.91 | Hamming: 3
------------------------------------------------------------

RESULTADOS CON CLAVES ERRÓNEAS

Bob -> Precisión media (clave errada): 0.9219 | Hamming media: 2.50
Bob -> Reconstrucciones perfectas (con clave errada): 1



EVALUACIÓN CON 1500:

Original     --> [0 1 1 0 0 1 1 1 0 1 1 0 1 1 0 0 1 0 0 0 1 1 0 0 1 0 0 1 1 1 0 0]
Reconstruido --> [0 1 1 0 0 0 1 1 1 1 1 0 1 1 1 0 1 0 0 0 1 1 0 0 1 0 0 1 0 1 0 0] | Precisión: 0.88
Distancia de Hamming: 4
--------------------------------------------------
Original     --> [0 0 1 0 0 1 0 1 0 0 1 0 1 0 0 0 0 1 0 0 1 1 0 1 1 1 0 1 0 1 0 0]
Reconstruido --> [0 0 1 0 0 1 0 1 0 0 1 0 1 0 1 0 0 1 0 0 1 1 0 1 1 1 0 0 0 1 0 0] | Precisión: 0.94
Distancia de Hamming: 2
--------------------------------------------------
Original     --> [0 1 1 0 0 1 1 1 0 0 1 1 1 1 1 1 0 1 1 0 1 0 1 0 0 0 1 0 1 1 1 1]
Reconstruido --> [0 1 1 0 0 1 1 1 0 0 1 1 1 1 1 1 0 1 1 0 1 0 1 0 0 0 1 0 1 1 0 1] | Precisión: 0.97
Distancia de Hamming: 1
--------------------------------------------------
Original     --> [0 0 1 1 0 1 1 0 1 0 1 1 0 0 1 0 1 0 0 1 0 1 1 1 0 0 0 1 0 0 0 1]
Reconstruido --> [0 0 1 1 0 1 1 0 1 0 1 1 0 1 1 1 1 0 0 0 1 1 0 1 0 0 0 1 0 0 1 1] | Precisión: 0.81
Distancia de Hamming: 6
--------------------------------------------------
Original     --> [0 1 0 1 0 0 0 0 1 1 1 1 0 0 0 1 0 1 1 0 0 0 1 0 0 1 1 0 1 1 0 0]
Reconstruido --> [0 1 0 1 0 0 0 0 1 1 1 1 0 0 0 1 0 1 1 0 0 0 1 0 0 1 1 0 1 1 0 0] | Precisión: 1.00
Distancia de Hamming: 0
--------------------------------------------------
Original     --> [0 0 0 1 1 0 1 0 1 1 0 1 0 1 0 0 0 0 0 1 0 1 1 1 0 0 0 1 1 1 0 1]
Reconstruido --> [0 0 0 1 1 0 1 0 1 1 0 1 0 1 0 0 0 0 0 1 0 1 1 0 0 0 0 1 1 1 1 1] | Precisión: 0.94
Distancia de Hamming: 2
--------------------------------------------------
Original     --> [0 1 0 0 1 1 1 1 1 1 1 1 1 0 0 1 0 0 1 0 0 0 0 0 0 1 0 0 0 0 0 0]
Reconstruido --> [0 1 1 0 1 1 1 1 1 1 1 1 1 0 0 0 0 0 0 0 0 0 0 0 0 0 0 0 0 0 0 0] | Precisión: 0.88
Distancia de Hamming: 4
--------------------------------------------------
Original     --> [0 1 1 1 1 1 1 1 1 0 0 1 1 0 0 0 1 0 0 0 0 0 1 1 0 1 0 1 0 1 0 0]
Reconstruido --> [0 1 1 1 1 1 1 1 1 0 0 1 1 0 0 0 1 0 0 0 0 0 1 1 0 1 0 1 0 1 1 0] | Precisión: 0.97
Distancia de Hamming: 1
--------------------------------------------------
Original     --> [0 0 1 1 0 1 0 0 1 1 1 0 1 1 0 1 1 1 1 1 0 1 1 0 1 1 0 1 1 0 0 0]
Reconstruido --> [0 0 1 1 0 1 0 0 1 1 1 0 0 1 0 1 0 1 0 1 0 0 1 1 1 1 1 1 1 0 0 0] | Precisión: 0.81
Distancia de Hamming: 6
--------------------------------------------------
Original     --> [0 0 0 1 0 1 0 1 0 1 1 0 1 1 1 0 0 1 0 0 0 0 1 0 0 1 0 1 1 1 0 1]
Reconstruido --> [1 0 0 1 0 0 0 1 1 1 1 0 1 0 1 0 0 1 0 0 0 0 0 0 0 1 0 0 1 0 0 1] | Precisión: 0.78
Distancia de Hamming: 7
--------------------------------------------------
La media de la precisión del descifrado es 0.9256
Distancia media de Hamming = 2.3806 | Número de bits: 32
Número de reconstrucciones perfectas = 1711



 EVALUACIÓN DE BOB CON CLAVES ERRÓNEAS

[1] Bob (clave errada) --> [0 1 1 0 0 1 1 1 1 1 1 0 1 1 1 0 1 0 0 1 1 1 0 0 1 0 0 1 1 1 0 0] | Precisión: 0.91 | Hamming: 3
------------------------------------------------------------
[2] Bob (clave errada) --> [0 0 1 0 0 1 0 1 0 0 1 0 1 0 0 0 0 1 0 0 1 1 0 1 1 1 0 1 0 1 0 0] | Precisión: 1.00 | Hamming: 0
------------------------------------------------------------
[3] Bob (clave errada) --> [0 1 1 0 0 1 1 1 0 0 1 1 1 1 1 1 0 1 1 1 1 0 1 0 0 0 1 0 1 1 1 1] | Precisión: 0.97 | Hamming: 1
------------------------------------------------------------
[4] Bob (clave errada) --> [0 0 1 1 0 1 1 0 1 0 1 1 1 1 1 1 1 0 0 1 1 1 1 1 0 0 0 1 0 0 1 1] | Precisión: 0.84 | Hamming: 5
------------------------------------------------------------
[5] Bob (clave errada) --> [0 1 0 1 0 0 0 0 0 1 1 1 0 0 0 0 0 1 1 0 0 0 1 0 0 1 1 0 1 1 0 0] | Precisión: 0.94 | Hamming: 2
------------------------------------------------------------
[6] Bob (clave errada) --> [0 0 0 1 1 0 1 1 1 1 0 1 0 1 0 0 0 0 0 1 0 1 1 1 0 0 0 1 1 1 1 1] | Precisión: 0.94 | Hamming: 2
------------------------------------------------------------
[7] Bob (clave errada) --> [0 1 1 0 1 1 1 1 0 1 1 1 1 0 0 0 0 0 0 0 0 0 0 0 0 1 0 0 0 0 0 0] | Precisión: 0.88 | Hamming: 4
------------------------------------------------------------
[8] Bob (clave errada) --> [0 1 1 1 1 1 1 1 1 0 0 1 1 0 0 0 1 0 0 0 0 0 1 1 0 1 0 1 0 1 1 0] | Precisión: 0.97 | Hamming: 1
------------------------------------------------------------
[9] Bob (clave errada) --> [0 0 1 1 0 1 0 0 1 1 1 0 0 1 0 1 0 1 1 1 0 0 1 1 1 1 1 1 1 0 1 0] | Precisión: 0.81 | Hamming: 6
------------------------------------------------------------
[10] Bob (clave errada) --> [1 0 0 1 0 0 0 1 1 1 1 0 1 0 1 0 0 1 1 0 0 0 0 0 0 1 0 0 1 0 0 1] | Precisión: 0.75 | Hamming: 8
------------------------------------------------------------

RESULTADOS CON CLAVES ERRÓNEAS

Bob -> Precisión media (clave errada): 0.9000 | Hamming media: 3.20
Bob -> Reconstrucciones perfectas (con clave errada): 1



EVALUACIÓN CON 1800:

Original     --> [0 1 0 1 1 1 1 0 0 0 1 0 1 1 1 0 1 0 1 0 1 1 0 1 0 0 1 0 0 0 1 1]
Reconstruido --> [0 1 0 1 1 1 1 0 0 0 1 0 1 1 1 0 1 0 0 0 1 1 0 1 0 0 0 0 0 0 1 1] | Precisión: 0.94
Distancia de Hamming: 2
--------------------------------------------------
Original     --> [0 0 0 0 1 1 1 1 0 1 1 1 0 1 0 1 0 1 0 0 1 1 0 1 0 1 0 0 0 0 0 0]
Reconstruido --> [0 0 0 0 1 1 1 1 0 1 0 1 0 0 0 1 1 1 0 0 1 1 0 1 0 1 0 0 0 0 0 0] | Precisión: 0.91
Distancia de Hamming: 3
--------------------------------------------------
Original     --> [1 1 1 0 0 1 0 1 0 1 0 1 1 1 0 1 1 1 0 0 1 1 0 1 1 1 0 1 1 1 0 0]
Reconstruido --> [1 1 1 0 0 1 0 1 0 1 0 1 1 1 0 1 1 1 0 0 1 1 0 1 1 1 0 1 0 1 0 0] | Precisión: 0.97
Distancia de Hamming: 1
--------------------------------------------------
Original     --> [1 0 1 0 0 0 1 1 0 1 1 0 0 1 1 1 1 0 1 0 0 1 1 1 0 1 0 0 0 0 1 1]
Reconstruido --> [1 0 1 0 0 0 1 1 0 1 1 1 0 1 1 1 1 0 1 0 0 1 1 1 0 1 0 0 0 1 1 1] | Precisión: 0.94
Distancia de Hamming: 2
--------------------------------------------------
Original     --> [1 0 0 0 1 1 0 1 0 1 0 1 1 0 0 0 0 0 1 0 0 0 0 0 1 0 0 1 1 1 1 0]
Reconstruido --> [1 0 0 0 1 1 0 1 0 1 0 1 1 1 0 0 0 0 1 0 0 0 0 0 1 0 0 1 1 1 1 0] | Precisión: 0.97
Distancia de Hamming: 1
--------------------------------------------------
Original     --> [0 0 0 1 1 1 1 1 0 0 1 1 1 1 1 1 1 0 0 1 0 1 1 1 1 1 0 1 1 0 1 0]
Reconstruido --> [0 0 0 1 1 1 1 1 0 0 1 1 1 1 1 1 1 0 0 1 0 1 1 1 1 1 0 1 1 0 0 0] | Precisión: 0.97
Distancia de Hamming: 1
--------------------------------------------------
Original     --> [1 0 1 0 1 1 1 1 0 1 0 0 0 0 1 1 0 0 0 0 0 0 0 1 0 0 0 0 0 0 1 0]
Reconstruido --> [1 0 1 0 1 1 1 1 0 1 0 0 0 0 1 0 0 1 1 0 0 1 0 1 0 0 0 0 0 0 1 0] | Precisión: 0.88
Distancia de Hamming: 4
--------------------------------------------------
Original     --> [1 0 1 1 1 0 0 1 0 0 1 1 1 1 0 0 0 1 1 0 1 0 0 0 0 1 0 1 0 0 1 0]
Reconstruido --> [1 0 1 1 1 0 0 1 0 1 1 1 1 0 0 0 0 1 1 0 1 0 0 0 0 1 0 1 0 0 1 0] | Precisión: 0.94
Distancia de Hamming: 2
--------------------------------------------------
Original     --> [0 1 1 0 1 0 1 0 1 1 0 1 1 1 0 1 1 1 1 0 0 1 1 1 1 0 0 1 0 0 0 0]
Reconstruido --> [0 1 1 0 1 0 1 0 1 1 0 1 1 1 0 1 1 1 1 0 0 1 1 1 1 0 0 1 0 0 0 0] | Precisión: 1.00
Distancia de Hamming: 0
--------------------------------------------------
Original     --> [1 0 1 1 0 1 1 1 1 0 1 0 1 1 0 0 0 0 0 1 1 0 0 0 0 1 0 1 0 1 0 0]
Reconstruido --> [1 0 1 1 0 1 1 1 1 0 1 0 1 1 0 0 0 0 0 1 1 0 0 0 0 1 0 1 0 1 0 0] | Precisión: 1.00
Distancia de Hamming: 0
--------------------------------------------------
La media de la precisión del descifrado es 0.9425
Distancia media de Hamming = 1.8403 | Número de bits: 32
Número de reconstrucciones perfectas = 3155



 EVALUACIÓN DE BOB CON CLAVES ERRÓNEAS

[1] Bob (clave errada) --> [0 1 0 1 1 1 1 0 0 0 1 0 1 1 1 0 1 0 1 0 1 1 0 1 0 0 0 0 0 0 1 1] | Precisión: 0.97 | Hamming: 1
------------------------------------------------------------
[2] Bob (clave errada) --> [0 0 0 0 1 1 1 1 0 1 1 1 0 1 0 1 1 1 0 0 1 1 0 1 0 1 0 0 0 1 0 0] | Precisión: 0.94 | Hamming: 2
------------------------------------------------------------
[3] Bob (clave errada) --> [1 1 1 0 0 1 0 1 0 1 0 1 1 1 0 1 1 1 0 0 1 1 0 1 1 1 0 0 0 1 0 0] | Precisión: 0.94 | Hamming: 2
------------------------------------------------------------
[4] Bob (clave errada) --> [1 0 0 0 0 0 1 0 0 1 1 1 0 1 1 0 1 0 1 0 0 1 1 1 0 1 0 0 0 0 1 1] | Precisión: 0.88 | Hamming: 4
------------------------------------------------------------
[5] Bob (clave errada) --> [1 0 0 0 1 1 0 1 0 1 0 0 0 0 0 0 0 0 1 0 0 0 0 0 1 0 0 1 1 0 1 0] | Precisión: 0.91 | Hamming: 3
------------------------------------------------------------
[6] Bob (clave errada) --> [0 0 0 1 1 1 1 1 0 0 1 1 1 1 1 1 1 0 0 1 0 1 1 1 1 1 0 1 1 0 0 0] | Precisión: 0.97 | Hamming: 1
------------------------------------------------------------
[7] Bob (clave errada) --> [1 0 1 0 0 1 1 1 0 1 0 0 0 0 1 0 0 1 0 0 0 0 0 1 0 0 0 0 0 0 0 0] | Precisión: 0.88 | Hamming: 4
------------------------------------------------------------
[8] Bob (clave errada) --> [1 0 1 1 1 0 0 1 0 1 0 1 1 0 0 0 0 1 1 0 1 0 0 0 0 1 0 1 0 0 1 0] | Precisión: 0.91 | Hamming: 3
------------------------------------------------------------
[9] Bob (clave errada) --> [0 1 0 0 1 0 1 0 1 1 0 1 1 1 0 1 1 1 1 0 0 1 1 1 1 0 0 0 0 0 0 0] | Precisión: 0.94 | Hamming: 2
------------------------------------------------------------
[10] Bob (clave errada) --> [1 0 1 1 0 1 0 1 1 0 0 0 1 1 0 0 0 0 0 1 1 0 0 0 0 1 0 1 0 1 0 0] | Precisión: 0.94 | Hamming: 2
------------------------------------------------------------

RESULTADOS CON CLAVES ERRÓNEAS

Bob -> Precisión media (clave errada): 0.9250 | Hamming media: 2.40
Bob -> Reconstrucciones perfectas (con clave errada): 0



EVALUACIÓN CON 2100:

Original     --> [0 1 1 0 1 1 0 1 1 1 1 0 0 0 0 0 0 1 1 1 0 0 0 0 0 1 1 0 1 0 0 1]
Reconstruido --> [0 1 1 0 1 1 0 1 1 1 1 0 0 0 0 0 0 1 1 1 0 0 0 0 0 1 1 0 1 0 0 1] | Precisión: 1.00
Distancia de Hamming: 0
--------------------------------------------------
Original     --> [0 0 1 0 0 1 1 0 1 1 0 1 1 0 0 0 0 0 1 0 0 0 0 0 1 1 0 0 1 1 0 0]
Reconstruido --> [0 0 1 0 0 1 1 0 1 1 0 1 1 0 0 0 0 0 1 0 0 0 0 0 1 1 0 0 1 1 0 0] | Precisión: 1.00
Distancia de Hamming: 0
--------------------------------------------------
Original     --> [1 1 1 1 1 1 0 1 1 1 1 1 0 0 1 0 0 1 0 0 0 0 0 0 1 1 0 1 1 0 1 0]
Reconstruido --> [1 1 1 1 1 1 0 1 1 1 1 1 0 0 1 0 0 1 0 0 0 0 0 0 1 1 0 1 0 0 1 0] | Precisión: 0.97
Distancia de Hamming: 1
--------------------------------------------------
Original     --> [0 1 0 0 1 1 0 1 0 0 0 1 1 0 0 1 0 1 0 0 1 1 0 1 1 1 1 0 1 0 0 1]
Reconstruido --> [0 1 0 0 1 1 0 1 0 0 0 1 1 0 0 1 0 1 0 0 1 1 0 1 1 1 1 0 1 0 0 1] | Precisión: 1.00
Distancia de Hamming: 0
--------------------------------------------------
Original     --> [0 1 0 1 0 0 1 1 1 1 0 0 0 1 1 0 1 0 1 1 1 0 1 0 0 0 1 1 1 0 1 0]
Reconstruido --> [0 0 0 1 0 0 1 1 1 1 0 0 0 1 1 0 1 0 1 1 1 0 1 0 0 0 1 1 1 0 1 0] | Precisión: 0.97
Distancia de Hamming: 1
--------------------------------------------------
Original     --> [1 0 1 0 0 0 1 1 0 1 0 1 1 1 1 0 0 0 0 1 0 0 1 1 0 1 1 1 0 0 1 0]
Reconstruido --> [1 0 1 0 1 1 1 1 0 1 0 1 1 1 1 0 0 0 0 1 0 1 1 1 0 0 0 1 0 0 1 0] | Precisión: 0.84
Distancia de Hamming: 5
--------------------------------------------------
Original     --> [1 0 0 0 1 0 1 1 1 1 1 1 1 1 1 0 0 1 0 1 1 1 0 1 1 0 1 1 1 0 1 0]
Reconstruido --> [1 0 0 0 1 0 1 1 1 1 1 1 1 1 1 0 0 1 0 1 1 1 1 1 1 0 1 1 1 0 1 0] | Precisión: 0.97
Distancia de Hamming: 1
--------------------------------------------------
Original     --> [0 0 1 0 0 1 1 1 1 0 0 1 1 0 0 1 0 1 0 0 0 1 0 1 1 0 1 1 0 1 0 1]
Reconstruido --> [0 0 1 0 0 1 1 1 1 0 0 1 1 0 0 1 0 1 0 0 0 1 0 1 1 0 1 1 0 1 0 1] | Precisión: 1.00
Distancia de Hamming: 0
--------------------------------------------------
Original     --> [0 0 1 0 0 0 0 1 1 1 1 0 0 0 1 1 0 0 0 1 0 1 0 1 0 1 1 1 1 0 1 0]
Reconstruido --> [0 0 0 0 0 0 0 1 1 1 1 1 0 0 1 1 0 0 0 1 0 1 0 1 0 0 1 1 1 0 1 1] | Precisión: 0.88
Distancia de Hamming: 4
--------------------------------------------------
Original     --> [1 0 1 0 0 0 0 1 0 0 0 0 1 1 0 0 0 1 1 0 0 1 1 1 1 0 0 1 0 0 1 0]
Reconstruido --> [1 0 1 0 0 0 0 1 0 0 0 0 1 1 0 0 0 1 1 0 0 1 1 1 1 0 0 1 0 0 1 0] | Precisión: 1.00
Distancia de Hamming: 0
--------------------------------------------------
La media de la precisión del descifrado es 0.9582
Distancia media de Hamming = 1.3364 | Número de bits: 32
Número de reconstrucciones perfectas = 4509



 EVALUACIÓN DE BOB CON CLAVES ERRÓNEAS

[1] Bob (clave errada) --> [0 1 1 0 1 1 0 1 1 1 1 0 0 0 0 0 0 1 1 1 0 0 0 0 0 1 1 0 1 0 0 1] | Precisión: 1.00 | Hamming: 0
------------------------------------------------------------
[2] Bob (clave errada) --> [0 0 1 0 0 1 1 0 1 1 0 1 1 0 0 0 0 0 1 0 0 0 0 0 1 1 0 0 1 1 0 0] | Precisión: 1.00 | Hamming: 0
------------------------------------------------------------
[3] Bob (clave errada) --> [1 1 1 1 1 1 0 1 1 1 1 1 0 0 1 0 0 1 0 0 0 0 0 0 1 1 0 1 1 0 1 0] | Precisión: 1.00 | Hamming: 0
------------------------------------------------------------
[4] Bob (clave errada) --> [0 1 0 0 1 1 0 1 0 0 0 1 1 0 0 1 0 1 1 0 1 1 0 1 1 1 1 0 1 0 0 1] | Precisión: 0.97 | Hamming: 1
------------------------------------------------------------
[5] Bob (clave errada) --> [0 0 0 1 1 1 1 1 1 1 0 0 0 1 1 0 1 0 1 1 1 0 1 0 0 0 1 1 1 0 1 0] | Precisión: 0.91 | Hamming: 3
------------------------------------------------------------
[6] Bob (clave errada) --> [1 0 1 0 1 0 1 1 0 1 0 1 1 1 1 0 0 0 0 1 0 1 1 0 0 0 0 1 0 0 1 0] | Precisión: 0.84 | Hamming: 5
------------------------------------------------------------
[7] Bob (clave errada) --> [1 0 0 0 1 0 1 1 1 1 1 1 1 1 1 0 0 1 0 1 1 1 1 1 1 1 1 1 1 0 1 0] | Precisión: 0.94 | Hamming: 2
------------------------------------------------------------
[8] Bob (clave errada) --> [0 0 1 0 0 1 1 1 1 0 0 1 1 0 0 1 0 1 0 0 0 1 0 1 1 0 1 1 0 1 0 1] | Precisión: 1.00 | Hamming: 0
------------------------------------------------------------
[9] Bob (clave errada) --> [0 0 0 0 0 1 0 1 1 1 1 1 0 0 1 1 0 0 0 1 0 1 0 1 0 1 1 1 1 0 1 1] | Precisión: 0.88 | Hamming: 4
------------------------------------------------------------
[10] Bob (clave errada) --> [1 0 1 0 0 0 0 1 0 0 0 0 1 1 0 0 0 1 1 0 0 1 1 1 1 0 0 1 0 0 1 0] | Precisión: 1.00 | Hamming: 0
------------------------------------------------------------

RESULTADOS CON CLAVES ERRÓNEAS

Bob -> Precisión media (clave errada): 0.9531 | Hamming media: 1.50
Bob -> Reconstrucciones perfectas (con clave errada): 5



EVALUACIÓN CON 2400:

Original     --> [1 1 0 0 0 1 1 0 1 1 1 1 1 0 0 0 0 0 1 1 0 1 1 0 1 0 1 1 1 1 0 1]
Reconstruido --> [1 1 0 0 0 1 1 0 1 1 1 1 1 0 0 0 0 0 1 1 0 1 1 0 1 0 1 1 1 1 0 1] | Precisión: 1.00
Distancia de Hamming: 0
--------------------------------------------------
Original     --> [1 1 0 1 1 1 0 1 0 0 0 0 1 0 1 0 0 0 1 1 1 1 1 1 1 0 1 0 1 0 1 1]
Reconstruido --> [1 1 0 1 1 1 0 1 0 0 0 0 1 0 1 0 0 0 1 1 1 1 1 1 1 0 1 0 1 0 1 1] | Precisión: 1.00
Distancia de Hamming: 0
--------------------------------------------------
Original     --> [1 1 0 0 1 0 0 0 0 0 1 0 0 0 0 0 0 0 0 0 0 1 1 0 0 0 0 0 0 0 0 0]
Reconstruido --> [1 1 0 0 1 0 0 0 0 0 1 0 0 0 0 0 0 0 0 0 0 1 1 0 0 0 0 0 0 0 0 0] | Precisión: 1.00
Distancia de Hamming: 0
--------------------------------------------------
Original     --> [0 1 1 1 0 1 1 1 1 1 1 1 1 1 1 1 1 0 1 1 0 0 1 1 0 1 0 1 1 0 0 0]
Reconstruido --> [0 1 1 1 0 1 1 1 1 1 1 1 1 1 1 1 1 1 1 1 0 0 1 1 0 1 0 1 0 0 0 0] | Precisión: 0.94
Distancia de Hamming: 2
--------------------------------------------------
Original     --> [0 0 1 0 1 0 0 1 1 1 0 1 1 0 0 1 1 0 0 1 1 0 0 0 0 1 1 1 0 0 0 0]
Reconstruido --> [0 0 1 0 0 0 0 1 1 1 0 1 1 0 0 1 1 0 0 1 1 0 1 0 0 1 1 1 0 0 0 0] | Precisión: 0.94
Distancia de Hamming: 2
--------------------------------------------------
Original     --> [1 0 1 0 1 1 0 0 1 1 1 0 1 0 1 1 0 0 1 1 1 1 1 1 1 0 0 0 0 0 1 0]
Reconstruido --> [1 0 0 0 1 1 0 0 1 1 1 0 1 0 1 1 0 0 1 1 1 1 1 1 1 0 0 0 0 0 1 0] | Precisión: 0.97
Distancia de Hamming: 1
--------------------------------------------------
Original     --> [1 1 0 0 1 0 0 1 1 1 1 0 1 1 0 0 0 1 1 0 1 0 0 1 0 0 0 1 0 0 0 1]
Reconstruido --> [1 1 0 0 1 0 0 1 1 1 1 0 1 1 0 0 0 1 1 0 1 0 0 1 0 0 0 1 0 0 0 1] | Precisión: 1.00
Distancia de Hamming: 0
--------------------------------------------------
Original     --> [0 0 1 0 1 0 0 0 0 0 0 1 0 1 0 1 0 0 0 0 0 0 1 0 1 0 1 0 1 1 1 0]
Reconstruido --> [0 0 1 0 1 0 0 0 0 0 0 1 0 1 0 1 0 0 0 0 0 0 1 0 1 0 1 0 1 1 1 0] | Precisión: 1.00
Distancia de Hamming: 0
--------------------------------------------------
Original     --> [0 1 0 0 0 0 1 1 0 1 1 0 0 0 1 1 1 0 0 1 1 1 1 0 0 1 0 0 0 1 1 0]
Reconstruido --> [0 1 0 0 0 1 1 1 0 1 1 0 0 0 1 1 1 0 0 1 1 1 1 0 0 1 0 0 0 1 1 0] | Precisión: 0.97
Distancia de Hamming: 1
--------------------------------------------------
Original     --> [0 1 0 1 1 1 1 1 1 0 0 0 1 1 1 1 1 0 1 0 0 1 1 0 1 1 1 0 1 1 0 0]
Reconstruido --> [0 1 0 1 1 1 1 1 1 0 0 0 0 1 1 0 1 0 1 0 1 1 1 0 1 1 1 0 1 1 0 0] | Precisión: 0.91
Distancia de Hamming: 3
--------------------------------------------------
La media de la precisión del descifrado es 0.9542
Distancia media de Hamming = 1.4668 | Número de bits: 32
Número de reconstrucciones perfectas = 4030



 EVALUACIÓN DE BOB CON CLAVES ERRÓNEAS

[1] Bob (clave errada) --> [1 1 0 0 0 1 1 1 1 1 1 1 1 0 0 0 0 0 1 1 0 1 1 0 1 0 1 1 1 1 0 1] | Precisión: 0.97 | Hamming: 1
------------------------------------------------------------
[2] Bob (clave errada) --> [1 1 0 1 1 1 0 1 0 0 0 0 1 0 1 0 0 0 1 1 1 1 1 1 1 0 1 0 1 0 1 1] | Precisión: 1.00 | Hamming: 0
------------------------------------------------------------
[3] Bob (clave errada) --> [1 1 0 0 1 0 0 0 0 0 1 0 0 0 0 0 0 0 0 0 0 1 1 0 0 0 0 0 0 0 0 0] | Precisión: 1.00 | Hamming: 0
------------------------------------------------------------
[4] Bob (clave errada) --> [0 1 1 1 0 1 1 1 1 1 1 1 1 1 1 1 1 1 1 1 0 0 1 1 0 1 0 1 0 0 0 0] | Precisión: 0.94 | Hamming: 2
------------------------------------------------------------
[5] Bob (clave errada) --> [0 0 1 0 1 0 0 1 1 1 0 1 1 0 0 1 1 0 0 1 1 0 1 0 0 1 1 1 0 0 0 0] | Precisión: 0.97 | Hamming: 1
------------------------------------------------------------
[6] Bob (clave errada) --> [1 0 0 0 1 1 0 1 1 1 1 1 1 0 1 1 0 0 1 1 1 1 1 1 1 0 1 0 0 0 1 0] | Precisión: 0.88 | Hamming: 4
------------------------------------------------------------
[7] Bob (clave errada) --> [1 1 0 0 1 0 0 1 1 1 1 0 1 1 0 0 0 1 1 0 1 0 0 1 0 0 0 1 0 0 0 1] | Precisión: 1.00 | Hamming: 0
------------------------------------------------------------
[8] Bob (clave errada) --> [0 0 1 0 1 0 0 1 1 0 0 1 0 1 0 1 0 0 0 0 0 0 1 0 1 0 1 0 1 1 1 0] | Precisión: 0.94 | Hamming: 2
------------------------------------------------------------
[9] Bob (clave errada) --> [0 1 0 0 0 0 1 1 0 1 1 0 0 0 1 1 0 0 0 1 1 1 1 0 0 1 0 0 0 1 1 0] | Precisión: 0.97 | Hamming: 1
------------------------------------------------------------
[10] Bob (clave errada) --> [0 1 0 1 1 1 1 1 1 0 0 0 1 1 1 1 1 1 1 0 1 1 1 0 1 1 1 0 1 1 1 0] | Precisión: 0.91 | Hamming: 3
------------------------------------------------------------

RESULTADOS CON CLAVES ERRÓNEAS

Bob -> Precisión media (clave errada): 0.9563 | Hamming media: 1.40
Bob -> Reconstrucciones perfectas (con clave errada): 3



EVALUACIÓN CON 2700:

Original     --> [0 0 1 1 0 0 0 1 1 0 1 0 0 1 1 1 1 0 1 1 1 0 1 0 0 0 0 1 0 0 1 1]
Reconstruido --> [0 0 1 1 0 0 0 1 1 0 1 0 0 1 1 1 1 0 0 1 1 0 1 0 0 0 0 1 0 0 1 1] | Precisión: 0.97
Distancia de Hamming: 1
--------------------------------------------------
Original     --> [1 0 0 0 0 0 1 1 0 1 0 1 0 1 1 0 1 1 0 1 0 0 1 0 1 0 1 0 0 1 1 0]
Reconstruido --> [1 0 0 0 0 0 1 1 0 1 0 1 0 1 1 0 1 1 0 1 0 0 1 1 1 0 1 0 0 1 1 0] | Precisión: 0.97
Distancia de Hamming: 1
--------------------------------------------------
Original     --> [0 0 0 0 1 0 1 1 0 0 0 1 1 0 0 1 1 0 1 1 1 0 1 1 1 0 0 1 0 0 1 1]
Reconstruido --> [0 0 0 0 1 0 1 1 0 0 0 1 1 0 0 1 1 0 1 1 1 0 1 1 1 0 0 1 0 0 1 1] | Precisión: 1.00
Distancia de Hamming: 0
--------------------------------------------------
Original     --> [1 1 1 1 0 0 1 0 0 1 0 1 0 1 0 0 1 1 1 0 0 1 1 0 1 0 1 0 1 1 0 0]
Reconstruido --> [1 1 1 1 0 0 1 0 0 1 0 1 0 1 0 0 1 1 1 0 0 1 1 0 1 0 1 0 1 1 0 0] | Precisión: 1.00
Distancia de Hamming: 0
--------------------------------------------------
Original     --> [0 1 1 0 1 0 0 0 1 0 0 1 0 0 1 1 0 0 0 0 1 1 1 1 0 1 1 0 1 0 0 1]
Reconstruido --> [0 1 1 0 1 0 0 0 1 0 0 1 0 0 1 1 0 0 0 0 1 1 1 1 0 1 1 0 1 0 0 1] | Precisión: 1.00
Distancia de Hamming: 0
--------------------------------------------------
Original     --> [1 1 0 0 1 0 0 0 1 1 1 1 0 0 1 0 0 0 1 1 0 1 1 0 1 0 0 0 1 0 0 0]
Reconstruido --> [1 1 0 0 1 0 0 0 1 1 1 1 0 0 1 0 0 0 1 1 0 1 1 0 1 0 0 0 1 0 0 0] | Precisión: 1.00
Distancia de Hamming: 0
--------------------------------------------------
Original     --> [1 1 0 0 1 0 1 1 1 0 1 1 0 1 0 0 1 1 1 0 0 0 1 0 0 1 0 1 0 1 0 0]
Reconstruido --> [1 1 0 0 1 0 1 1 1 0 1 1 0 1 0 0 1 1 1 0 0 0 1 0 0 1 0 1 0 1 0 0] | Precisión: 1.00
Distancia de Hamming: 0
--------------------------------------------------
Original     --> [0 0 1 1 0 0 1 0 1 1 1 1 1 0 0 0 0 1 0 0 1 1 1 0 1 0 0 1 1 1 0 0]
Reconstruido --> [0 0 1 1 0 0 1 0 1 1 1 1 1 0 0 0 0 1 0 0 1 1 1 0 1 0 0 1 1 1 0 0] | Precisión: 1.00
Distancia de Hamming: 0
--------------------------------------------------
Original     --> [0 1 1 1 1 0 0 0 1 0 1 1 0 1 1 0 1 0 0 1 0 1 1 1 1 0 1 1 0 0 1 1]
Reconstruido --> [0 1 1 1 1 0 0 0 1 0 1 1 0 1 1 0 1 0 0 1 0 1 1 1 1 0 1 1 0 0 1 1] | Precisión: 1.00
Distancia de Hamming: 0
--------------------------------------------------
Original     --> [0 1 0 0 1 1 1 1 0 1 1 0 0 1 1 1 0 0 1 1 1 1 0 1 0 1 0 1 1 1 1 0]
Reconstruido --> [0 1 0 0 1 1 1 1 0 1 1 0 0 1 1 1 0 0 1 1 1 1 0 1 0 1 0 1 1 1 1 0] | Precisión: 1.00
Distancia de Hamming: 0
--------------------------------------------------
La media de la precisión del descifrado es 0.9555
Distancia media de Hamming = 1.4238 | Número de bits: 32
Número de reconstrucciones perfectas = 4271



 EVALUACIÓN DE BOB CON CLAVES ERRÓNEAS

[1] Bob (clave errada) --> [0 0 0 1 0 0 0 1 1 0 1 0 0 1 1 1 1 0 0 1 1 0 1 0 0 0 0 1 0 0 1 1] | Precisión: 0.94 | Hamming: 2
------------------------------------------------------------
[2] Bob (clave errada) --> [1 0 0 0 0 0 1 1 0 1 0 1 0 1 1 0 1 1 0 1 0 0 1 1 1 0 1 0 0 0 1 0] | Precisión: 0.94 | Hamming: 2
------------------------------------------------------------
[3] Bob (clave errada) --> [0 0 0 0 1 0 1 1 0 0 0 1 1 0 0 1 1 0 1 1 1 0 1 1 1 0 0 1 0 0 1 1] | Precisión: 1.00 | Hamming: 0
------------------------------------------------------------
[4] Bob (clave errada) --> [1 1 1 1 0 0 1 0 0 1 0 1 0 1 0 0 1 1 1 0 0 1 1 0 1 0 1 0 1 1 0 0] | Precisión: 1.00 | Hamming: 0
------------------------------------------------------------
[5] Bob (clave errada) --> [0 1 1 0 1 0 0 0 1 0 0 1 0 0 1 1 0 0 0 0 1 1 1 0 0 1 1 0 1 0 0 1] | Precisión: 0.97 | Hamming: 1
------------------------------------------------------------
[6] Bob (clave errada) --> [1 1 0 0 1 0 0 0 1 1 1 1 0 0 1 0 0 0 1 1 0 1 1 0 1 0 0 1 1 0 0 0] | Precisión: 0.97 | Hamming: 1
------------------------------------------------------------
[7] Bob (clave errada) --> [1 1 0 0 1 0 1 1 1 0 1 1 0 1 0 0 1 1 1 0 0 0 1 0 0 1 0 1 0 1 0 0] | Precisión: 1.00 | Hamming: 0
------------------------------------------------------------
[8] Bob (clave errada) --> [0 0 1 1 0 0 1 0 1 1 0 1 1 0 0 0 0 1 0 0 1 1 1 0 1 0 0 1 1 1 0 0] | Precisión: 0.97 | Hamming: 1
------------------------------------------------------------
[9] Bob (clave errada) --> [0 1 1 1 0 0 0 0 1 0 1 1 0 0 1 0 1 0 0 1 0 1 1 1 1 0 0 0 0 0 1 1] | Precisión: 0.88 | Hamming: 4
------------------------------------------------------------
[10] Bob (clave errada) --> [0 1 0 0 1 1 1 1 0 1 1 0 0 1 1 1 0 0 1 1 1 1 0 1 0 1 0 1 1 1 1 0] | Precisión: 1.00 | Hamming: 0
------------------------------------------------------------

RESULTADOS CON CLAVES ERRÓNEAS

Bob -> Precisión media (clave errada): 0.9656 | Hamming media: 1.10
Bob -> Reconstrucciones perfectas (con clave errada): 4



EVALUACIÓN CON 3000:

Original     --> [0 0 0 0 0 1 1 0 0 0 0 1 1 1 1 0 0 0 1 1 1 1 0 1 1 0 1 1 0 0 1 1]
Reconstruido --> [0 0 0 0 0 1 1 0 0 0 0 1 1 1 1 0 0 0 1 1 1 1 0 1 1 0 0 1 0 0 1 0] | Precisión: 0.94
Distancia de Hamming: 2
--------------------------------------------------
Original     --> [1 1 0 0 1 0 1 0 1 0 0 0 0 0 1 1 1 1 0 0 0 0 1 1 1 1 0 1 1 0 1 1]
Reconstruido --> [1 1 1 0 1 0 1 0 1 0 0 0 0 0 0 1 1 1 0 0 0 0 1 1 1 1 0 1 1 0 1 1] | Precisión: 0.94
Distancia de Hamming: 2
--------------------------------------------------
Original     --> [1 1 1 1 1 1 1 1 1 0 0 1 1 0 1 0 0 1 0 0 1 1 1 0 0 0 0 0 0 0 1 1]
Reconstruido --> [1 1 1 1 1 1 1 1 1 1 0 1 1 0 1 0 0 1 0 0 1 1 1 0 0 0 0 0 1 0 1 1] | Precisión: 0.94
Distancia de Hamming: 2
--------------------------------------------------
Original     --> [1 0 0 0 0 1 0 0 1 0 0 0 0 1 0 0 1 1 0 0 0 0 0 1 0 1 1 1 1 1 0 0]
Reconstruido --> [1 0 0 0 0 1 0 0 1 0 0 0 0 0 0 0 1 1 0 0 0 0 0 1 0 1 1 1 0 1 0 0] | Precisión: 0.94
Distancia de Hamming: 2
--------------------------------------------------
Original     --> [0 1 0 0 0 1 1 0 0 0 1 1 1 1 0 1 0 1 0 0 1 1 0 0 0 1 1 1 0 0 0 1]
Reconstruido --> [0 1 0 1 0 1 1 0 0 0 1 1 1 1 0 1 0 1 0 0 1 1 0 0 0 1 1 1 0 0 1 1] | Precisión: 0.94
Distancia de Hamming: 2
--------------------------------------------------
Original     --> [0 1 0 0 1 0 1 1 1 1 0 1 1 1 1 1 0 1 1 1 0 1 1 0 0 0 1 1 0 1 1 0]
Reconstruido --> [0 1 0 0 1 0 1 1 1 1 0 1 1 1 1 1 0 1 1 1 0 1 1 0 0 0 1 1 1 1 1 0] | Precisión: 0.97
Distancia de Hamming: 1
--------------------------------------------------
Original     --> [1 1 0 1 0 1 0 1 1 0 1 1 1 0 0 0 1 1 0 0 1 1 1 0 0 0 1 1 1 0 1 1]
Reconstruido --> [1 1 0 1 0 1 0 1 1 0 1 1 1 0 0 0 1 1 0 0 1 1 1 0 0 0 1 1 1 0 1 1] | Precisión: 1.00
Distancia de Hamming: 0
--------------------------------------------------
Original     --> [0 0 1 0 0 0 1 0 0 1 1 0 0 0 0 1 1 0 0 0 1 1 1 1 0 1 1 0 1 0 0 1]
Reconstruido --> [0 0 1 0 0 0 1 0 0 1 0 0 0 0 0 1 1 1 0 0 1 1 1 1 1 1 1 0 1 0 0 0] | Precisión: 0.88
Distancia de Hamming: 4
--------------------------------------------------
Original     --> [1 1 1 1 1 0 0 1 1 0 1 0 0 1 0 0 0 0 0 0 1 0 0 0 0 1 0 1 0 0 1 1]
Reconstruido --> [1 1 1 1 1 0 0 1 1 0 1 0 0 1 0 0 0 0 0 0 1 0 0 0 0 1 0 1 0 0 1 1] | Precisión: 1.00
Distancia de Hamming: 0
--------------------------------------------------
Original     --> [0 1 0 1 0 1 1 1 1 0 1 1 0 1 0 0 1 1 0 1 1 1 1 1 1 0 0 1 1 0 1 0]
Reconstruido --> [0 0 0 1 0 1 1 1 1 0 1 1 0 1 0 0 0 1 0 1 1 1 1 1 1 0 0 1 1 0 1 1] | Precisión: 0.91
Distancia de Hamming: 3
--------------------------------------------------
La media de la precisión del descifrado es 0.9599
Distancia media de Hamming = 1.2833 | Número de bits: 32
Número de reconstrucciones perfectas = 4599



 EVALUACIÓN DE BOB CON CLAVES ERRÓNEAS

[1] Bob (clave errada) --> [1 0 0 0 0 1 1 0 0 0 0 1 1 1 1 0 0 0 1 1 1 1 0 1 1 0 0 1 0 0 1 1] | Precisión: 0.94 | Hamming: 2
------------------------------------------------------------
[2] Bob (clave errada) --> [1 1 1 0 1 0 1 0 1 0 0 0 0 0 1 1 1 1 0 0 0 0 1 1 1 1 0 1 1 0 1 1] | Precisión: 0.97 | Hamming: 1
------------------------------------------------------------
[3] Bob (clave errada) --> [1 1 1 1 1 1 1 1 1 1 0 1 1 0 1 0 0 1 0 0 1 1 1 1 0 0 0 1 1 0 1 1] | Precisión: 0.88 | Hamming: 4
------------------------------------------------------------
[4] Bob (clave errada) --> [1 0 0 0 0 1 0 0 1 0 0 0 0 1 0 0 1 0 0 1 0 0 0 1 0 1 1 1 0 1 0 0] | Precisión: 0.91 | Hamming: 3
------------------------------------------------------------
[5] Bob (clave errada) --> [0 1 0 1 0 1 1 1 0 0 1 1 1 1 0 1 1 1 0 0 1 1 0 0 0 1 1 1 0 0 1 1] | Precisión: 0.88 | Hamming: 4
------------------------------------------------------------
[6] Bob (clave errada) --> [0 1 0 0 1 0 1 1 1 1 0 1 1 1 1 1 0 0 1 1 0 0 1 0 0 0 1 0 0 1 1 0] | Precisión: 0.91 | Hamming: 3
------------------------------------------------------------
[7] Bob (clave errada) --> [1 1 0 1 0 1 0 1 1 0 1 1 1 0 0 1 1 1 0 0 1 1 1 0 0 0 1 1 1 0 1 1] | Precisión: 0.97 | Hamming: 1
------------------------------------------------------------
[8] Bob (clave errada) --> [0 0 1 0 0 0 1 0 0 0 0 0 0 0 0 1 1 0 0 0 1 1 0 1 1 0 0 0 0 0 0 0] | Precisión: 0.75 | Hamming: 8
------------------------------------------------------------
[9] Bob (clave errada) --> [1 1 1 1 1 0 0 1 1 0 1 0 0 1 0 0 0 0 0 0 1 0 0 0 0 1 0 1 0 0 1 1] | Precisión: 1.00 | Hamming: 0
------------------------------------------------------------
[10] Bob (clave errada) --> [0 1 0 1 0 1 1 1 1 1 1 1 0 1 0 0 1 1 0 1 1 1 1 1 1 1 0 1 1 0 1 1] | Precisión: 0.91 | Hamming: 3
------------------------------------------------------------

RESULTADOS CON CLAVES ERRÓNEAS

Bob -> Precisión media (clave errada): 0.9094 | Hamming media: 2.90
Bob -> Reconstrucciones perfectas (con clave errada): 1



EVALUACIÓN CON 3300:

Original     --> [1 1 0 1 0 0 1 1 0 0 1 1 0 0 1 1 0 1 0 0 0 1 0 1 1 1 1 1 0 0 0 1]
Reconstruido --> [1 1 0 1 0 0 1 1 0 0 1 1 0 0 1 1 0 1 0 0 0 1 0 1 1 1 1 1 0 0 0 1] | Precisión: 1.00
Distancia de Hamming: 0
--------------------------------------------------
Original     --> [1 1 1 0 1 1 0 1 0 1 0 0 0 1 0 0 0 0 1 0 1 1 1 1 0 0 1 1 1 1 0 0]
Reconstruido --> [1 1 1 0 1 1 0 1 0 1 0 0 0 1 0 0 0 0 1 0 1 1 1 1 0 0 1 1 1 1 0 0] | Precisión: 1.00
Distancia de Hamming: 0
--------------------------------------------------
Original     --> [0 1 0 0 0 0 0 1 1 1 0 1 1 0 0 0 1 1 0 1 1 1 1 1 0 1 0 1 0 0 1 0]
Reconstruido --> [0 1 0 0 0 1 0 1 1 1 0 1 0 0 0 0 1 1 0 1 1 1 0 1 0 1 0 1 0 0 1 0] | Precisión: 0.91
Distancia de Hamming: 3
--------------------------------------------------
Original     --> [1 1 1 0 0 0 1 0 1 0 0 1 1 1 0 0 1 0 1 0 1 0 1 0 1 0 1 0 1 1 1 0]
Reconstruido --> [1 1 1 0 0 0 1 0 1 0 0 1 1 1 0 0 1 1 1 0 1 0 1 0 1 0 1 0 1 1 1 0] | Precisión: 0.97
Distancia de Hamming: 1
--------------------------------------------------
Original     --> [1 1 1 1 0 0 1 1 1 1 1 1 0 0 1 0 0 1 0 0 1 1 1 0 0 1 0 0 0 0 1 1]
Reconstruido --> [1 1 1 1 0 0 1 1 1 1 1 1 0 0 1 0 0 1 0 0 1 1 1 0 0 1 0 0 0 0 1 0] | Precisión: 0.97
Distancia de Hamming: 1
--------------------------------------------------
Original     --> [0 0 0 0 0 0 1 0 1 0 1 0 1 1 0 0 1 1 0 1 1 0 1 1 1 0 0 0 1 0 1 0]
Reconstruido --> [0 0 0 0 0 0 1 0 1 0 1 0 1 1 0 0 1 1 0 0 1 0 0 1 1 0 0 0 1 0 1 0] | Precisión: 0.94
Distancia de Hamming: 2
--------------------------------------------------
Original     --> [1 0 1 1 1 0 0 1 1 1 1 1 1 0 0 1 1 0 1 1 1 0 0 1 1 1 1 1 1 0 0 0]
Reconstruido --> [1 0 1 1 1 0 0 1 1 1 1 1 1 0 0 1 1 0 1 1 1 0 0 1 1 1 1 1 1 0 0 0] | Precisión: 1.00
Distancia de Hamming: 0
--------------------------------------------------
Original     --> [0 0 0 1 1 0 1 1 1 0 0 0 1 0 1 1 1 0 0 0 0 1 1 1 1 0 0 1 1 1 1 0]
Reconstruido --> [0 0 1 1 1 1 0 1 1 0 0 0 1 0 1 1 1 0 0 0 0 1 1 1 1 0 0 0 1 0 1 0] | Precisión: 0.84
Distancia de Hamming: 5
--------------------------------------------------
Original     --> [1 1 0 1 0 0 0 1 1 0 0 0 1 0 0 1 0 1 1 0 1 1 0 0 0 0 0 0 0 0 1 1]
Reconstruido --> [1 1 0 0 0 0 0 1 1 0 0 1 1 0 0 1 0 0 1 0 1 1 0 0 0 0 0 0 0 0 1 0] | Precisión: 0.88
Distancia de Hamming: 4
--------------------------------------------------
Original     --> [1 0 0 1 1 0 1 0 0 1 1 1 0 1 1 0 1 1 1 1 0 0 0 0 0 1 1 1 0 0 0 1]
Reconstruido --> [1 0 0 1 1 0 1 0 0 1 1 1 0 1 1 0 1 1 1 1 0 0 0 0 0 1 1 1 0 0 0 1] | Precisión: 1.00
Distancia de Hamming: 0
--------------------------------------------------
La media de la precisión del descifrado es 0.9438
Distancia media de Hamming = 1.7971 | Número de bits: 32
Número de reconstrucciones perfectas = 3174



 EVALUACIÓN DE BOB CON CLAVES ERRÓNEAS

[1] Bob (clave errada) --> [1 1 0 1 0 0 1 1 0 0 1 1 0 0 1 1 0 1 0 0 0 1 0 1 1 0 1 1 0 0 0 1] | Precisión: 0.97 | Hamming: 1
------------------------------------------------------------
[2] Bob (clave errada) --> [1 1 1 0 1 1 0 0 0 1 0 0 0 1 0 0 0 0 1 0 1 1 1 1 0 0 1 1 0 1 0 1] | Precisión: 0.91 | Hamming: 3
------------------------------------------------------------
[3] Bob (clave errada) --> [0 1 1 1 0 1 0 1 1 1 0 1 1 0 0 0 1 1 0 1 1 1 0 1 0 1 0 1 0 0 1 0] | Precisión: 0.88 | Hamming: 4
------------------------------------------------------------
[4] Bob (clave errada) --> [1 1 1 0 0 0 1 0 1 0 0 0 1 1 0 0 1 0 1 0 1 0 1 0 1 0 1 0 1 1 1 0] | Precisión: 0.97 | Hamming: 1
------------------------------------------------------------
[5] Bob (clave errada) --> [1 1 1 1 0 0 1 1 1 1 1 1 0 0 1 0 0 1 0 0 1 1 1 0 0 1 0 0 0 0 1 0] | Precisión: 0.97 | Hamming: 1
------------------------------------------------------------
[6] Bob (clave errada) --> [0 0 0 0 0 0 1 0 1 0 1 0 1 1 0 0 0 1 0 0 1 0 1 1 1 0 0 0 1 0 1 0] | Precisión: 0.94 | Hamming: 2
------------------------------------------------------------
[7] Bob (clave errada) --> [1 0 1 1 1 0 0 1 1 1 1 1 1 0 0 1 1 0 1 1 1 0 0 1 1 1 1 1 1 0 0 0] | Precisión: 1.00 | Hamming: 0
------------------------------------------------------------
[8] Bob (clave errada) --> [0 0 0 1 1 1 0 1 1 0 0 0 1 0 1 1 1 0 0 0 0 1 1 1 1 0 0 0 1 0 1 0] | Precisión: 0.88 | Hamming: 4
------------------------------------------------------------
[9] Bob (clave errada) --> [1 1 0 1 0 0 0 1 1 0 0 1 1 0 0 1 0 0 1 0 1 0 0 1 0 0 0 0 0 0 1 1] | Precisión: 0.88 | Hamming: 4
------------------------------------------------------------
[10] Bob (clave errada) --> [0 0 0 1 1 0 0 0 0 1 1 1 0 1 1 0 1 1 1 1 0 0 0 0 0 1 1 1 0 0 0 1] | Precisión: 0.94 | Hamming: 2
------------------------------------------------------------

RESULTADOS CON CLAVES ERRÓNEAS

Bob -> Precisión media (clave errada): 0.9313 | Hamming media: 2.20
Bob -> Reconstrucciones perfectas (con clave errada): 1



EVALUACIÓN CON 3600:

Original     --> [1 0 0 1 0 1 0 0 1 0 1 1 1 0 0 0 1 0 1 1 1 1 1 1 0 0 0 1 1 0 1 1]
Reconstruido --> [1 0 0 1 0 1 0 1 1 0 0 1 0 0 1 0 1 0 1 1 1 1 1 1 0 0 0 1 1 0 1 1] | Precisión: 0.88
Distancia de Hamming: 4
--------------------------------------------------
Original     --> [0 1 1 1 0 0 0 0 1 0 1 0 1 1 0 1 1 1 1 0 1 0 1 1 0 1 0 0 1 0 1 1]
Reconstruido --> [0 1 1 1 0 0 0 0 1 0 1 0 1 1 0 1 1 1 1 0 1 0 1 1 0 1 0 0 1 0 1 1] | Precisión: 1.00
Distancia de Hamming: 0
--------------------------------------------------
Original     --> [1 1 0 1 1 0 1 0 0 1 1 1 0 1 1 0 0 1 0 0 0 1 0 1 1 1 0 0 1 1 1 1]
Reconstruido --> [1 1 0 1 1 0 1 0 0 1 1 1 0 1 1 0 0 1 0 0 0 1 0 1 1 1 0 0 1 1 1 1] | Precisión: 1.00
Distancia de Hamming: 0
--------------------------------------------------
Original     --> [1 0 1 0 0 0 1 1 1 1 0 0 1 1 0 0 0 0 1 1 0 0 1 1 1 1 0 0 1 1 0 1]
Reconstruido --> [1 0 1 0 0 0 1 1 1 1 0 0 1 1 0 0 0 0 1 1 0 0 1 1 1 1 0 0 1 1 0 1] | Precisión: 1.00
Distancia de Hamming: 0
--------------------------------------------------
Original     --> [1 1 1 0 0 0 0 1 0 1 0 0 1 0 0 0 0 1 1 1 1 0 1 1 0 1 0 0 0 0 1 0]
Reconstruido --> [1 1 1 0 0 0 0 1 0 1 0 0 1 0 0 0 0 1 1 1 1 0 1 1 0 1 0 0 0 0 1 0] | Precisión: 1.00
Distancia de Hamming: 0
--------------------------------------------------
Original     --> [0 1 1 1 1 0 1 0 0 0 0 0 1 0 1 1 0 0 1 1 0 1 0 0 1 1 0 1 0 0 1 1]
Reconstruido --> [0 1 1 1 1 0 1 0 0 0 0 0 1 0 1 1 0 0 1 1 0 1 0 0 1 1 0 1 0 0 1 1] | Precisión: 1.00
Distancia de Hamming: 0
--------------------------------------------------
Original     --> [1 1 0 1 0 0 1 0 1 1 0 1 0 1 0 0 0 0 1 1 1 0 1 1 0 1 1 0 1 0 1 0]
Reconstruido --> [0 1 0 1 0 0 1 0 0 1 0 1 0 1 0 0 0 1 1 1 1 0 1 1 0 1 1 0 1 0 1 0] | Precisión: 0.91
Distancia de Hamming: 3
--------------------------------------------------
Original     --> [0 0 0 1 0 0 0 1 1 0 1 1 0 0 0 1 1 1 0 1 1 1 0 1 1 0 0 1 0 0 0 1]
Reconstruido --> [0 0 0 1 0 0 0 1 1 0 1 1 0 0 0 1 1 1 0 1 1 1 0 1 1 0 0 1 0 0 0 1] | Precisión: 1.00
Distancia de Hamming: 0
--------------------------------------------------
Original     --> [1 1 0 0 0 1 1 1 1 1 0 1 0 0 1 1 1 0 1 1 0 0 0 0 0 1 1 0 1 1 1 0]
Reconstruido --> [1 1 0 0 0 0 1 1 1 1 0 1 0 0 1 0 1 0 1 1 0 0 1 0 0 1 1 1 1 1 1 0] | Precisión: 0.88
Distancia de Hamming: 4
--------------------------------------------------
Original     --> [1 1 1 1 0 0 0 1 1 0 1 1 0 1 0 0 0 0 0 1 0 0 1 0 1 1 1 0 0 1 0 1]
Reconstruido --> [0 0 1 0 0 0 0 1 1 0 1 1 0 1 0 1 0 1 0 1 0 0 1 0 1 1 1 1 1 1 0 0] | Precisión: 0.75
Distancia de Hamming: 8
--------------------------------------------------
La media de la precisión del descifrado es 0.9694
Distancia media de Hamming = 0.9801 | Número de bits: 32
Número de reconstrucciones perfectas = 5829



 EVALUACIÓN DE BOB CON CLAVES ERRÓNEAS

[1] Bob (clave errada) --> [1 0 0 1 0 1 0 1 1 0 0 1 0 0 0 0 1 0 1 1 1 1 1 1 0 0 0 1 1 0 1 1] | Precisión: 0.91 | Hamming: 3
------------------------------------------------------------
[2] Bob (clave errada) --> [0 1 1 1 0 0 0 0 1 0 0 0 1 1 0 1 1 1 1 0 1 0 1 1 0 1 0 0 1 0 1 1] | Precisión: 0.97 | Hamming: 1
------------------------------------------------------------
[3] Bob (clave errada) --> [1 1 0 1 1 0 1 0 0 1 1 1 0 1 1 0 0 1 0 0 0 1 0 1 1 1 0 0 1 1 1 1] | Precisión: 1.00 | Hamming: 0
------------------------------------------------------------
[4] Bob (clave errada) --> [1 0 1 0 0 0 1 0 1 1 0 0 1 1 0 0 0 0 1 1 0 0 1 1 1 1 0 0 1 1 0 1] | Precisión: 0.97 | Hamming: 1
------------------------------------------------------------
[5] Bob (clave errada) --> [1 1 0 0 0 0 0 1 0 1 0 0 1 0 0 0 0 1 1 1 1 0 1 1 0 1 0 0 0 0 1 0] | Precisión: 0.97 | Hamming: 1
------------------------------------------------------------
[6] Bob (clave errada) --> [0 1 1 1 1 0 1 0 0 0 0 0 1 0 1 1 0 0 1 1 0 1 0 0 1 1 1 1 0 0 1 1] | Precisión: 0.97 | Hamming: 1
------------------------------------------------------------
[7] Bob (clave errada) --> [0 0 0 0 0 0 0 0 0 1 0 1 0 1 0 0 0 0 1 1 1 0 1 1 0 1 1 0 1 0 1 0] | Precisión: 0.84 | Hamming: 5
------------------------------------------------------------
[8] Bob (clave errada) --> [0 0 0 1 0 0 0 1 1 0 1 1 0 0 0 1 1 1 0 1 1 1 0 1 1 0 0 1 0 0 0 1] | Precisión: 1.00 | Hamming: 0
------------------------------------------------------------
[9] Bob (clave errada) --> [1 1 0 0 0 1 1 1 1 0 0 1 0 0 1 0 1 0 1 1 1 1 0 0 0 1 1 1 1 1 1 0] | Precisión: 0.84 | Hamming: 5
------------------------------------------------------------
[10] Bob (clave errada) --> [0 0 1 0 0 0 0 1 1 0 1 1 0 1 0 1 0 1 0 1 0 0 1 0 1 1 1 0 1 1 0 0] | Precisión: 0.78 | Hamming: 7
------------------------------------------------------------

RESULTADOS CON CLAVES ERRÓNEAS

Bob -> Precisión media (clave errada): 0.9250 | Hamming media: 2.40
Bob -> Reconstrucciones perfectas (con clave errada): 2



EVALUACIÓN CON 3900:

Original     --> [0 1 0 0 1 1 1 0 0 1 1 0 0 1 1 1 1 1 1 0 0 0 1 1 1 1 0 0 0 1 1 0]
Reconstruido --> [0 1 0 0 1 1 1 0 0 1 1 0 0 1 1 1 1 1 1 0 0 0 1 1 1 1 0 0 0 1 1 0] | Precisión: 1.00
Distancia de Hamming: 0
--------------------------------------------------
Original     --> [1 1 1 1 0 0 0 1 1 1 0 1 0 1 1 0 1 1 1 0 0 1 1 1 1 0 0 0 0 1 1 1]
Reconstruido --> [1 1 1 1 0 0 0 1 1 1 0 1 0 1 1 0 1 1 1 0 0 1 1 1 1 0 0 0 0 1 1 1] | Precisión: 1.00
Distancia de Hamming: 0
--------------------------------------------------
Original     --> [1 0 0 1 1 1 1 0 0 0 1 1 1 1 0 1 1 1 0 1 1 1 1 0 1 1 1 1 1 0 1 0]
Reconstruido --> [1 0 0 1 1 1 1 0 0 0 1 1 1 1 0 1 1 1 0 1 1 1 1 0 1 1 1 1 1 0 1 0] | Precisión: 1.00
Distancia de Hamming: 0
--------------------------------------------------
Original     --> [0 1 0 0 1 1 0 0 1 1 1 0 0 0 1 1 1 0 1 1 0 1 0 1 0 1 0 1 1 0 0 1]
Reconstruido --> [0 1 0 0 0 1 0 0 1 1 1 0 0 0 1 1 1 0 1 0 0 1 1 1 0 1 0 0 1 1 0 1] | Precisión: 0.84
Distancia de Hamming: 5
--------------------------------------------------
Original     --> [0 1 1 0 0 1 0 1 1 0 0 1 1 0 1 0 0 0 1 1 1 0 1 0 0 0 0 1 0 0 1 0]
Reconstruido --> [0 1 1 0 0 1 0 1 1 0 0 1 1 0 1 0 0 0 1 1 1 0 1 0 0 0 0 1 0 0 1 0] | Precisión: 1.00
Distancia de Hamming: 0
--------------------------------------------------
Original     --> [1 1 1 0 0 0 1 1 1 0 0 0 1 1 0 1 1 1 0 1 1 1 0 0 0 0 1 0 0 0 0 1]
Reconstruido --> [1 1 1 0 0 0 1 1 1 0 0 0 1 1 0 0 1 1 0 1 1 1 0 1 0 0 1 0 0 0 0 1] | Precisión: 0.94
Distancia de Hamming: 2
--------------------------------------------------
Original     --> [1 0 0 0 1 1 0 1 0 0 0 1 1 0 0 1 1 1 1 0 1 0 0 0 0 1 1 1 1 0 0 0]
Reconstruido --> [1 0 1 0 1 1 0 1 0 0 0 1 1 0 0 1 1 1 1 0 1 0 1 0 0 1 1 0 1 0 0 0] | Precisión: 0.91
Distancia de Hamming: 3
--------------------------------------------------
Original     --> [0 0 0 0 0 1 1 0 0 0 0 1 1 0 0 1 0 0 0 1 1 0 1 1 0 0 0 0 0 1 1 1]
Reconstruido --> [0 0 0 0 0 1 1 0 0 0 0 1 1 0 0 1 0 0 0 1 1 0 1 1 0 0 0 0 0 1 1 1] | Precisión: 1.00
Distancia de Hamming: 0
--------------------------------------------------
Original     --> [0 1 1 1 0 1 1 1 1 1 1 1 1 0 1 0 1 0 1 1 1 1 1 1 0 1 1 0 0 0 1 1]
Reconstruido --> [0 1 1 1 0 1 1 1 1 1 1 1 1 0 1 0 1 0 1 1 1 1 1 1 0 1 1 0 0 0 1 1] | Precisión: 1.00
Distancia de Hamming: 0
--------------------------------------------------
Original     --> [1 0 1 0 1 0 0 1 0 1 1 1 1 1 0 0 1 1 1 1 1 1 1 1 0 0 1 1 1 0 1 1]
Reconstruido --> [1 0 1 0 1 0 0 1 0 0 1 1 1 1 0 0 1 1 0 1 1 1 1 1 0 0 0 1 1 0 1 1] | Precisión: 0.91
Distancia de Hamming: 3
--------------------------------------------------
La media de la precisión del descifrado es 0.9680
Distancia media de Hamming = 1.0229 | Número de bits: 32
Número de reconstrucciones perfectas = 5658



 EVALUACIÓN DE BOB CON CLAVES ERRÓNEAS

[1] Bob (clave errada) --> [0 1 0 0 1 1 1 0 0 1 1 0 0 1 1 1 1 1 1 0 0 0 1 1 1 1 0 0 0 1 1 0] | Precisión: 1.00 | Hamming: 0
------------------------------------------------------------
[2] Bob (clave errada) --> [1 1 1 1 0 0 0 1 1 1 0 1 0 1 1 0 1 1 1 0 0 1 1 1 1 0 0 0 0 1 1 1] | Precisión: 1.00 | Hamming: 0
------------------------------------------------------------
[3] Bob (clave errada) --> [1 0 0 1 1 1 1 0 0 0 1 1 1 1 0 0 1 1 0 1 1 1 1 0 1 1 1 1 1 0 1 0] | Precisión: 0.97 | Hamming: 1
------------------------------------------------------------
[4] Bob (clave errada) --> [0 1 0 0 0 1 0 1 1 1 1 0 0 0 1 1 1 0 1 1 0 1 1 1 0 1 0 1 1 1 0 1] | Precisión: 0.88 | Hamming: 4
------------------------------------------------------------
[5] Bob (clave errada) --> [0 1 0 0 0 1 0 1 1 0 0 1 1 0 1 0 0 0 1 0 1 0 1 0 0 0 0 1 0 0 1 0] | Precisión: 0.94 | Hamming: 2
------------------------------------------------------------
[6] Bob (clave errada) --> [1 1 1 0 0 0 1 1 1 1 0 0 1 1 0 0 1 1 0 1 1 1 0 1 0 0 1 0 0 0 0 1] | Precisión: 0.91 | Hamming: 3
------------------------------------------------------------
[7] Bob (clave errada) --> [1 0 1 0 1 1 0 1 0 0 0 1 1 0 0 1 1 1 1 0 1 0 1 1 0 1 1 0 1 0 0 0] | Precisión: 0.88 | Hamming: 4
------------------------------------------------------------
[8] Bob (clave errada) --> [0 0 0 0 0 1 1 0 0 0 0 1 1 0 0 1 0 0 0 1 1 0 1 1 0 0 0 0 0 1 1 1] | Precisión: 1.00 | Hamming: 0
------------------------------------------------------------
[9] Bob (clave errada) --> [0 1 0 1 0 1 1 1 1 1 1 1 1 0 1 0 1 0 0 1 1 1 1 1 0 1 1 0 0 0 1 1] | Precisión: 0.94 | Hamming: 2
------------------------------------------------------------
[10] Bob (clave errada) --> [1 0 1 0 1 0 0 1 0 0 1 1 1 1 0 0 1 1 0 1 1 1 1 1 0 0 1 1 1 0 1 1] | Precisión: 0.94 | Hamming: 2
------------------------------------------------------------

RESULTADOS CON CLAVES ERRÓNEAS

Bob -> Precisión media (clave errada): 0.9437 | Hamming media: 1.80
Bob -> Reconstrucciones perfectas (con clave errada): 3



EVALUACIÓN CON 4200:

Original     --> [0 0 1 0 0 1 0 1 0 1 0 0 1 0 0 1 0 1 1 1 0 0 1 0 0 0 0 0 1 1 1 1]
Reconstruido --> [0 0 0 0 0 1 1 0 0 0 0 0 1 0 0 1 0 0 1 0 0 0 1 0 1 0 0 1 0 1 1 1] | Precisión: 0.72
Distancia de Hamming: 9
--------------------------------------------------
Original     --> [0 1 0 1 0 1 0 0 0 1 0 1 0 1 0 1 0 1 1 1 0 1 0 1 1 0 0 0 0 1 0 0]
Reconstruido --> [0 1 0 1 0 1 0 0 0 1 0 1 0 1 0 1 0 1 1 1 0 1 0 1 1 0 0 0 0 1 0 0] | Precisión: 1.00
Distancia de Hamming: 0
--------------------------------------------------
Original     --> [1 0 1 1 0 1 1 1 1 0 1 1 0 1 0 1 1 0 1 0 0 0 0 1 1 1 0 1 1 0 0 1]
Reconstruido --> [1 0 1 1 0 1 1 1 1 0 1 1 0 1 0 1 1 1 1 0 0 0 0 1 1 1 0 1 1 0 0 1] | Precisión: 0.97
Distancia de Hamming: 1
--------------------------------------------------
Original     --> [1 1 0 1 0 0 0 1 0 1 1 1 0 1 0 0 1 1 1 0 1 1 1 1 0 0 0 0 1 1 1 1]
Reconstruido --> [1 1 0 1 0 0 0 1 0 1 1 1 0 1 0 0 1 1 1 0 1 1 1 1 0 0 0 0 1 1 1 1] | Precisión: 1.00
Distancia de Hamming: 0
--------------------------------------------------
Original     --> [0 0 1 1 1 0 1 0 0 0 0 0 1 1 0 0 1 1 1 0 0 1 1 1 0 0 0 0 0 1 0 1]
Reconstruido --> [1 0 1 1 1 0 1 0 0 0 0 0 1 1 0 0 1 1 1 0 0 1 1 1 0 0 0 0 0 1 0 1] | Precisión: 0.97
Distancia de Hamming: 1
--------------------------------------------------
Original     --> [0 1 1 0 0 1 1 1 1 0 1 1 1 1 0 1 1 1 1 1 0 1 0 1 1 0 0 1 0 1 1 1]
Reconstruido --> [0 1 1 0 0 1 1 1 1 0 1 1 1 1 0 1 1 1 1 1 0 1 0 1 1 0 0 1 0 1 1 1] | Precisión: 1.00
Distancia de Hamming: 0
--------------------------------------------------
Original     --> [0 0 1 1 0 1 0 0 0 0 1 0 0 0 0 0 1 0 1 1 0 1 1 1 0 0 0 1 0 0 1 1]
Reconstruido --> [0 0 1 1 0 1 0 0 0 0 1 0 0 0 0 0 1 0 1 1 0 1 1 1 0 0 0 1 0 0 1 1] | Precisión: 1.00
Distancia de Hamming: 0
--------------------------------------------------
Original     --> [1 0 1 0 0 1 1 1 0 0 1 0 1 1 0 1 1 0 1 0 0 1 0 0 1 0 0 0 1 0 1 1]
Reconstruido --> [1 0 1 0 0 1 1 1 0 0 1 0 1 1 0 1 1 0 1 0 0 1 0 0 1 0 0 0 1 0 1 1] | Precisión: 1.00
Distancia de Hamming: 0
--------------------------------------------------
Original     --> [0 1 1 1 0 0 0 1 1 0 1 0 1 0 0 0 1 1 1 1 0 0 0 1 1 0 1 1 0 0 0 1]
Reconstruido --> [0 1 1 1 0 0 0 1 1 0 1 0 1 0 0 0 1 1 1 1 0 0 0 1 1 0 1 1 0 0 0 1] | Precisión: 1.00
Distancia de Hamming: 0
--------------------------------------------------
Original     --> [0 0 0 1 1 1 1 1 0 0 1 0 0 0 0 0 0 0 0 0 1 1 1 1 1 0 1 0 1 1 0 1]
Reconstruido --> [0 0 0 1 1 1 1 1 0 1 1 0 0 0 0 0 0 0 0 0 1 1 1 1 1 0 1 0 1 1 0 1] | Precisión: 0.97
Distancia de Hamming: 1
--------------------------------------------------
La media de la precisión del descifrado es 0.9699
Distancia media de Hamming = 0.9632 | Número de bits: 32
Número de reconstrucciones perfectas = 5934



 EVALUACIÓN DE BOB CON CLAVES ERRÓNEAS

[1] Bob (clave errada) --> [0 0 0 0 0 1 1 0 0 0 0 0 1 0 0 1 0 0 1 0 0 0 1 0 0 0 0 1 0 1 1 1] | Precisión: 0.75 | Hamming: 8
------------------------------------------------------------
[2] Bob (clave errada) --> [0 1 0 1 0 1 0 0 0 1 0 1 0 1 0 1 0 1 1 1 0 1 0 1 1 0 0 0 0 1 0 0] | Precisión: 1.00 | Hamming: 0
------------------------------------------------------------
[3] Bob (clave errada) --> [1 0 1 1 0 1 1 1 1 0 1 1 0 1 0 1 1 1 1 0 0 0 0 1 1 1 0 1 1 0 0 1] | Precisión: 0.97 | Hamming: 1
------------------------------------------------------------
[4] Bob (clave errada) --> [1 1 0 1 0 0 0 1 0 1 1 1 0 1 0 0 1 1 1 0 1 1 1 1 0 0 0 0 1 1 1 1] | Precisión: 1.00 | Hamming: 0
------------------------------------------------------------
[5] Bob (clave errada) --> [1 0 1 1 1 0 1 0 0 0 0 0 1 1 0 0 1 1 1 0 0 1 1 1 0 0 0 0 0 1 0 1] | Precisión: 0.97 | Hamming: 1
------------------------------------------------------------
[6] Bob (clave errada) --> [0 1 1 0 0 1 1 1 1 0 1 1 1 1 0 1 1 1 1 1 0 1 1 1 1 0 0 1 0 1 1 1] | Precisión: 0.97 | Hamming: 1
------------------------------------------------------------
[7] Bob (clave errada) --> [0 0 1 1 0 1 0 0 0 0 1 0 0 0 0 0 1 0 1 1 0 1 1 1 0 0 0 1 0 0 1 1] | Precisión: 1.00 | Hamming: 0
------------------------------------------------------------
[8] Bob (clave errada) --> [1 0 1 0 0 1 1 1 0 0 1 0 1 1 0 1 1 0 1 0 0 1 0 0 1 0 0 0 1 0 1 1] | Precisión: 1.00 | Hamming: 0
------------------------------------------------------------
[9] Bob (clave errada) --> [0 1 1 1 0 0 0 1 1 0 1 0 1 0 0 0 1 1 1 1 0 0 0 1 1 0 1 1 0 0 0 1] | Precisión: 1.00 | Hamming: 0
------------------------------------------------------------
[10] Bob (clave errada) --> [0 0 0 1 1 1 1 1 0 1 1 0 0 0 0 0 0 0 0 0 1 1 1 1 1 0 1 0 1 1 0 1] | Precisión: 0.97 | Hamming: 1
------------------------------------------------------------

RESULTADOS CON CLAVES ERRÓNEAS

Bob -> Precisión media (clave errada): 0.9625 | Hamming media: 1.20
Bob -> Reconstrucciones perfectas (con clave errada): 5



EVALUACIÓN CON 4500:

Original     --> [1 1 1 0 1 1 1 0 1 1 1 1 1 0 1 1 1 1 0 1 1 1 1 1 1 1 1 1 0 0 0 1]
Reconstruido --> [1 1 1 0 1 1 1 0 1 1 1 1 1 0 1 1 1 1 0 1 1 1 1 1 1 1 1 1 1 0 0 1] | Precisión: 0.97
Distancia de Hamming: 1
--------------------------------------------------
Original     --> [0 1 0 0 0 0 1 0 1 0 0 0 1 1 0 1 0 0 1 0 0 1 0 0 1 0 0 0 1 0 1 1]
Reconstruido --> [0 1 0 0 0 0 1 0 0 0 1 1 1 1 0 1 0 0 1 0 0 1 0 1 0 0 0 0 1 0 1 0] | Precisión: 0.81
Distancia de Hamming: 6
--------------------------------------------------
Original     --> [0 1 1 0 0 1 1 0 1 1 1 0 0 1 1 0 0 1 1 0 1 0 0 0 1 0 1 1 1 1 1 1]
Reconstruido --> [0 1 1 0 1 1 1 0 1 1 1 1 0 1 1 0 0 1 1 0 1 0 0 0 1 0 1 1 1 1 1 0] | Precisión: 0.91
Distancia de Hamming: 3
--------------------------------------------------
Original     --> [1 0 0 0 0 0 1 0 0 0 0 0 1 1 0 1 1 0 0 0 0 0 0 1 0 0 1 1 0 0 1 1]
Reconstruido --> [1 0 0 0 0 0 1 0 0 0 0 0 1 1 0 1 1 0 0 0 0 0 0 1 0 0 1 1 0 0 1 1] | Precisión: 1.00
Distancia de Hamming: 0
--------------------------------------------------
Original     --> [1 0 0 1 1 0 1 0 1 0 1 1 0 1 1 1 0 1 0 1 0 0 1 1 0 1 0 1 0 1 1 0]
Reconstruido --> [1 0 0 1 1 0 1 0 1 0 1 1 0 1 1 1 0 1 0 1 0 0 1 1 0 1 0 1 0 1 1 0] | Precisión: 1.00
Distancia de Hamming: 0
--------------------------------------------------
Original     --> [1 1 0 1 1 1 1 0 0 1 0 1 0 0 0 0 0 0 1 0 0 0 1 0 1 0 1 1 0 0 1 1]
Reconstruido --> [1 1 0 1 1 1 1 0 0 1 0 1 0 0 0 0 0 0 1 0 0 0 1 0 1 0 1 1 0 0 1 1] | Precisión: 1.00
Distancia de Hamming: 0
--------------------------------------------------
Original     --> [0 0 0 1 0 0 1 0 1 0 0 1 0 1 1 0 1 0 0 0 1 1 0 0 1 0 1 0 1 0 1 1]
Reconstruido --> [0 0 0 1 0 0 1 0 1 0 0 1 0 1 1 0 1 0 0 0 1 0 0 0 1 0 1 0 1 0 0 1] | Precisión: 0.94
Distancia de Hamming: 2
--------------------------------------------------
Original     --> [0 1 1 1 0 0 1 1 1 1 1 1 1 1 0 0 1 1 1 1 0 0 1 1 0 0 0 0 1 1 0 1]
Reconstruido --> [0 1 1 1 0 0 1 1 1 1 1 1 1 1 0 0 1 1 1 1 0 0 1 1 0 0 0 0 1 1 0 1] | Precisión: 1.00
Distancia de Hamming: 0
--------------------------------------------------
Original     --> [1 1 1 0 1 0 0 0 1 0 0 0 0 0 0 1 1 0 1 1 0 1 1 1 0 1 0 0 0 1 1 1]
Reconstruido --> [1 1 1 0 1 0 0 0 1 0 0 0 0 0 0 1 1 0 1 1 0 1 1 1 0 1 0 0 0 1 1 1] | Precisión: 1.00
Distancia de Hamming: 0
--------------------------------------------------
Original     --> [0 1 0 0 1 1 0 1 0 1 1 0 1 1 1 0 1 1 0 0 0 1 0 1 1 0 0 0 1 0 1 1]
Reconstruido --> [0 0 0 0 1 1 0 1 0 1 1 0 1 1 1 0 1 1 0 0 0 1 1 1 1 0 0 0 1 0 1 1] | Precisión: 0.94
Distancia de Hamming: 2
--------------------------------------------------
La media de la precisión del descifrado es 0.9694
Distancia media de Hamming = 0.9783 | Número de bits: 32
Número de reconstrucciones perfectas = 5859



 EVALUACIÓN DE BOB CON CLAVES ERRÓNEAS

[1] Bob (clave errada) --> [1 1 1 0 1 1 1 0 1 1 1 1 1 0 1 1 1 1 0 1 1 1 1 1 1 1 1 1 1 0 0 1] | Precisión: 0.97 | Hamming: 1
------------------------------------------------------------
[2] Bob (clave errada) --> [0 0 0 0 0 0 1 0 0 0 1 1 1 0 0 1 0 0 1 0 0 1 0 1 0 0 0 0 1 0 1 0] | Precisión: 0.75 | Hamming: 8
------------------------------------------------------------
[3] Bob (clave errada) --> [0 0 1 0 1 1 1 0 1 1 1 1 0 0 1 0 0 1 1 0 1 0 0 0 1 0 1 1 1 1 1 0] | Precisión: 0.84 | Hamming: 5
------------------------------------------------------------
[4] Bob (clave errada) --> [1 0 0 0 0 0 1 0 0 0 0 0 1 1 0 1 1 0 0 0 0 0 0 1 0 0 1 1 0 0 1 1] | Precisión: 1.00 | Hamming: 0
------------------------------------------------------------
[5] Bob (clave errada) --> [1 0 0 1 1 0 1 0 1 0 1 1 0 1 1 1 0 1 0 1 0 0 1 1 0 1 0 1 0 1 1 0] | Precisión: 1.00 | Hamming: 0
------------------------------------------------------------
[6] Bob (clave errada) --> [1 1 0 1 1 1 1 0 0 1 0 1 0 0 0 0 0 0 1 0 0 0 1 0 1 0 1 1 0 0 1 1] | Precisión: 1.00 | Hamming: 0
------------------------------------------------------------
[7] Bob (clave errada) --> [0 0 0 1 0 0 1 0 1 0 0 1 0 1 1 0 1 0 0 0 1 0 0 0 1 0 0 0 1 0 0 1] | Precisión: 0.91 | Hamming: 3
------------------------------------------------------------
[8] Bob (clave errada) --> [0 1 1 1 0 0 1 1 1 1 1 1 1 1 0 0 1 1 1 1 0 0 1 1 0 0 0 0 1 1 0 1] | Precisión: 1.00 | Hamming: 0
------------------------------------------------------------
[9] Bob (clave errada) --> [1 1 1 0 1 0 0 1 1 0 0 0 0 0 0 1 1 0 1 1 0 1 1 1 0 1 0 0 0 1 1 1] | Precisión: 0.97 | Hamming: 1
------------------------------------------------------------
[10] Bob (clave errada) --> [0 0 0 0 1 1 0 1 0 1 1 0 1 1 1 0 1 1 1 0 0 1 1 1 1 0 0 0 1 0 1 1] | Precisión: 0.91 | Hamming: 3
------------------------------------------------------------

RESULTADOS CON CLAVES ERRÓNEAS

Bob -> Precisión media (clave errada): 0.9344 | Hamming media: 2.10
Bob -> Reconstrucciones perfectas (con clave errada): 4



EVALUACIÓN CON 4800:

Original     --> [0 1 1 1 1 0 1 1 1 0 1 0 0 0 1 1 1 0 1 0 0 0 0 1 1 1 1 0 1 0 1 0]
Reconstruido --> [0 1 1 1 1 0 1 1 1 0 1 0 0 0 1 1 1 0 1 0 0 0 0 1 1 1 1 0 1 0 1 0] | Precisión: 1.00
Distancia de Hamming: 0
--------------------------------------------------
Original     --> [1 1 1 1 1 0 0 1 1 0 1 0 0 1 1 0 0 1 1 1 1 0 0 1 0 1 1 1 1 1 1 0]
Reconstruido --> [1 1 1 1 1 0 0 1 1 0 1 0 0 1 1 0 0 1 1 1 1 0 0 1 0 1 1 1 1 1 1 0] | Precisión: 1.00
Distancia de Hamming: 0
--------------------------------------------------
Original     --> [1 1 1 1 1 1 1 0 0 0 1 0 1 1 1 0 0 1 1 1 0 1 0 0 1 1 1 1 0 1 0 0]
Reconstruido --> [1 1 1 1 1 1 1 0 0 0 1 0 1 1 1 0 0 1 1 1 0 1 0 0 1 1 1 1 0 1 0 0] | Precisión: 1.00
Distancia de Hamming: 0
--------------------------------------------------
Original     --> [0 1 1 1 1 0 1 0 0 1 1 0 1 1 0 0 1 0 0 0 1 0 1 1 1 1 0 0 0 1 1 0]
Reconstruido --> [0 1 0 1 1 0 1 0 0 1 1 0 1 0 0 0 1 0 0 0 1 0 1 1 1 1 0 0 0 1 1 0] | Precisión: 0.94
Distancia de Hamming: 2
--------------------------------------------------
Original     --> [0 0 1 0 1 1 1 1 1 0 0 1 0 1 1 1 1 0 1 1 1 1 1 1 1 0 1 1 1 1 1 0]
Reconstruido --> [0 0 1 0 1 1 1 1 1 0 0 1 0 1 1 1 1 0 1 1 1 1 1 1 1 0 1 1 1 1 1 0] | Precisión: 1.00
Distancia de Hamming: 0
--------------------------------------------------
Original     --> [1 1 1 0 1 1 0 0 0 0 0 0 0 1 0 1 1 1 0 1 1 1 0 0 1 0 0 1 0 0 0 0]
Reconstruido --> [1 1 1 0 1 1 0 0 0 0 0 1 0 0 0 1 0 1 1 1 0 1 0 0 1 0 0 1 0 0 0 0] | Precisión: 0.84
Distancia de Hamming: 5
--------------------------------------------------
Original     --> [0 0 1 0 1 0 0 0 0 0 0 1 0 1 1 1 0 1 1 1 0 1 1 0 1 1 0 1 1 1 1 0]
Reconstruido --> [0 0 1 0 1 0 0 0 0 0 0 1 0 1 1 1 0 1 1 1 0 1 1 0 1 1 0 1 1 1 1 0] | Precisión: 1.00
Distancia de Hamming: 0
--------------------------------------------------
Original     --> [0 0 0 1 0 1 0 0 0 0 1 1 0 1 1 0 0 0 0 1 1 1 1 1 0 0 1 1 0 1 1 1]
Reconstruido --> [0 0 0 1 0 1 0 0 1 0 1 1 0 1 1 0 0 0 0 1 1 1 1 1 0 0 1 1 0 1 1 1] | Precisión: 0.97
Distancia de Hamming: 1
--------------------------------------------------
Original     --> [0 0 0 0 0 0 1 1 0 1 0 1 1 1 1 0 1 0 1 0 0 0 1 1 1 1 0 0 0 0 1 1]
Reconstruido --> [0 0 0 0 0 0 1 1 0 1 0 0 1 1 1 0 1 0 1 0 0 0 1 1 1 1 0 0 0 0 1 1] | Precisión: 0.97
Distancia de Hamming: 1
--------------------------------------------------
Original     --> [0 1 0 0 1 1 0 1 1 0 0 1 1 1 1 0 1 0 0 1 1 1 1 1 1 1 0 1 1 1 1 0]
Reconstruido --> [0 1 0 0 1 1 0 1 1 0 1 1 1 1 1 1 1 0 0 1 0 1 1 1 1 1 0 1 1 1 1 0] | Precisión: 0.91
Distancia de Hamming: 3
--------------------------------------------------
La media de la precisión del descifrado es 0.9687
Distancia media de Hamming = 1.0006 | Número de bits: 32
Número de reconstrucciones perfectas = 5390



 EVALUACIÓN DE BOB CON CLAVES ERRÓNEAS

[1] Bob (clave errada) --> [0 1 1 1 1 0 1 1 1 0 1 0 0 0 1 1 1 0 1 0 0 0 0 1 1 1 1 0 1 0 1 0] | Precisión: 1.00 | Hamming: 0
------------------------------------------------------------
[2] Bob (clave errada) --> [1 1 1 1 1 0 0 1 1 0 1 0 0 0 1 0 0 1 1 1 1 0 0 1 0 1 1 1 1 1 1 0] | Precisión: 0.97 | Hamming: 1
------------------------------------------------------------
[3] Bob (clave errada) --> [1 1 1 1 1 1 1 0 0 0 1 0 1 1 1 0 0 1 1 1 0 1 0 0 1 1 1 1 0 1 0 0] | Precisión: 1.00 | Hamming: 0
------------------------------------------------------------
[4] Bob (clave errada) --> [0 1 0 1 1 0 1 0 0 1 1 0 1 0 0 0 1 0 0 0 0 0 1 1 1 1 0 0 0 0 1 0] | Precisión: 0.88 | Hamming: 4
------------------------------------------------------------
[5] Bob (clave errada) --> [0 0 1 0 1 1 1 1 1 0 0 1 0 1 1 1 1 0 1 1 0 1 1 1 1 0 1 1 1 1 1 0] | Precisión: 0.97 | Hamming: 1
------------------------------------------------------------
[6] Bob (clave errada) --> [1 1 1 0 1 1 0 0 0 0 0 1 1 0 1 1 0 1 1 1 0 1 0 0 1 0 0 1 0 0 0 0] | Precisión: 0.78 | Hamming: 7
------------------------------------------------------------
[7] Bob (clave errada) --> [0 1 1 0 1 0 0 0 0 0 0 1 0 1 1 1 0 1 1 1 0 1 1 0 1 1 0 1 1 1 1 0] | Precisión: 0.97 | Hamming: 1
------------------------------------------------------------
[8] Bob (clave errada) --> [1 0 0 1 0 1 0 0 1 0 1 1 0 1 1 0 0 0 0 1 1 1 1 1 0 0 1 1 0 1 1 1] | Precisión: 0.94 | Hamming: 2
------------------------------------------------------------
[9] Bob (clave errada) --> [0 0 0 0 0 0 1 1 0 1 0 0 1 1 1 0 1 0 1 0 0 0 1 1 1 1 0 0 0 0 1 1] | Precisión: 0.97 | Hamming: 1
------------------------------------------------------------
[10] Bob (clave errada) --> [0 1 0 0 1 1 0 1 1 1 1 1 1 1 1 1 1 0 0 1 1 1 1 1 1 1 0 1 1 1 1 0] | Precisión: 0.91 | Hamming: 3
------------------------------------------------------------

RESULTADOS CON CLAVES ERRÓNEAS

Bob -> Precisión media (clave errada): 0.9375 | Hamming media: 2.00
Bob -> Reconstrucciones perfectas (con clave errada): 2



EVALUACIÓN CON 5100:

Original     --> [1 1 1 0 1 0 1 0 1 0 1 1 1 1 0 1 0 1 0 0 0 1 1 1 0 0 1 0 0 0 1 0]
Reconstruido --> [1 1 1 0 1 0 1 0 1 0 1 1 1 0 0 1 0 1 0 0 0 1 1 1 0 0 1 0 0 0 1 0] | Precisión: 0.97
Distancia de Hamming: 1
--------------------------------------------------
Original     --> [0 0 0 0 1 1 0 1 0 0 1 0 1 0 0 0 0 0 0 1 1 1 1 0 0 0 1 0 1 0 0 0]
Reconstruido --> [0 0 0 0 1 1 0 1 0 0 1 0 1 0 0 0 0 0 0 0 1 1 1 0 0 0 1 0 1 0 0 0] | Precisión: 0.97
Distancia de Hamming: 1
--------------------------------------------------
Original     --> [0 0 0 0 0 1 0 1 0 1 0 1 0 1 1 1 0 1 0 0 0 1 1 0 0 0 0 0 1 1 0 0]
Reconstruido --> [0 0 0 0 0 1 0 1 0 1 0 1 0 1 1 1 0 1 0 0 0 1 1 0 0 0 0 0 1 1 0 0] | Precisión: 1.00
Distancia de Hamming: 0
--------------------------------------------------
Original     --> [0 1 0 1 1 0 0 0 1 1 1 1 0 0 0 1 0 1 1 1 0 0 1 1 0 0 0 1 0 1 1 0]
Reconstruido --> [0 1 0 1 1 0 0 0 1 1 1 1 0 0 0 1 0 1 1 1 0 0 1 1 0 0 0 1 0 1 1 0] | Precisión: 1.00
Distancia de Hamming: 0
--------------------------------------------------
Original     --> [1 0 0 0 1 0 1 0 0 0 0 1 0 0 0 1 1 0 1 1 0 0 0 0 0 1 1 0 1 0 1 1]
Reconstruido --> [1 0 0 0 1 0 1 0 0 0 0 1 0 0 0 1 1 0 1 1 0 0 0 0 0 1 1 0 1 0 1 1] | Precisión: 1.00
Distancia de Hamming: 0
--------------------------------------------------
Original     --> [0 0 0 0 0 0 0 1 0 1 1 1 0 0 1 0 0 0 1 1 0 0 1 0 1 0 0 1 0 0 1 1]
Reconstruido --> [0 0 0 0 0 0 0 1 0 1 1 1 0 0 1 0 0 0 1 1 0 0 1 0 1 0 0 1 0 0 1 1] | Precisión: 1.00
Distancia de Hamming: 0
--------------------------------------------------
Original     --> [1 1 0 1 1 0 0 0 1 1 1 1 1 1 0 0 1 0 0 1 1 1 1 1 1 0 1 0 0 1 1 0]
Reconstruido --> [1 1 0 1 1 0 0 0 1 1 1 1 1 0 1 0 1 0 0 1 1 1 1 1 1 1 1 0 0 1 1 0] | Precisión: 0.91
Distancia de Hamming: 3
--------------------------------------------------
Original     --> [1 1 0 1 1 0 0 1 1 0 1 1 0 1 0 1 0 1 1 0 0 0 1 1 1 1 0 0 0 1 1 0]
Reconstruido --> [1 1 0 1 1 0 0 1 1 0 1 1 0 1 0 1 0 1 1 0 0 0 1 1 1 1 0 0 0 1 1 0] | Precisión: 1.00
Distancia de Hamming: 0
--------------------------------------------------
Original     --> [1 1 1 0 1 0 0 0 1 0 1 0 1 1 0 1 0 1 1 1 0 0 0 1 1 0 0 1 1 0 0 0]
Reconstruido --> [1 1 1 0 1 0 0 0 1 0 1 0 1 1 0 1 0 1 1 1 0 0 0 1 1 0 0 1 1 0 0 0] | Precisión: 1.00
Distancia de Hamming: 0
--------------------------------------------------
Original     --> [0 0 0 0 0 1 0 0 1 0 1 0 0 0 0 0 0 1 0 0 0 1 1 1 1 1 0 0 0 1 0 1]
Reconstruido --> [0 0 0 0 0 1 0 0 1 0 1 0 0 0 0 0 0 1 0 0 0 1 1 1 1 1 0 0 0 1 0 1] | Precisión: 1.00
Distancia de Hamming: 0
--------------------------------------------------
La media de la precisión del descifrado es 0.9574
Distancia media de Hamming = 1.3626 | Número de bits: 32
Número de reconstrucciones perfectas = 4683



 EVALUACIÓN DE BOB CON CLAVES ERRÓNEAS

[1] Bob (clave errada) --> [1 1 1 0 1 0 1 0 1 0 1 1 1 0 0 1 0 1 0 0 0 1 1 1 0 0 1 0 1 0 1 0] | Precisión: 0.94 | Hamming: 2
------------------------------------------------------------
[2] Bob (clave errada) --> [0 0 0 0 1 1 0 1 0 0 1 1 1 0 0 0 0 0 0 0 1 1 1 0 0 1 1 0 1 0 0 0] | Precisión: 0.91 | Hamming: 3
------------------------------------------------------------
[3] Bob (clave errada) --> [0 0 0 0 0 1 0 1 0 1 0 1 0 1 1 1 0 1 0 0 0 1 1 0 0 0 0 0 1 1 0 0] | Precisión: 1.00 | Hamming: 0
------------------------------------------------------------
[4] Bob (clave errada) --> [0 0 0 1 1 0 0 0 0 0 1 1 0 0 0 1 0 1 1 1 0 0 1 1 0 0 0 0 0 1 1 0] | Precisión: 0.88 | Hamming: 4
------------------------------------------------------------
[5] Bob (clave errada) --> [1 0 0 0 1 0 1 0 0 0 0 1 0 0 0 1 1 0 1 1 0 0 0 0 0 1 1 0 1 0 1 1] | Precisión: 1.00 | Hamming: 0
------------------------------------------------------------
[6] Bob (clave errada) --> [0 0 0 0 0 0 0 1 0 1 1 1 0 0 1 0 0 0 1 1 0 0 1 0 1 0 0 1 0 0 1 1] | Precisión: 1.00 | Hamming: 0
------------------------------------------------------------
[7] Bob (clave errada) --> [1 1 0 1 1 0 0 0 1 1 1 1 1 0 0 0 1 0 0 1 1 1 1 1 1 1 1 0 0 1 1 0] | Precisión: 0.94 | Hamming: 2
------------------------------------------------------------
[8] Bob (clave errada) --> [1 1 0 1 1 0 0 1 1 0 1 1 0 1 0 1 0 1 1 0 0 0 1 1 1 1 0 0 0 1 1 0] | Precisión: 1.00 | Hamming: 0
------------------------------------------------------------
[9] Bob (clave errada) --> [1 1 1 0 1 0 0 0 1 0 1 0 1 1 0 0 0 1 1 1 0 0 0 1 1 0 0 1 1 0 0 0] | Precisión: 0.97 | Hamming: 1
------------------------------------------------------------
[10] Bob (clave errada) --> [0 0 0 0 0 1 0 0 1 0 1 0 0 0 0 0 0 1 0 0 0 1 1 1 1 1 0 0 0 1 0 1] | Precisión: 1.00 | Hamming: 0
------------------------------------------------------------

RESULTADOS CON CLAVES ERRÓNEAS

Bob -> Precisión media (clave errada): 0.9625 | Hamming media: 1.20
Bob -> Reconstrucciones perfectas (con clave errada): 5



EVALUACIÓN CON 5400:

Original     --> [1 1 1 0 1 1 1 0 1 0 1 1 1 1 0 1 1 1 0 1 1 0 0 0 0 1 0 0 0 0 0 0]
Reconstruido --> [1 1 1 0 1 1 0 0 1 0 1 1 1 1 0 1 1 1 0 1 1 0 0 0 0 1 0 0 0 0 0 0] | Precisión: 0.97
Distancia de Hamming: 1
--------------------------------------------------
Original     --> [1 0 0 0 1 0 0 0 1 1 1 1 0 0 1 0 0 1 0 0 1 0 1 1 0 0 0 0 0 1 1 1]
Reconstruido --> [1 0 0 0 1 0 0 0 1 1 1 1 0 0 1 0 0 0 0 0 1 0 1 1 0 0 0 0 0 1 1 1] | Precisión: 0.97
Distancia de Hamming: 1
--------------------------------------------------
Original     --> [1 0 1 0 0 1 1 1 1 1 0 1 1 0 0 1 1 0 0 0 0 1 1 1 1 0 0 0 1 0 1 1]
Reconstruido --> [1 0 1 0 0 1 1 1 1 1 0 1 1 0 0 1 1 0 0 0 0 1 1 1 1 0 0 0 1 0 1 1] | Precisión: 1.00
Distancia de Hamming: 0
--------------------------------------------------
Original     --> [1 0 0 1 0 0 1 0 1 0 0 1 1 0 0 1 0 1 1 1 1 0 0 0 1 1 1 1 1 0 1 1]
Reconstruido --> [1 0 0 1 0 0 1 0 1 0 0 1 1 0 1 1 0 1 1 1 1 0 0 0 1 1 1 1 1 0 1 1] | Precisión: 0.97
Distancia de Hamming: 1
--------------------------------------------------
Original     --> [1 1 0 0 1 0 0 0 1 1 1 1 0 1 0 0 1 0 1 1 1 1 0 1 1 0 1 1 0 0 1 0]
Reconstruido --> [1 1 0 0 1 0 0 0 1 1 0 1 0 1 1 0 1 0 1 1 1 1 0 1 1 0 1 1 0 0 1 0] | Precisión: 0.94
Distancia de Hamming: 2
--------------------------------------------------
Original     --> [0 0 0 1 1 0 1 0 0 1 1 0 0 0 1 1 0 1 0 0 0 0 1 1 0 0 1 0 1 0 0 1]
Reconstruido --> [0 0 0 1 1 0 1 0 0 1 1 0 0 0 0 1 0 1 0 0 0 0 1 1 0 0 1 1 1 0 0 1] | Precisión: 0.94
Distancia de Hamming: 2
--------------------------------------------------
Original     --> [1 1 1 0 0 0 1 1 1 0 0 1 1 0 1 0 0 0 0 1 0 1 0 1 1 0 0 0 0 1 1 1]
Reconstruido --> [1 1 1 0 0 0 1 1 1 0 0 1 1 0 1 0 0 0 0 1 0 1 0 1 1 0 0 0 0 1 1 1] | Precisión: 1.00
Distancia de Hamming: 0
--------------------------------------------------
Original     --> [1 1 1 1 0 0 1 1 1 0 0 0 1 1 0 1 0 0 0 0 0 0 1 1 1 0 1 1 0 1 1 1]
Reconstruido --> [1 1 1 1 0 0 1 1 1 0 0 0 1 1 0 1 0 0 0 0 0 0 1 1 1 0 1 1 0 1 1 1] | Precisión: 1.00
Distancia de Hamming: 0
--------------------------------------------------
Original     --> [0 1 1 1 0 1 0 1 0 1 0 0 1 1 1 1 1 0 0 0 0 1 1 0 1 1 0 1 1 0 1 0]
Reconstruido --> [0 1 1 0 1 0 1 1 1 1 1 0 1 1 0 1 1 0 0 0 0 1 1 0 1 0 0 1 1 0 0 0] | Precisión: 0.72
Distancia de Hamming: 9
--------------------------------------------------
Original     --> [0 0 1 0 1 0 1 1 1 1 1 1 1 0 1 1 1 1 0 1 1 0 0 1 0 0 0 1 0 0 1 0]
Reconstruido --> [0 0 1 0 1 0 1 1 1 1 1 1 1 0 0 1 1 1 0 1 1 0 0 1 0 0 0 1 0 0 1 0] | Precisión: 0.97
Distancia de Hamming: 1
--------------------------------------------------
La media de la precisión del descifrado es 0.9515
Distancia media de Hamming = 1.5533 | Número de bits: 32
Número de reconstrucciones perfectas = 2969



 EVALUACIÓN DE BOB CON CLAVES ERRÓNEAS

[1] Bob (clave errada) --> [1 1 1 0 1 1 1 0 1 0 1 1 1 1 0 1 1 1 0 1 1 0 0 0 0 1 0 1 0 0 0 0] | Precisión: 0.97 | Hamming: 1
------------------------------------------------------------
[2] Bob (clave errada) --> [1 0 0 0 1 0 0 0 1 1 1 1 0 0 1 0 0 0 0 0 1 0 1 1 0 1 0 0 0 1 1 1] | Precisión: 0.94 | Hamming: 2
------------------------------------------------------------
[3] Bob (clave errada) --> [1 0 1 0 0 1 1 1 1 1 0 1 1 0 0 1 1 0 0 0 0 1 1 1 1 0 0 0 1 0 1 1] | Precisión: 1.00 | Hamming: 0
------------------------------------------------------------
[4] Bob (clave errada) --> [1 0 0 1 0 0 1 0 1 0 0 1 1 0 1 1 0 1 1 1 1 0 0 0 1 1 1 1 1 0 1 1] | Precisión: 0.97 | Hamming: 1
------------------------------------------------------------
[5] Bob (clave errada) --> [1 1 0 0 1 0 0 0 1 1 1 1 0 1 1 0 1 0 1 1 1 1 0 1 1 0 1 1 0 0 1 0] | Precisión: 0.97 | Hamming: 1
------------------------------------------------------------
[6] Bob (clave errada) --> [0 0 0 1 1 0 1 0 0 1 1 0 0 0 0 1 0 1 0 0 0 0 1 1 0 0 1 0 1 0 0 1] | Precisión: 0.97 | Hamming: 1
------------------------------------------------------------
[7] Bob (clave errada) --> [1 1 1 0 0 0 1 0 1 0 0 1 0 0 1 0 0 0 0 1 0 1 0 1 1 0 0 0 0 1 1 1] | Precisión: 0.94 | Hamming: 2
------------------------------------------------------------
[8] Bob (clave errada) --> [1 1 1 1 0 0 1 1 1 0 0 0 1 1 0 1 0 0 0 0 0 0 1 1 1 0 1 1 0 1 1 1] | Precisión: 1.00 | Hamming: 0
------------------------------------------------------------
[9] Bob (clave errada) --> [0 1 1 0 0 0 1 1 1 1 0 0 1 1 0 1 1 1 0 0 0 1 1 0 1 0 0 1 1 0 0 0] | Precisión: 0.75 | Hamming: 8
------------------------------------------------------------
[10] Bob (clave errada) --> [0 0 1 0 1 0 1 1 1 1 1 1 1 0 0 1 1 1 0 1 1 0 0 1 0 0 0 1 0 0 1 0] | Precisión: 0.97 | Hamming: 1
------------------------------------------------------------

RESULTADOS CON CLAVES ERRÓNEAS

Bob -> Precisión media (clave errada): 0.9469 | Hamming media: 1.70
Bob -> Reconstrucciones perfectas (con clave errada): 2



EVALUACIÓN CON 5700:

Original     --> [1 0 0 1 0 1 1 1 0 1 0 1 0 0 1 0 0 1 1 1 1 1 0 0 1 1 1 1 1 0 1 0]
Reconstruido --> [1 0 0 1 0 1 1 1 0 1 0 1 0 0 1 0 0 1 1 1 1 1 0 0 1 1 1 1 1 0 1 0] | Precisión: 1.00
Distancia de Hamming: 0
--------------------------------------------------
Original     --> [0 1 1 0 1 1 1 1 0 0 0 0 1 0 0 0 0 0 0 1 1 1 1 1 0 0 1 0 0 1 0 1]
Reconstruido --> [0 1 1 0 1 1 1 1 0 0 0 0 1 0 0 0 0 0 0 1 1 1 1 1 0 0 1 0 0 1 0 1] | Precisión: 1.00
Distancia de Hamming: 0
--------------------------------------------------
Original     --> [0 0 0 1 1 1 1 1 1 1 0 0 0 1 1 1 0 0 1 1 1 1 0 1 0 1 0 1 1 0 1 0]
Reconstruido --> [0 0 0 1 1 1 1 1 1 0 0 0 0 1 1 1 0 0 0 1 1 1 0 1 0 1 0 1 1 0 1 0] | Precisión: 0.94
Distancia de Hamming: 2
--------------------------------------------------
Original     --> [1 0 0 1 1 1 1 1 1 1 1 1 1 0 0 1 1 0 0 0 1 0 0 0 1 0 1 1 1 0 1 1]
Reconstruido --> [1 0 0 1 1 1 1 1 1 1 1 1 1 0 0 1 1 0 0 0 1 0 0 0 1 1 1 1 1 0 0 0] | Precisión: 0.91
Distancia de Hamming: 3
--------------------------------------------------
Original     --> [1 1 1 1 0 0 0 0 1 0 0 0 1 0 1 1 0 0 1 0 1 0 1 0 0 0 0 1 0 1 0 1]
Reconstruido --> [0 1 1 1 0 0 0 0 1 0 0 0 1 0 1 1 0 0 1 0 1 0 1 0 0 0 0 1 0 1 0 1] | Precisión: 0.97
Distancia de Hamming: 1
--------------------------------------------------
Original     --> [1 0 1 1 0 1 1 0 0 1 1 0 0 1 1 1 1 1 1 1 0 0 0 0 1 0 0 0 0 0 1 1]
Reconstruido --> [1 0 1 1 0 1 1 0 0 1 1 0 0 1 1 1 1 1 1 1 0 0 0 0 1 0 0 0 0 0 1 1] | Precisión: 1.00
Distancia de Hamming: 0
--------------------------------------------------
Original     --> [0 0 1 1 1 1 1 1 0 1 1 1 1 0 0 1 1 0 1 0 0 0 1 0 1 1 1 1 1 1 0 0]
Reconstruido --> [1 0 1 1 1 1 1 1 0 1 1 1 1 0 0 1 1 0 1 0 1 0 1 0 1 1 1 1 1 1 0 0] | Precisión: 0.94
Distancia de Hamming: 2
--------------------------------------------------
Original     --> [1 1 0 1 1 1 1 0 0 0 1 1 1 1 0 1 1 1 0 1 0 0 1 1 0 1 0 1 1 0 1 0]
Reconstruido --> [1 1 0 1 1 1 1 0 1 0 1 1 1 1 0 1 1 1 0 1 1 0 1 1 0 1 0 1 1 0 1 0] | Precisión: 0.94
Distancia de Hamming: 2
--------------------------------------------------
Original     --> [0 0 1 1 1 0 1 1 0 0 1 1 1 0 1 0 1 0 1 0 1 1 1 0 1 1 1 0 0 1 0 1]
Reconstruido --> [0 0 1 1 1 0 1 1 0 0 1 1 1 0 1 0 1 0 1 0 1 1 1 0 1 1 1 0 0 1 0 1] | Precisión: 1.00
Distancia de Hamming: 0
--------------------------------------------------
Original     --> [1 0 1 0 0 0 1 0 1 1 1 1 1 0 0 0 1 1 1 1 0 0 0 1 0 1 1 1 0 0 1 0]
Reconstruido --> [1 0 1 0 0 0 1 0 1 1 1 1 1 0 0 0 1 1 1 1 0 0 0 1 0 1 1 1 0 0 1 0] | Precisión: 1.00
Distancia de Hamming: 0
--------------------------------------------------
La media de la precisión del descifrado es 0.9683
Distancia media de Hamming = 1.0158 | Número de bits: 32
Número de reconstrucciones perfectas = 5492



 EVALUACIÓN DE BOB CON CLAVES ERRÓNEAS

[1] Bob (clave errada) --> [0 0 0 1 0 1 1 1 0 1 0 1 0 0 0 0 0 1 1 1 1 1 0 0 1 1 1 1 1 0 1 0] | Precisión: 0.94 | Hamming: 2
------------------------------------------------------------
[2] Bob (clave errada) --> [0 1 1 0 1 1 1 1 0 0 0 0 1 0 0 0 0 0 0 1 1 1 0 1 0 0 1 0 0 1 0 1] | Precisión: 0.97 | Hamming: 1
------------------------------------------------------------
[3] Bob (clave errada) --> [1 1 1 1 1 1 1 1 1 1 0 0 0 1 1 1 0 0 1 1 1 1 1 1 1 1 1 1 1 0 1 0] | Precisión: 0.81 | Hamming: 6
------------------------------------------------------------
[4] Bob (clave errada) --> [1 0 0 1 1 1 1 1 1 1 1 1 1 0 0 1 1 0 0 0 1 0 0 0 1 1 1 1 1 0 1 0] | Precisión: 0.94 | Hamming: 2
------------------------------------------------------------
[5] Bob (clave errada) --> [0 1 1 1 0 0 0 0 1 0 0 0 1 0 1 1 0 0 1 0 1 0 1 0 0 0 0 1 0 1 0 1] | Precisión: 0.97 | Hamming: 1
------------------------------------------------------------
[6] Bob (clave errada) --> [1 0 1 1 0 1 1 0 0 1 1 0 0 1 1 1 1 1 1 1 0 0 0 0 1 0 0 0 0 0 1 1] | Precisión: 1.00 | Hamming: 0
------------------------------------------------------------
[7] Bob (clave errada) --> [1 0 1 1 1 1 1 1 0 1 1 1 1 0 0 1 1 0 1 0 1 0 1 0 1 1 1 1 1 1 0 0] | Precisión: 0.94 | Hamming: 2
------------------------------------------------------------
[8] Bob (clave errada) --> [1 1 0 1 1 1 1 0 1 0 1 1 1 1 0 1 1 1 0 1 1 0 1 1 0 1 0 1 1 0 1 0] | Precisión: 0.94 | Hamming: 2
------------------------------------------------------------
[9] Bob (clave errada) --> [0 0 1 1 1 0 1 1 0 0 1 1 1 0 1 0 1 0 1 0 1 1 1 0 1 1 1 0 0 1 0 1] | Precisión: 1.00 | Hamming: 0
------------------------------------------------------------
[10] Bob (clave errada) --> [1 0 1 0 0 0 1 0 1 1 1 1 1 0 0 0 1 1 1 1 0 0 0 1 1 1 1 1 0 0 1 0] | Precisión: 0.97 | Hamming: 1
------------------------------------------------------------

RESULTADOS CON CLAVES ERRÓNEAS

Bob -> Precisión media (clave errada): 0.9469 | Hamming media: 1.70
Bob -> Reconstrucciones perfectas (con clave errada): 2



EVALUACIÓN CON 6000:

Original     --> [1 1 0 1 0 1 0 0 1 0 0 0 1 1 1 1 0 1 1 0 1 1 1 0 0 0 0 0 1 0 1 1]
Reconstruido --> [1 1 0 1 0 1 0 0 1 0 0 0 1 1 1 1 0 1 1 0 1 1 0 0 0 0 0 0 1 0 1 0] | Precisión: 0.94
Distancia de Hamming: 2
--------------------------------------------------
Original     --> [0 1 0 0 1 0 1 0 1 1 1 1 1 0 1 1 0 1 0 1 1 0 0 1 1 0 0 1 0 0 1 1]
Reconstruido --> [0 1 0 0 1 0 1 0 1 1 1 1 1 0 1 1 0 1 0 1 1 0 0 1 1 0 0 1 0 0 1 1] | Precisión: 1.00
Distancia de Hamming: 0
--------------------------------------------------
Original     --> [0 0 1 1 1 1 0 0 1 1 0 1 1 0 1 0 0 1 1 0 1 0 1 1 1 1 0 1 0 1 1 0]
Reconstruido --> [0 0 1 1 1 0 0 0 1 1 0 1 1 0 1 0 0 1 0 0 1 0 1 1 1 1 0 1 0 1 1 0] | Precisión: 0.94
Distancia de Hamming: 2
--------------------------------------------------
Original     --> [1 1 0 1 1 1 0 1 0 1 1 1 0 0 0 1 1 1 0 0 1 1 0 1 0 1 0 1 1 1 1 0]
Reconstruido --> [1 0 0 0 1 1 0 1 0 1 1 1 0 0 1 1 1 1 0 0 1 1 0 0 0 1 0 1 1 1 1 0] | Precisión: 0.88
Distancia de Hamming: 4
--------------------------------------------------
Original     --> [0 0 0 1 1 1 1 1 0 1 1 0 0 1 1 0 0 0 0 1 1 1 0 0 0 1 1 0 0 0 0 1]
Reconstruido --> [0 0 0 1 1 1 1 1 0 1 1 0 0 1 1 0 0 0 0 1 1 1 0 0 0 1 1 0 0 0 0 1] | Precisión: 1.00
Distancia de Hamming: 0
--------------------------------------------------
Original     --> [0 0 0 1 1 0 1 0 0 0 0 0 0 1 1 1 1 0 1 1 1 1 0 0 0 1 1 0 1 0 1 1]
Reconstruido --> [0 0 1 1 1 0 1 0 0 0 1 0 0 0 1 1 0 0 1 1 1 1 0 0 0 1 1 0 1 0 1 1] | Precisión: 0.88
Distancia de Hamming: 4
--------------------------------------------------
Original     --> [1 0 1 1 0 0 1 0 0 1 0 1 0 1 0 1 0 0 1 1 0 1 1 0 1 0 1 0 1 0 0 1]
Reconstruido --> [1 0 1 1 0 0 1 0 0 1 0 1 0 1 0 1 0 0 1 1 0 1 1 0 1 0 1 0 1 0 0 1] | Precisión: 1.00
Distancia de Hamming: 0
--------------------------------------------------
Original     --> [0 1 0 1 0 1 1 1 0 1 1 0 1 1 1 0 0 0 1 0 1 0 0 0 0 0 0 1 0 0 0 0]
Reconstruido --> [0 1 0 1 0 1 1 1 0 1 1 0 1 1 1 0 0 0 1 0 1 0 0 0 0 0 0 1 0 0 0 0] | Precisión: 1.00
Distancia de Hamming: 0
--------------------------------------------------
Original     --> [0 0 0 1 0 0 1 0 1 0 0 1 0 0 0 0 0 0 1 1 0 0 0 0 0 0 1 0 1 1 1 0]
Reconstruido --> [0 0 0 1 0 0 1 0 1 0 0 1 0 0 0 0 0 0 1 1 0 1 0 0 0 0 1 0 1 1 1 0] | Precisión: 0.97
Distancia de Hamming: 1
--------------------------------------------------
Original     --> [0 0 0 1 0 1 1 0 1 1 1 1 1 1 0 0 0 0 0 1 1 0 0 0 1 1 0 1 0 0 1 1]
Reconstruido --> [0 0 0 1 0 1 1 0 1 1 1 1 1 1 0 0 0 0 0 1 1 0 0 0 1 1 0 1 0 0 1 1] | Precisión: 1.00
Distancia de Hamming: 0
--------------------------------------------------
La media de la precisión del descifrado es 0.9588
Distancia media de Hamming = 1.3189 | Número de bits: 32
Número de reconstrucciones perfectas = 4627



 EVALUACIÓN DE BOB CON CLAVES ERRÓNEAS

[1] Bob (clave errada) --> [1 1 0 1 0 1 0 0 1 0 0 0 1 1 1 1 0 1 1 0 1 0 0 0 0 0 0 0 1 0 1 0] | Precisión: 0.91 | Hamming: 3
------------------------------------------------------------
[2] Bob (clave errada) --> [0 1 0 0 1 0 1 0 1 1 1 1 1 0 1 1 0 1 0 1 1 0 0 1 1 0 0 1 0 0 1 1] | Precisión: 1.00 | Hamming: 0
------------------------------------------------------------
[3] Bob (clave errada) --> [0 0 1 1 1 0 0 0 1 1 0 1 1 0 1 0 0 1 0 0 1 0 1 1 1 1 0 0 0 1 1 0] | Precisión: 0.91 | Hamming: 3
------------------------------------------------------------
[4] Bob (clave errada) --> [1 0 0 0 1 1 0 1 0 1 1 1 0 0 0 1 1 0 0 0 1 1 0 1 0 1 0 1 1 1 1 0] | Precisión: 0.91 | Hamming: 3
------------------------------------------------------------
[5] Bob (clave errada) --> [0 1 0 1 1 1 1 1 0 1 1 0 1 1 1 0 0 0 1 1 1 1 0 0 0 1 1 0 0 1 0 1] | Precisión: 0.88 | Hamming: 4
------------------------------------------------------------
[6] Bob (clave errada) --> [0 0 0 1 1 0 1 0 0 0 1 0 0 0 1 1 0 0 1 1 1 1 0 0 0 1 1 0 1 0 1 1] | Precisión: 0.91 | Hamming: 3
------------------------------------------------------------
[7] Bob (clave errada) --> [1 0 1 1 0 0 1 0 0 1 0 1 0 1 0 1 0 0 1 1 0 1 1 0 1 0 1 0 1 0 0 1] | Precisión: 1.00 | Hamming: 0
------------------------------------------------------------
[8] Bob (clave errada) --> [0 1 0 1 0 1 1 1 0 1 1 0 1 1 1 0 0 0 1 0 1 0 0 0 0 0 0 1 0 0 0 0] | Precisión: 1.00 | Hamming: 0
------------------------------------------------------------
[9] Bob (clave errada) --> [0 0 0 1 0 0 1 0 1 0 0 0 0 0 0 0 0 0 1 1 0 1 0 0 0 0 0 0 0 0 1 0] | Precisión: 0.84 | Hamming: 5
------------------------------------------------------------
[10] Bob (clave errada) --> [0 1 0 1 0 1 1 0 1 1 1 1 1 1 0 0 0 0 0 1 1 1 0 0 1 1 0 1 0 0 1 1] | Precisión: 0.94 | Hamming: 2
------------------------------------------------------------

RESULTADOS CON CLAVES ERRÓNEAS

Bob -> Precisión media (clave errada): 0.9281 | Hamming media: 2.30
Bob -> Reconstrucciones perfectas (con clave errada): 3


Tiempo total de ejecución (s): 4321.339082241058

