-- RESULTADOS DEL EXPERIMENTO 2.1. --

Número de mensajes = 10000
Número de bits = 32
Tamaño del batch = 512
Adam optimizer learning rate = 0.001
Epochs totales = 6000
Epochs iniciales = 500
alfa = 1.0
beta = 2.0
gamma = 7.0

EVALUACIÓN CON 500:

[1] Original  --> [0 0 1 1 0 1 0 1 1 1 1 1 1 0 0 1 1 1 0 1 1 0 0 1 0 1 0 0 1 0 0 0]
     Bob       --> [0 0 1 1 0 1 0 1 1 1 1 1 1 0 0 1 1 1 0 0 1 0 0 1 0 1 0 0 1 0 0 0]   | Precisión: 0.97 | Hamming: 1
     Eve       --> [1 1 0 0 0 0 1 0 1 0 0 0 0 0 0 0 1 0 1 0 1 1 0 0 1 0 1 0 1 1 1 1]   | Precisión: 0.28 | Hamming: 23
------------------------------------------------------------
[2] Original  --> [1 1 0 1 1 0 1 0 0 1 1 0 0 1 1 1 0 1 0 1 1 0 0 1 0 1 1 1 1 1 1 1]
     Bob       --> [1 0 0 0 0 0 1 0 0 0 1 0 0 1 1 0 0 1 0 1 1 0 0 1 0 1 1 0 0 0 1 1]   | Precisión: 0.75 | Hamming: 8
     Eve       --> [0 1 0 0 1 0 1 1 1 0 0 0 0 0 1 0 1 0 0 1 0 0 1 1 0 0 0 1 1 0 1 1]   | Precisión: 0.53 | Hamming: 15
------------------------------------------------------------
[3] Original  --> [1 1 1 0 1 0 1 0 1 0 0 1 1 0 1 0 1 0 0 0 1 1 1 1 0 0 1 1 1 0 0 1]
     Bob       --> [1 1 1 0 1 0 1 0 1 0 0 1 0 0 0 0 1 0 0 0 1 0 1 0 1 1 1 1 1 1 0 0]   | Precisión: 0.75 | Hamming: 8
     Eve       --> [1 0 0 0 1 1 0 1 1 0 1 0 0 0 1 1 0 1 1 0 1 1 1 0 0 0 0 0 1 1 1 1]   | Precisión: 0.47 | Hamming: 17
------------------------------------------------------------
[4] Original  --> [0 0 1 0 0 1 1 0 1 0 1 0 0 1 1 1 1 0 0 1 1 1 1 0 1 0 1 0 0 0 0 1]
     Bob       --> [0 0 1 0 1 1 0 0 1 1 0 0 0 1 1 1 0 0 0 0 1 1 1 0 1 0 1 0 0 0 1 1]   | Precisión: 0.78 | Hamming: 7
     Eve       --> [1 1 0 1 1 1 1 1 1 0 1 0 0 0 1 0 1 0 0 1 0 0 1 0 0 0 0 1 1 0 1 0]   | Precisión: 0.50 | Hamming: 16
------------------------------------------------------------
[5] Original  --> [0 0 1 1 1 1 1 1 0 1 0 0 0 0 1 1 1 0 0 1 1 1 0 1 0 1 0 0 1 0 0 0]
     Bob       --> [0 0 1 1 1 1 1 1 0 1 0 1 0 0 1 1 1 0 0 0 1 1 0 1 1 1 0 0 0 0 0 0]   | Precisión: 0.88 | Hamming: 4
     Eve       --> [1 1 0 0 0 1 0 1 1 0 0 0 0 0 1 1 0 1 1 0 1 0 1 0 0 0 0 0 1 1 1 1]   | Precisión: 0.41 | Hamming: 19
------------------------------------------------------------
[6] Original  --> [0 1 1 0 0 0 1 0 0 0 1 0 1 0 1 1 0 1 0 0 1 1 1 0 0 0 1 0 0 0 0 1]
     Bob       --> [0 1 1 0 0 0 1 0 0 0 0 0 1 0 1 1 0 1 1 0 1 0 1 0 0 1 1 0 0 0 0 1]   | Precisión: 0.88 | Hamming: 4
     Eve       --> [1 1 1 1 1 1 1 1 0 0 0 0 0 1 1 0 1 0 0 1 0 0 0 0 0 0 0 1 1 0 1 0]   | Precisión: 0.38 | Hamming: 20
------------------------------------------------------------
[7] Original  --> [1 0 0 0 1 0 1 1 0 1 0 1 1 0 1 0 1 1 0 1 0 0 0 0 1 1 1 0 1 1 0 1]
     Bob       --> [1 0 0 1 1 0 1 1 0 1 0 0 1 0 1 0 1 0 0 0 0 0 0 0 1 1 0 0 1 0 0 1]   | Precisión: 0.81 | Hamming: 6
     Eve       --> [1 1 0 0 1 1 0 1 1 0 1 0 0 0 1 1 1 1 0 0 1 0 0 0 0 1 1 1 1 0 1 0]   | Precisión: 0.50 | Hamming: 16
------------------------------------------------------------
[8] Original  --> [0 1 1 0 0 0 0 1 1 1 1 1 0 1 1 0 0 0 1 0 0 1 0 1 1 1 0 1 0 1 1 1]
     Bob       --> [0 1 1 0 0 0 0 1 1 1 1 1 0 1 1 0 0 0 1 0 0 1 0 1 1 1 0 1 0 1 0 1]   | Precisión: 0.97 | Hamming: 1
     Eve       --> [1 1 0 0 1 1 1 1 0 0 1 1 0 0 1 0 1 1 0 1 1 0 0 0 0 0 0 0 1 0 1 0]   | Precisión: 0.34 | Hamming: 21
------------------------------------------------------------
[9] Original  --> [1 0 0 0 0 1 0 0 0 1 1 0 0 1 0 1 1 1 0 0 1 0 1 0 0 1 0 0 1 0 1 1]
     Bob       --> [0 0 0 0 0 1 0 0 0 1 1 0 0 1 0 1 1 1 0 0 1 0 1 0 0 1 0 0 1 0 1 1]   | Precisión: 0.97 | Hamming: 1
     Eve       --> [0 1 0 0 1 1 1 1 0 0 0 1 0 0 1 0 1 0 0 1 0 0 1 0 0 0 0 1 1 1 1 1]   | Precisión: 0.47 | Hamming: 17
------------------------------------------------------------
[10] Original  --> [1 0 0 1 0 0 0 1 1 0 1 1 0 1 0 0 0 1 0 1 1 0 1 0 0 0 1 0 1 0 0 0]
     Bob       --> [1 0 0 0 0 0 0 1 1 0 1 1 0 1 0 0 0 1 0 1 1 0 1 0 0 0 1 0 0 0 0 0]   | Precisión: 0.94 | Hamming: 2
     Eve       --> [0 0 0 0 1 0 0 0 1 0 0 0 0 1 0 0 0 0 1 0 1 1 0 1 0 0 0 0 1 1 1 1]   | Precisión: 0.50 | Hamming: 16
------------------------------------------------------------

RESULTADOS FINALES

Bob -> Precisión media: 0.8791 | Hamming media: 3.87
Eve -> Precisión media: 0.4204 | Hamming media: 18.55
Bob -> Perfectas: 260 | Eve -> Perfectas: 0

EVALUACIÓN CON CLAVES ERRÓNEAS PARA BOB

[1] Bob (clave errada) --> [0 0 1 1 0 1 0 1 1 1 1 1 1 0 0 1 1 1 0 1 1 0 0 1 0 1 0 0 1 0 0 0] | Precisión: 1.00 | Hamming: 0
------------------------------------------------------------
[2] Bob (clave errada) --> [1 0 0 0 0 0 1 0 0 0 1 0 0 1 1 0 0 1 0 0 1 0 0 1 0 1 1 0 0 0 0 1] | Precisión: 0.69 | Hamming: 10
------------------------------------------------------------
[3] Bob (clave errada) --> [0 0 1 0 0 0 0 1 1 0 0 1 0 0 0 0 1 0 0 0 1 0 1 0 0 1 0 1 1 0 0 0] | Precisión: 0.62 | Hamming: 12
------------------------------------------------------------
[4] Bob (clave errada) --> [0 0 0 0 0 0 0 0 0 0 0 0 0 0 0 0 0 0 0 0 1 0 0 0 0 0 0 0 0 0 0 0] | Precisión: 0.53 | Hamming: 15
------------------------------------------------------------
[5] Bob (clave errada) --> [0 0 1 1 1 1 1 1 0 1 0 1 0 0 1 1 1 0 0 0 1 1 0 1 1 1 0 0 0 0 0 0] | Precisión: 0.88 | Hamming: 4
------------------------------------------------------------
[6] Bob (clave errada) --> [0 1 1 0 0 0 1 0 0 0 1 0 0 0 1 1 0 1 1 0 1 1 1 0 0 1 1 0 0 0 0 1] | Precisión: 0.91 | Hamming: 3
------------------------------------------------------------
[7] Bob (clave errada) --> [1 0 0 0 0 0 1 1 0 0 0 0 0 0 1 0 1 0 0 0 0 0 0 0 1 1 0 0 0 0 0 1] | Precisión: 0.72 | Hamming: 9
------------------------------------------------------------
[8] Bob (clave errada) --> [0 0 1 0 0 0 0 0 1 0 0 0 0 0 1 0 0 0 0 0 0 1 0 1 1 0 0 0 0 1 0 0] | Precisión: 0.66 | Hamming: 11
------------------------------------------------------------
[9] Bob (clave errada) --> [1 0 0 0 0 1 0 0 0 1 1 0 0 1 0 1 1 1 0 0 1 0 1 0 0 1 0 0 1 0 1 1] | Precisión: 1.00 | Hamming: 0
------------------------------------------------------------
[10] Bob (clave errada) --> [0 0 0 0 0 0 0 0 1 0 0 0 0 0 0 0 0 0 0 0 1 0 0 0 0 0 0 0 0 0 0 0] | Precisión: 0.66 | Hamming: 11
------------------------------------------------------------

RESULTADOS CON CLAVES ERRÓNEAS

Bob -> Precisión media (clave errada): 0.7811 | Hamming media: 7.01

EVALUACIÓN CON 1000:

[1] Original  --> [1 0 0 0 1 1 0 0 0 0 0 0 0 1 0 1 1 1 1 0 0 0 1 1 0 1 1 1 0 1 1 1]
     Bob       --> [1 0 1 0 1 0 0 1 0 1 0 0 0 1 0 1 1 1 0 0 0 0 1 1 0 1 1 1 0 1 1 1]   | Precisión: 0.84 | Hamming: 5
     Eve       --> [1 0 1 1 0 1 1 1 1 0 0 1 1 1 0 0 0 1 1 0 0 1 1 0 1 1 0 0 1 0 1 1]   | Precisión: 0.47 | Hamming: 17
------------------------------------------------------------
[2] Original  --> [0 0 0 0 1 0 0 1 0 1 0 1 1 0 0 1 1 1 0 1 0 0 0 1 0 1 0 0 1 0 1 0]
     Bob       --> [0 0 0 0 0 0 0 1 0 0 0 1 1 0 0 1 1 1 0 1 0 0 1 1 0 1 1 1 1 0 1 0]   | Precisión: 0.84 | Hamming: 5
     Eve       --> [1 1 0 1 0 1 1 0 0 0 0 1 0 0 1 0 0 1 1 0 1 1 0 0 0 1 0 0 1 0 0 0]   | Precisión: 0.44 | Hamming: 18
------------------------------------------------------------
[3] Original  --> [0 1 1 1 1 1 1 0 0 1 1 1 1 1 1 1 0 0 0 0 0 0 1 0 1 0 0 0 1 0 1 0]
     Bob       --> [0 1 1 1 1 1 1 0 0 1 1 1 1 1 1 1 0 0 0 0 0 0 1 0 1 0 0 0 1 0 1 0]   | Precisión: 1.00 | Hamming: 0
     Eve       --> [1 0 0 1 0 1 0 1 0 0 0 0 1 0 0 0 0 1 1 1 1 1 1 0 1 1 1 0 1 0 0 0]   | Precisión: 0.38 | Hamming: 20
------------------------------------------------------------
[4] Original  --> [0 0 0 0 0 0 1 1 0 0 0 1 0 1 1 0 1 0 0 1 0 1 0 1 1 0 0 0 0 0 0 1]
     Bob       --> [0 0 0 0 0 0 0 0 0 0 0 1 0 0 0 0 0 0 0 0 0 0 0 1 0 0 0 0 0 0 0 0]   | Precisión: 0.72 | Hamming: 9
     Eve       --> [1 0 0 1 0 1 1 1 1 1 0 0 0 0 1 0 0 1 1 1 1 0 0 0 1 1 1 1 1 0 1 1]   | Precisión: 0.44 | Hamming: 18
------------------------------------------------------------
[5] Original  --> [1 0 1 0 0 0 0 1 0 0 0 0 1 0 1 1 1 0 0 0 0 1 1 1 1 0 0 1 0 0 0 0]
     Bob       --> [1 0 1 0 1 0 0 1 0 0 0 0 1 0 1 1 1 0 0 0 0 1 1 1 1 0 0 1 0 0 0 0]   | Precisión: 0.97 | Hamming: 1
     Eve       --> [1 0 0 1 0 1 0 1 1 0 0 0 1 1 1 1 0 1 1 0 0 1 0 0 1 1 1 0 1 1 0 1]   | Precisión: 0.50 | Hamming: 16
------------------------------------------------------------
[6] Original  --> [1 1 0 0 1 1 0 0 1 1 1 1 1 0 1 1 0 0 0 0 0 0 0 1 0 0 0 1 0 1 0 0]
     Bob       --> [0 1 0 0 0 1 0 0 1 1 1 1 1 0 1 1 0 0 0 0 0 0 0 1 0 0 0 1 0 1 0 0]   | Precisión: 0.94 | Hamming: 2
     Eve       --> [0 0 0 1 1 0 1 1 0 0 0 0 0 0 1 0 1 1 1 1 1 1 0 0 1 1 1 0 1 0 0 1]   | Precisión: 0.19 | Hamming: 26
------------------------------------------------------------
[7] Original  --> [1 0 1 0 0 1 1 1 1 1 0 0 1 0 0 0 0 0 0 0 1 0 0 1 0 1 1 0 0 1 1 1]
     Bob       --> [1 0 1 0 0 0 1 1 1 1 0 0 1 0 0 0 0 0 1 0 1 0 0 1 0 1 1 0 0 1 1 1]   | Precisión: 0.94 | Hamming: 2
     Eve       --> [1 0 1 1 0 1 0 1 0 0 0 1 0 1 0 1 1 1 1 0 0 1 0 0 1 0 1 0 1 0 0 0]   | Precisión: 0.38 | Hamming: 20
------------------------------------------------------------
[8] Original  --> [0 0 0 1 1 0 1 0 0 0 1 1 0 0 0 1 1 0 1 0 1 1 1 1 1 0 0 0 0 0 1 0]
     Bob       --> [0 0 1 1 1 0 1 0 0 0 1 1 0 0 0 1 1 0 1 0 1 1 1 1 1 0 0 0 0 0 1 0]   | Precisión: 0.97 | Hamming: 1
     Eve       --> [1 0 0 1 1 1 0 1 0 0 0 1 0 1 0 0 1 1 1 1 1 1 0 0 1 1 1 1 1 0 0 0]   | Precisión: 0.50 | Hamming: 16
------------------------------------------------------------
[9] Original  --> [1 0 1 0 0 1 0 1 0 0 1 1 0 1 0 0 0 1 0 1 1 0 0 0 0 1 1 1 1 1 0 1]
     Bob       --> [1 0 1 0 0 1 0 1 0 0 1 1 0 1 0 0 0 1 1 1 1 0 0 0 0 1 1 1 1 1 0 1]   | Precisión: 0.97 | Hamming: 1
     Eve       --> [1 1 0 1 0 1 0 1 1 0 0 0 1 0 1 0 0 1 1 0 0 1 0 0 0 1 0 1 1 0 1 1]   | Precisión: 0.50 | Hamming: 16
------------------------------------------------------------
[10] Original  --> [0 1 0 0 1 1 1 0 0 1 1 1 0 0 1 1 0 0 0 1 0 1 0 1 1 0 0 0 0 1 1 1]
     Bob       --> [0 1 1 0 0 1 1 0 0 1 0 1 0 0 1 1 0 0 0 0 0 0 0 1 1 0 0 0 0 1 1 1]   | Precisión: 0.84 | Hamming: 5
     Eve       --> [0 0 1 1 1 0 0 1 0 1 0 0 0 0 1 0 1 1 1 1 1 1 0 0 1 1 1 0 1 0 0 1]   | Precisión: 0.41 | Hamming: 19
------------------------------------------------------------

RESULTADOS FINALES

Bob -> Precisión media: 0.9144 | Hamming media: 2.74
Eve -> Precisión media: 0.4375 | Hamming media: 18.00
Bob -> Perfectas: 942 | Eve -> Perfectas: 0

EVALUACIÓN CON CLAVES ERRÓNEAS PARA BOB

[1] Bob (clave errada) --> [0 0 0 0 0 0 0 0 0 0 0 0 0 0 0 0 0 0 0 0 0 0 0 0 0 0 0 0 0 0 0 0] | Precisión: 0.50 | Hamming: 16
------------------------------------------------------------
[2] Bob (clave errada) --> [0 0 0 0 0 0 0 0 0 0 0 0 0 0 0 0 0 0 0 0 0 0 0 0 0 0 0 0 0 0 0 0] | Precisión: 0.59 | Hamming: 13
------------------------------------------------------------
[3] Bob (clave errada) --> [0 0 0 0 0 0 0 0 0 0 0 0 0 0 0 0 0 0 0 0 0 0 0 0 0 0 0 0 0 0 0 0] | Precisión: 0.47 | Hamming: 17
------------------------------------------------------------
[4] Bob (clave errada) --> [0 0 0 0 0 0 0 0 0 0 0 0 0 0 0 0 0 0 0 0 0 0 0 1 0 0 0 0 0 0 0 0] | Precisión: 0.69 | Hamming: 10
------------------------------------------------------------
[5] Bob (clave errada) --> [0 0 0 0 0 0 0 0 0 0 0 0 0 0 0 0 0 0 0 0 0 0 0 0 0 0 0 0 0 0 0 0] | Precisión: 0.62 | Hamming: 12
------------------------------------------------------------
[6] Bob (clave errada) --> [0 0 0 0 0 0 0 0 0 0 0 0 0 0 0 0 0 0 0 0 0 0 0 0 0 0 0 0 0 0 0 0] | Precisión: 0.56 | Hamming: 14
------------------------------------------------------------
[7] Bob (clave errada) --> [0 0 0 0 0 0 0 0 0 0 0 0 0 0 0 0 0 0 0 0 0 0 0 0 0 0 1 0 0 1 0 0] | Precisión: 0.59 | Hamming: 13
------------------------------------------------------------
[8] Bob (clave errada) --> [0 0 0 0 0 0 0 0 0 0 0 0 0 0 0 0 0 0 0 0 0 0 0 0 0 0 0 0 0 0 0 0] | Precisión: 0.56 | Hamming: 14
------------------------------------------------------------
[9] Bob (clave errada) --> [0 0 0 0 0 0 0 0 0 0 0 0 0 0 0 0 0 0 0 0 0 0 0 0 0 0 0 0 0 0 0 0] | Precisión: 0.50 | Hamming: 16
------------------------------------------------------------
[10] Bob (clave errada) --> [0 0 0 0 0 0 0 0 0 0 0 0 0 0 0 0 0 0 0 0 0 0 0 0 0 0 0 0 0 0 0 0] | Precisión: 0.50 | Hamming: 16
------------------------------------------------------------

RESULTADOS CON CLAVES ERRÓNEAS

Bob -> Precisión media (clave errada): 0.5258 | Hamming media: 15.18

EVALUACIÓN CON 1500:

[1] Original  --> [0 1 1 1 0 0 1 0 0 0 0 1 1 0 0 0 0 1 0 0 0 0 1 0 0 0 1 0 0 0 0 1]
     Bob       --> [0 1 1 1 0 0 1 0 0 0 0 1 1 0 0 0 0 1 1 0 0 0 1 0 0 0 1 0 0 0 0 1]   | Precisión: 0.97 | Hamming: 1
     Eve       --> [1 0 1 1 0 1 1 1 0 1 0 1 0 0 1 0 0 0 0 1 1 1 0 1 0 0 0 1 0 0 1 0]   | Precisión: 0.47 | Hamming: 17
------------------------------------------------------------
[2] Original  --> [0 0 1 1 1 0 1 1 0 0 1 0 1 0 0 1 0 1 0 1 0 0 1 0 0 0 1 1 1 0 0 0]
     Bob       --> [0 0 1 1 1 0 1 1 0 0 1 0 1 0 0 1 0 1 0 1 0 0 1 1 0 0 1 1 1 0 0 0]   | Precisión: 0.97 | Hamming: 1
     Eve       --> [1 1 0 1 0 0 1 1 0 1 0 1 0 1 1 1 0 0 0 1 1 1 0 1 1 1 1 1 0 0 1 1]   | Precisión: 0.38 | Hamming: 20
------------------------------------------------------------
[3] Original  --> [1 1 1 1 1 1 1 0 1 1 1 1 0 1 1 0 0 1 1 1 1 1 1 1 0 1 0 1 1 0 1 0]
     Bob       --> [1 1 1 1 0 1 1 0 1 1 1 1 0 1 1 1 0 1 0 1 1 1 1 1 0 1 0 1 1 0 1 0]   | Precisión: 0.91 | Hamming: 3
     Eve       --> [1 0 1 1 1 1 0 1 1 0 0 1 0 0 1 0 0 1 1 0 1 0 0 0 1 0 0 0 0 0 1 1]   | Precisión: 0.53 | Hamming: 15
------------------------------------------------------------
[4] Original  --> [1 1 1 1 0 1 1 0 1 1 0 1 1 0 0 1 0 1 0 1 0 1 1 1 0 0 0 1 1 0 0 1]
     Bob       --> [1 1 1 1 0 1 1 0 1 1 0 1 1 0 0 1 0 1 0 1 0 1 1 1 0 0 0 1 1 0 0 1]   | Precisión: 1.00 | Hamming: 0
     Eve       --> [1 0 0 1 1 0 1 0 0 0 0 1 0 0 1 1 0 1 0 0 1 0 1 0 1 1 0 0 0 0 1 1]   | Precisión: 0.47 | Hamming: 17
------------------------------------------------------------
[5] Original  --> [0 1 1 1 0 0 0 1 1 0 0 0 0 1 0 1 0 1 0 1 1 1 0 0 0 1 0 1 1 0 1 0]
     Bob       --> [0 1 1 1 0 0 0 1 1 0 0 0 0 1 0 1 0 1 0 1 1 1 0 0 0 1 0 1 1 0 1 0]   | Precisión: 1.00 | Hamming: 0
     Eve       --> [1 0 1 0 1 0 1 1 1 1 0 0 0 0 1 1 0 0 1 1 1 0 1 1 1 0 0 0 0 0 1 1]   | Precisión: 0.44 | Hamming: 18
------------------------------------------------------------
[6] Original  --> [1 0 0 0 0 1 1 0 0 0 0 0 0 1 0 0 1 1 0 0 1 0 1 0 0 1 1 1 1 1 1 0]
     Bob       --> [1 0 0 0 0 1 1 0 0 1 0 0 1 1 1 0 1 1 0 0 1 1 1 0 0 1 1 1 1 1 1 0]   | Precisión: 0.88 | Hamming: 4
     Eve       --> [1 0 0 1 1 0 1 0 0 0 0 0 1 0 1 0 0 0 0 0 1 0 0 1 0 0 0 0 0 0 1 1]   | Precisión: 0.50 | Hamming: 16
------------------------------------------------------------
[7] Original  --> [1 0 0 1 1 1 1 1 1 0 0 0 0 0 1 1 0 1 1 1 1 0 1 1 1 1 1 0 0 1 0 0]
     Bob       --> [1 0 0 1 1 1 1 1 1 0 0 0 0 0 1 1 0 1 0 1 1 0 1 1 1 1 1 0 0 1 0 0]   | Precisión: 0.97 | Hamming: 1
     Eve       --> [1 0 1 0 1 0 0 0 0 1 0 0 0 0 1 1 0 0 0 1 0 0 1 0 1 0 1 1 0 0 1 1]   | Precisión: 0.50 | Hamming: 16
------------------------------------------------------------
[8] Original  --> [1 1 1 1 0 0 1 0 1 1 1 1 0 1 1 1 0 0 1 1 1 1 0 0 0 1 0 1 1 0 0 1]
     Bob       --> [1 1 1 1 0 0 1 0 1 1 1 1 0 1 1 1 0 0 1 1 1 1 0 0 0 1 0 1 1 1 0 1]   | Precisión: 0.97 | Hamming: 1
     Eve       --> [1 0 1 0 1 0 1 0 1 0 0 1 0 0 0 0 0 1 0 0 1 0 0 1 1 0 1 1 0 0 1 1]   | Precisión: 0.44 | Hamming: 18
------------------------------------------------------------
[9] Original  --> [0 0 0 1 1 1 0 1 0 0 0 1 1 0 0 0 0 1 0 1 1 0 1 0 0 1 1 0 0 0 0 0]
     Bob       --> [0 0 0 1 1 1 0 1 0 0 0 1 1 0 0 1 0 1 0 1 1 0 1 0 0 1 1 0 0 0 0 0]   | Precisión: 0.97 | Hamming: 1
     Eve       --> [1 0 0 1 0 0 1 1 1 0 0 1 0 0 1 1 0 1 0 1 0 0 1 1 1 0 0 0 0 0 1 1]   | Precisión: 0.53 | Hamming: 15
------------------------------------------------------------
[10] Original  --> [1 1 0 1 0 0 0 0 1 0 1 1 1 0 0 1 0 1 1 0 0 0 1 0 1 0 0 1 0 1 0 0]
     Bob       --> [1 1 0 1 0 0 0 0 1 0 1 1 1 0 0 1 0 1 1 0 0 0 1 0 1 0 0 1 0 1 0 0]   | Precisión: 1.00 | Hamming: 0
     Eve       --> [0 0 1 1 0 1 1 1 1 1 0 0 0 1 0 1 0 0 0 1 1 1 1 1 0 0 1 1 0 0 1 1]   | Precisión: 0.31 | Hamming: 22
------------------------------------------------------------

RESULTADOS FINALES

Bob -> Precisión media: 0.9274 | Hamming media: 2.32
Eve -> Precisión media: 0.4336 | Hamming media: 18.13
Bob -> Perfectas: 1400 | Eve -> Perfectas: 0

EVALUACIÓN CON CLAVES ERRÓNEAS PARA BOB

[1] Bob (clave errada) --> [0 0 0 0 0 0 0 0 0 0 0 0 0 0 0 0 0 0 0 0 0 0 0 0 0 0 0 0 0 0 0 0] | Precisión: 0.69 | Hamming: 10
------------------------------------------------------------
[2] Bob (clave errada) --> [0 0 1 0 1 0 0 0 0 0 0 0 0 0 0 0 0 0 0 1 0 0 0 0 0 0 1 0 1 0 0 0] | Precisión: 0.72 | Hamming: 9
------------------------------------------------------------
[3] Bob (clave errada) --> [1 1 1 1 0 1 1 0 1 1 1 1 0 1 0 1 0 1 0 1 1 1 1 1 0 1 0 1 1 0 1 0] | Precisión: 0.88 | Hamming: 4
------------------------------------------------------------
[4] Bob (clave errada) --> [0 0 0 0 0 0 0 0 0 0 0 0 0 0 0 0 0 0 0 0 0 0 0 0 0 0 0 0 0 0 0 0] | Precisión: 0.41 | Hamming: 19
------------------------------------------------------------
[5] Bob (clave errada) --> [0 0 0 0 0 0 0 0 0 0 0 0 0 0 0 0 0 0 0 0 0 0 0 0 0 0 0 0 0 0 0 0] | Precisión: 0.53 | Hamming: 15
------------------------------------------------------------
[6] Bob (clave errada) --> [0 0 0 0 0 1 0 0 0 0 0 0 0 1 0 0 0 1 0 0 0 0 0 0 0 0 1 1 0 0 1 0] | Precisión: 0.75 | Hamming: 8
------------------------------------------------------------
[7] Bob (clave errada) --> [1 0 0 0 1 0 1 1 0 0 0 0 0 0 0 1 0 0 0 0 1 0 0 1 0 0 1 0 0 0 0 0] | Precisión: 0.66 | Hamming: 11
------------------------------------------------------------
[8] Bob (clave errada) --> [0 0 0 0 0 0 0 0 0 0 0 0 0 0 0 0 0 0 0 0 0 0 0 0 0 0 0 0 0 0 0 0] | Precisión: 0.38 | Hamming: 20
------------------------------------------------------------
[9] Bob (clave errada) --> [0 0 0 0 0 0 0 0 0 0 0 0 0 0 0 0 0 0 0 0 0 0 0 0 0 0 0 0 0 0 0 0] | Precisión: 0.62 | Hamming: 12
------------------------------------------------------------
[10] Bob (clave errada) --> [1 1 0 1 0 0 0 0 1 0 0 0 1 0 0 0 0 0 0 0 0 0 0 0 0 0 0 1 0 0 0 0] | Precisión: 0.75 | Hamming: 8
------------------------------------------------------------

RESULTADOS CON CLAVES ERRÓNEAS

Bob -> Precisión media (clave errada): 0.6090 | Hamming media: 12.51

EVALUACIÓN CON 2000:

[1] Original  --> [1 0 1 0 0 1 0 0 0 0 0 0 1 1 1 1 0 1 0 0 1 0 0 1 0 0 1 0 1 0 1 1]
     Bob       --> [1 0 1 0 0 1 0 0 0 0 0 0 1 0 1 1 0 1 0 0 1 0 0 1 0 0 0 0 0 0 1 1]   | Precisión: 0.91 | Hamming: 3
     Eve       --> [0 1 0 1 1 0 0 1 0 0 1 0 0 1 1 1 1 1 1 0 0 0 0 0 0 0 0 1 0 0 0 1]   | Precisión: 0.47 | Hamming: 17
------------------------------------------------------------
[2] Original  --> [1 1 1 0 0 1 0 1 1 1 1 1 1 0 1 1 0 0 0 1 1 0 1 1 1 0 1 0 1 1 0 1]
     Bob       --> [1 1 1 0 0 1 1 1 1 1 1 1 1 0 1 1 0 1 0 1 1 0 1 1 1 0 1 0 0 0 0 1]   | Precisión: 0.88 | Hamming: 4
     Eve       --> [1 1 0 0 0 1 0 1 0 0 1 0 0 1 1 0 0 0 0 0 0 0 0 0 0 1 1 1 1 0 0 1]   | Precisión: 0.53 | Hamming: 15
------------------------------------------------------------
[3] Original  --> [1 0 0 1 1 1 1 1 0 0 1 0 1 1 1 0 0 1 1 1 0 1 0 0 0 1 0 0 1 1 0 1]
     Bob       --> [1 0 0 1 1 1 1 0 0 0 1 0 1 1 1 0 1 1 1 1 0 1 0 0 0 1 1 0 1 1 0 1]   | Precisión: 0.91 | Hamming: 3
     Eve       --> [1 0 1 0 0 1 0 0 0 0 1 0 0 1 0 1 1 0 1 1 0 1 1 1 0 1 1 1 1 0 0 0]   | Precisión: 0.50 | Hamming: 16
------------------------------------------------------------
[4] Original  --> [0 0 1 0 1 1 1 1 0 1 1 0 0 1 0 0 1 1 0 0 1 0 0 0 1 1 1 1 0 1 0 0]
     Bob       --> [0 0 1 0 1 1 1 1 0 1 1 0 0 1 0 0 1 1 0 0 1 0 0 0 1 1 1 1 0 1 0 0]   | Precisión: 1.00 | Hamming: 0
     Eve       --> [1 0 1 0 0 1 0 1 1 0 1 0 0 1 1 0 1 1 1 1 1 1 1 1 0 1 1 0 0 0 0 1]   | Precisión: 0.53 | Hamming: 15
------------------------------------------------------------
[5] Original  --> [0 1 0 0 1 0 1 0 0 0 1 0 1 0 1 0 1 0 0 1 0 0 0 0 1 0 0 0 1 0 1 0]
     Bob       --> [0 1 0 0 0 0 1 0 0 0 1 0 1 1 1 0 1 0 0 0 0 0 0 1 1 0 0 0 1 0 1 0]   | Precisión: 0.88 | Hamming: 4
     Eve       --> [1 0 1 1 0 1 0 0 0 0 0 0 0 1 1 0 0 1 1 0 0 1 1 1 0 1 1 0 0 0 0 1]   | Precisión: 0.28 | Hamming: 23
------------------------------------------------------------
[6] Original  --> [1 1 0 0 1 1 0 1 1 1 1 1 0 0 0 0 0 0 0 0 0 0 0 0 1 0 1 0 1 1 0 1]
     Bob       --> [1 1 0 0 1 1 0 1 1 1 1 1 0 0 0 0 0 0 0 0 0 0 0 0 1 0 1 0 1 1 0 1]   | Precisión: 1.00 | Hamming: 0
     Eve       --> [1 0 1 0 0 1 1 1 0 0 1 0 0 1 1 0 1 0 1 1 0 1 1 0 0 1 0 0 1 0 0 1]   | Precisión: 0.44 | Hamming: 18
------------------------------------------------------------
[7] Original  --> [0 1 1 1 1 0 1 1 1 1 0 0 1 0 0 1 0 0 1 1 1 1 1 1 0 0 0 1 1 0 0 1]
     Bob       --> [1 1 1 1 1 0 1 1 1 1 0 0 1 0 0 1 0 0 1 1 1 0 1 1 0 0 0 1 1 0 0 1]   | Precisión: 0.94 | Hamming: 2
     Eve       --> [0 0 0 1 1 1 0 1 0 1 0 0 1 1 1 1 0 1 0 0 0 0 1 0 0 1 1 0 0 0 0 1]   | Precisión: 0.47 | Hamming: 17
------------------------------------------------------------
[8] Original  --> [0 0 0 0 0 1 0 1 0 1 0 0 1 1 1 0 1 1 0 1 0 1 1 1 1 1 0 0 0 1 1 0]
     Bob       --> [0 0 0 0 0 1 0 1 0 1 0 0 1 1 1 0 1 1 0 1 0 1 1 1 1 1 0 0 0 0 1 0]   | Precisión: 0.97 | Hamming: 1
     Eve       --> [1 1 0 0 1 1 1 1 0 0 1 0 0 0 1 0 1 1 1 0 0 0 0 0 0 0 1 1 1 1 0 1]   | Precisión: 0.38 | Hamming: 20
------------------------------------------------------------
[9] Original  --> [0 1 1 0 0 0 0 1 0 1 1 0 0 1 1 0 1 1 0 1 0 0 0 1 1 1 1 1 0 1 0 0]
     Bob       --> [0 1 1 0 0 0 0 1 0 1 1 0 0 1 1 0 1 1 0 1 0 0 0 1 1 1 1 1 0 1 0 0]   | Precisión: 1.00 | Hamming: 0
     Eve       --> [1 0 0 0 0 1 0 0 1 0 1 0 0 1 0 1 0 0 1 0 1 1 1 1 0 1 1 1 0 0 0 1]   | Precisión: 0.41 | Hamming: 19
------------------------------------------------------------
[10] Original  --> [0 1 1 0 1 0 1 1 1 1 0 1 1 0 0 1 0 0 0 1 1 0 1 1 0 0 0 1 0 1 1 1]
     Bob       --> [1 1 1 0 1 0 1 1 1 1 0 1 1 0 0 1 0 0 0 1 1 1 1 1 0 0 0 1 0 0 1 1]   | Precisión: 0.91 | Hamming: 3
     Eve       --> [1 1 0 1 1 1 0 0 0 0 0 0 0 1 1 1 0 1 0 0 0 1 0 1 0 0 0 0 1 0 0 0]   | Precisión: 0.31 | Hamming: 22
------------------------------------------------------------

RESULTADOS FINALES

Bob -> Precisión media: 0.9277 | Hamming media: 2.31
Eve -> Precisión media: 0.4346 | Hamming media: 18.09
Bob -> Perfectas: 1293 | Eve -> Perfectas: 0

EVALUACIÓN CON CLAVES ERRÓNEAS PARA BOB

[1] Bob (clave errada) --> [0 0 0 0 0 0 0 0 0 0 0 0 0 0 0 0 0 0 0 0 0 0 0 0 0 0 0 0 0 0 0 0] | Precisión: 0.56 | Hamming: 14
------------------------------------------------------------
[2] Bob (clave errada) --> [0 0 0 0 0 0 0 0 0 0 0 0 0 0 0 0 0 0 0 0 0 0 0 0 0 0 0 0 0 0 0 0] | Precisión: 0.34 | Hamming: 21
------------------------------------------------------------
[3] Bob (clave errada) --> [0 0 0 0 0 0 0 0 0 0 0 0 0 1 0 0 0 0 0 0 0 0 0 0 0 0 0 0 0 0 0 1] | Precisión: 0.50 | Hamming: 16
------------------------------------------------------------
[4] Bob (clave errada) --> [0 0 0 0 0 0 0 0 0 0 0 0 0 0 0 0 0 0 0 0 0 0 0 0 0 0 0 0 0 0 0 0] | Precisión: 0.50 | Hamming: 16
------------------------------------------------------------
[5] Bob (clave errada) --> [0 0 0 0 0 0 0 0 0 0 0 0 0 0 0 0 0 0 0 0 0 0 0 0 0 0 0 0 0 0 0 0] | Precisión: 0.66 | Hamming: 11
------------------------------------------------------------
[6] Bob (clave errada) --> [0 0 0 0 0 0 0 0 0 0 0 0 0 0 0 0 0 0 0 0 0 0 0 0 0 0 0 0 0 0 0 0] | Precisión: 0.56 | Hamming: 14
------------------------------------------------------------
[7] Bob (clave errada) --> [0 1 0 1 1 0 1 0 1 1 0 0 0 0 0 1 0 0 0 0 1 0 1 1 0 0 0 1 1 0 0 1] | Precisión: 0.81 | Hamming: 6
------------------------------------------------------------
[8] Bob (clave errada) --> [0 0 0 0 0 0 0 0 0 1 0 0 0 0 0 0 1 0 0 0 0 1 0 0 1 0 0 0 0 0 0 0] | Precisión: 0.62 | Hamming: 12
------------------------------------------------------------
[9] Bob (clave errada) --> [0 0 0 0 0 0 0 0 0 0 0 0 0 0 0 0 1 0 0 0 0 0 0 0 0 1 0 0 0 0 0 0] | Precisión: 0.56 | Hamming: 14
------------------------------------------------------------
[10] Bob (clave errada) --> [0 0 0 0 0 0 0 0 0 0 0 0 0 0 0 0 0 0 0 0 0 0 0 0 0 0 0 0 0 0 0 0] | Precisión: 0.44 | Hamming: 18
------------------------------------------------------------

RESULTADOS CON CLAVES ERRÓNEAS

Bob -> Precisión media (clave errada): 0.5112 | Hamming media: 15.64

EVALUACIÓN CON 2500:

[1] Original  --> [1 1 0 1 1 0 1 0 1 0 1 0 1 0 1 1 1 0 1 1 0 1 0 0 0 0 0 1 1 0 1 1]
     Bob       --> [1 0 0 1 0 0 0 0 0 0 0 0 1 0 0 1 0 0 0 0 0 1 0 0 0 0 0 0 0 0 1 1]   | Precisión: 0.66 | Hamming: 11
     Eve       --> [0 1 0 1 0 1 1 1 0 1 1 1 0 1 0 1 0 1 0 0 0 0 1 1 0 1 0 1 0 1 1 1]   | Precisión: 0.38 | Hamming: 20
------------------------------------------------------------
[2] Original  --> [0 0 0 1 1 1 1 0 1 0 1 0 0 1 1 0 0 1 0 0 1 1 0 1 1 0 1 1 1 1 1 0]
     Bob       --> [0 0 0 1 1 1 1 0 1 0 1 0 0 1 1 0 0 0 0 0 0 1 0 1 0 0 0 1 1 0 0 0]   | Precisión: 0.81 | Hamming: 6
     Eve       --> [1 1 0 0 0 0 0 1 1 0 1 1 0 1 1 0 1 1 1 1 0 1 1 0 0 1 0 0 1 0 1 1]   | Precisión: 0.38 | Hamming: 20
------------------------------------------------------------
[3] Original  --> [0 1 0 0 1 0 1 0 0 1 1 1 1 1 0 1 1 1 0 0 1 0 1 0 1 1 0 1 0 0 0 0]
     Bob       --> [0 0 0 0 1 0 1 0 0 1 1 1 1 1 0 0 1 1 0 0 1 0 1 0 1 1 0 1 0 0 0 0]   | Precisión: 0.94 | Hamming: 2
     Eve       --> [1 1 0 1 0 0 0 0 0 1 0 1 0 0 0 1 0 0 0 0 1 0 0 1 0 0 0 1 1 1 1 1]   | Precisión: 0.47 | Hamming: 17
------------------------------------------------------------
[4] Original  --> [1 1 1 0 1 0 1 1 1 1 0 1 1 0 0 1 0 1 0 1 1 1 1 1 0 0 0 0 1 1 1 0]
     Bob       --> [1 0 0 0 0 0 1 1 1 1 0 0 1 0 0 1 0 0 0 1 0 0 1 1 0 0 0 0 1 1 1 0]   | Precisión: 0.78 | Hamming: 7
     Eve       --> [1 1 0 1 0 0 0 0 0 0 1 0 0 0 0 1 0 1 0 0 1 1 1 1 0 1 0 1 1 0 1 1]   | Precisión: 0.53 | Hamming: 15
------------------------------------------------------------
[5] Original  --> [0 0 0 1 0 0 1 0 1 1 0 0 1 0 0 1 0 0 1 0 0 0 1 0 0 0 1 0 0 0 0 1]
     Bob       --> [0 0 0 1 0 0 1 0 0 0 0 0 1 0 0 1 0 0 0 0 0 0 0 0 0 0 0 0 0 0 0 0]   | Precisión: 0.81 | Hamming: 6
     Eve       --> [1 0 0 1 0 1 0 1 0 1 1 1 0 0 0 1 0 1 1 1 0 1 1 1 1 0 0 1 1 1 1 1]   | Precisión: 0.44 | Hamming: 18
------------------------------------------------------------
[6] Original  --> [1 1 0 1 1 1 0 0 0 0 1 0 1 1 1 0 1 0 0 1 1 1 1 0 1 0 1 1 1 1 0 1]
     Bob       --> [1 0 0 1 0 1 0 0 0 0 0 0 1 1 1 0 1 0 0 1 1 1 1 0 1 0 0 0 1 0 0 1]   | Precisión: 0.81 | Hamming: 6
     Eve       --> [1 1 1 1 0 0 1 0 0 0 1 1 0 1 0 1 0 1 1 0 1 0 0 1 0 1 0 1 1 1 0 1]   | Precisión: 0.44 | Hamming: 18
------------------------------------------------------------
[7] Original  --> [0 0 0 1 1 0 0 1 1 0 0 0 1 1 0 0 1 1 0 1 0 1 1 1 1 1 1 0 1 0 0 1]
     Bob       --> [0 0 0 1 1 0 0 1 0 0 0 0 1 1 0 0 1 1 0 1 0 1 0 1 0 1 1 0 1 0 0 1]   | Precisión: 0.91 | Hamming: 3
     Eve       --> [1 1 0 1 0 0 1 1 1 0 1 1 0 1 0 1 0 1 1 1 1 1 1 1 0 1 1 1 0 1 0 1]   | Precisión: 0.53 | Hamming: 15
------------------------------------------------------------
[8] Original  --> [1 0 0 0 1 0 0 0 1 1 0 1 1 1 0 0 0 0 0 0 1 0 0 1 1 0 1 0 0 0 1 1]
     Bob       --> [0 0 0 0 0 0 0 0 0 1 0 1 1 0 0 0 0 0 0 0 0 0 0 1 0 0 0 0 0 0 1 1]   | Precisión: 0.78 | Hamming: 7
     Eve       --> [1 1 0 1 0 0 1 0 0 0 1 0 0 1 0 1 1 1 1 0 1 1 0 1 0 1 0 1 0 1 1 0]   | Precisión: 0.38 | Hamming: 20
------------------------------------------------------------
[9] Original  --> [1 1 1 1 0 0 0 0 0 1 1 0 1 1 0 0 1 1 1 1 1 0 1 0 0 1 0 1 1 0 0 1]
     Bob       --> [1 0 1 1 0 0 0 0 0 0 1 0 1 1 0 0 0 1 0 0 1 0 0 0 0 1 0 0 1 1 0 0]   | Precisión: 0.72 | Hamming: 9
     Eve       --> [0 0 0 1 1 0 0 1 0 1 0 1 0 0 0 0 0 1 0 1 0 1 0 1 0 0 0 0 1 1 0 1]   | Precisión: 0.44 | Hamming: 18
------------------------------------------------------------
[10] Original  --> [0 1 0 0 0 0 1 1 1 0 0 0 0 0 0 1 0 1 0 1 0 0 1 1 0 0 1 0 1 0 1 1]
     Bob       --> [0 0 0 0 0 0 1 0 0 0 0 0 0 0 1 1 0 1 0 0 0 0 0 1 0 0 0 0 1 0 1 1]   | Precisión: 0.78 | Hamming: 7
     Eve       --> [1 0 0 1 0 0 0 1 0 1 0 0 0 0 0 0 0 1 0 0 0 1 1 1 0 1 0 1 1 1 1 1]   | Precisión: 0.59 | Hamming: 13
------------------------------------------------------------

RESULTADOS FINALES

Bob -> Precisión media: 0.8135 | Hamming media: 5.97
Eve -> Precisión media: 0.4454 | Hamming media: 17.75
Bob -> Perfectas: 63 | Eve -> Perfectas: 0

EVALUACIÓN CON CLAVES ERRÓNEAS PARA BOB

[1] Bob (clave errada) --> [0 0 0 0 0 0 0 0 0 0 0 0 0 0 0 0 0 0 0 0 0 0 0 0 0 0 0 0 0 0 0 0] | Precisión: 0.44 | Hamming: 18
------------------------------------------------------------
[2] Bob (clave errada) --> [0 0 0 0 0 0 0 0 0 0 0 0 0 0 0 0 0 0 0 0 0 0 0 0 0 0 0 0 0 0 0 0] | Precisión: 0.44 | Hamming: 18
------------------------------------------------------------
[3] Bob (clave errada) --> [0 0 0 0 0 0 0 0 0 0 0 0 0 0 0 0 0 0 0 0 0 0 0 0 0 0 0 0 0 0 0 0] | Precisión: 0.50 | Hamming: 16
------------------------------------------------------------
[4] Bob (clave errada) --> [0 0 0 0 0 0 0 0 1 0 0 0 0 0 0 0 0 0 0 0 0 0 0 0 0 0 0 0 0 0 0 0] | Precisión: 0.41 | Hamming: 19
------------------------------------------------------------
[5] Bob (clave errada) --> [0 0 0 0 0 0 0 0 0 0 0 0 0 0 0 0 0 0 0 0 0 0 0 0 0 0 0 0 0 0 0 0] | Precisión: 0.69 | Hamming: 10
------------------------------------------------------------
[6] Bob (clave errada) --> [0 0 0 0 0 0 0 0 0 0 0 0 0 0 0 0 0 0 0 0 0 0 0 0 0 0 0 0 0 0 0 0] | Precisión: 0.38 | Hamming: 20
------------------------------------------------------------
[7] Bob (clave errada) --> [0 0 0 0 0 0 0 0 0 0 0 0 0 0 0 0 0 0 0 0 0 0 0 0 0 0 0 0 0 0 0 0] | Precisión: 0.47 | Hamming: 17
------------------------------------------------------------
[8] Bob (clave errada) --> [0 0 0 0 0 0 0 0 0 0 0 0 0 0 0 0 0 0 0 0 0 0 0 0 0 0 0 0 0 0 0 0] | Precisión: 0.59 | Hamming: 13
------------------------------------------------------------
[9] Bob (clave errada) --> [0 0 0 0 0 0 0 0 0 0 0 0 0 0 0 0 0 0 0 0 0 0 0 0 0 0 0 0 0 0 0 0] | Precisión: 0.44 | Hamming: 18
------------------------------------------------------------
[10] Bob (clave errada) --> [0 0 0 0 0 0 0 0 0 0 0 0 0 0 0 0 0 0 0 0 0 0 0 0 0 0 0 0 0 0 0 0] | Precisión: 0.59 | Hamming: 13
------------------------------------------------------------

RESULTADOS CON CLAVES ERRÓNEAS

Bob -> Precisión media (clave errada): 0.5363 | Hamming media: 14.84

EVALUACIÓN CON 3000:

[1] Original  --> [0 0 0 0 1 1 1 0 1 0 0 1 1 1 0 1 0 1 1 0 0 1 0 1 0 0 1 1 0 0 0 1]
     Bob       --> [0 0 0 0 1 1 0 0 1 1 0 1 1 1 0 0 0 1 1 0 0 1 0 1 0 0 1 1 0 0 0 1]   | Precisión: 0.91 | Hamming: 3
     Eve       --> [1 0 1 1 0 1 1 0 1 0 1 0 0 0 0 0 0 0 0 0 1 0 1 0 0 0 0 1 1 0 1 1]   | Precisión: 0.44 | Hamming: 18
------------------------------------------------------------
[2] Original  --> [0 0 0 1 0 0 0 1 1 1 1 0 1 1 1 0 0 1 1 1 0 0 0 1 1 0 1 1 0 1 1 0]
     Bob       --> [0 0 0 1 0 0 0 1 1 1 1 0 1 1 1 0 0 1 1 0 0 0 0 1 1 1 1 1 0 1 1 0]   | Precisión: 0.94 | Hamming: 2
     Eve       --> [1 0 1 1 0 1 1 1 0 0 1 1 0 0 0 0 0 0 0 1 1 0 1 0 0 0 0 1 0 0 1 1]   | Precisión: 0.41 | Hamming: 19
------------------------------------------------------------
[3] Original  --> [1 0 0 1 0 1 0 0 0 1 1 0 1 1 0 0 1 1 1 0 0 1 0 1 1 1 0 0 0 0 1 0]
     Bob       --> [1 0 0 1 0 1 0 0 1 1 0 0 1 1 0 0 1 1 0 0 0 1 1 1 1 0 0 0 0 0 1 0]   | Precisión: 0.84 | Hamming: 5
     Eve       --> [1 0 1 1 0 0 1 0 1 0 1 0 0 0 0 0 0 0 0 1 1 0 0 0 0 1 0 1 1 1 1 1]   | Precisión: 0.41 | Hamming: 19
------------------------------------------------------------
[4] Original  --> [1 1 0 1 0 1 1 0 0 1 0 0 0 1 0 0 0 1 0 1 0 1 0 1 1 0 1 1 1 0 1 0]
     Bob       --> [1 1 0 1 0 1 1 0 0 1 0 0 0 1 0 0 0 1 0 0 0 1 0 1 1 0 1 1 1 0 1 0]   | Precisión: 0.97 | Hamming: 1
     Eve       --> [1 0 1 1 0 0 1 1 1 0 1 0 0 0 0 0 0 0 0 0 1 0 0 0 0 1 0 1 1 1 1 1]   | Precisión: 0.44 | Hamming: 18
------------------------------------------------------------
[5] Original  --> [0 1 1 0 0 0 1 0 1 1 1 0 1 0 0 0 0 1 1 1 1 0 0 1 1 0 0 0 1 1 1 0]
     Bob       --> [0 1 1 0 0 0 1 0 1 1 1 0 1 0 0 0 0 1 1 1 1 0 0 1 1 0 0 0 1 1 1 0]   | Precisión: 1.00 | Hamming: 0
     Eve       --> [1 0 1 1 0 1 1 1 1 0 1 1 0 1 1 0 1 0 0 0 1 0 0 0 0 1 0 1 1 0 1 1]   | Precisión: 0.38 | Hamming: 20
------------------------------------------------------------
[6] Original  --> [1 0 1 0 0 0 0 1 1 1 1 1 0 1 1 0 0 1 0 0 1 1 1 0 0 1 1 0 0 0 1 0]
     Bob       --> [1 0 0 0 0 0 0 1 1 1 1 1 0 1 1 0 0 1 0 0 1 1 1 0 0 0 1 0 0 0 1 0]   | Precisión: 0.94 | Hamming: 2
     Eve       --> [0 0 0 1 0 0 1 0 1 0 1 1 0 0 0 0 0 0 0 1 1 0 0 0 1 0 0 1 1 0 1 0]   | Precisión: 0.47 | Hamming: 17
------------------------------------------------------------
[7] Original  --> [1 1 1 1 1 0 1 1 0 1 0 0 1 0 0 1 1 0 1 0 1 1 0 0 0 1 0 0 1 1 1 0]
     Bob       --> [1 1 1 1 1 0 1 1 0 1 0 0 1 0 0 1 1 0 1 1 1 1 0 1 0 0 0 0 1 0 1 0]   | Precisión: 0.88 | Hamming: 4
     Eve       --> [0 0 0 1 1 0 1 0 1 1 1 1 0 1 1 0 0 0 1 0 1 1 0 0 0 1 0 1 1 0 1 1]   | Precisión: 0.53 | Hamming: 15
------------------------------------------------------------
[8] Original  --> [0 0 0 0 1 1 1 0 1 1 0 0 1 0 1 0 1 1 0 1 0 1 0 0 0 0 0 0 1 1 1 0]
     Bob       --> [0 0 0 0 1 1 1 0 1 1 0 0 1 0 1 0 1 1 0 0 0 1 0 0 0 0 0 0 0 1 1 0]   | Precisión: 0.94 | Hamming: 2
     Eve       --> [1 0 1 1 0 0 1 0 1 0 1 0 0 1 1 0 0 0 0 1 1 0 1 0 0 1 0 0 1 0 1 1]   | Precisión: 0.47 | Hamming: 17
------------------------------------------------------------
[9] Original  --> [1 1 0 1 1 1 1 1 1 0 0 0 1 0 1 0 0 1 1 1 0 0 1 1 0 0 1 1 1 1 0 0]
     Bob       --> [1 1 0 1 1 1 1 1 1 0 0 0 1 0 1 0 0 1 1 0 0 0 1 1 0 0 0 1 1 1 0 0]   | Precisión: 0.94 | Hamming: 2
     Eve       --> [1 0 1 1 0 0 1 1 0 0 1 0 0 0 0 0 0 0 1 1 0 0 0 0 0 0 0 0 1 1 1 1]   | Precisión: 0.53 | Hamming: 15
------------------------------------------------------------
[10] Original  --> [0 0 1 0 0 1 1 1 0 1 1 0 0 0 1 0 1 1 1 0 0 0 0 1 1 0 0 0 0 1 1 1]
     Bob       --> [0 0 0 0 0 1 1 1 0 1 1 0 0 0 1 0 1 1 1 0 0 0 0 1 1 1 0 0 0 1 1 1]   | Precisión: 0.94 | Hamming: 2
     Eve       --> [1 0 0 1 1 0 1 0 1 0 1 1 0 0 1 0 0 0 1 0 1 0 0 0 0 0 0 1 0 0 1 1]   | Precisión: 0.50 | Hamming: 16
------------------------------------------------------------

RESULTADOS FINALES

Bob -> Precisión media: 0.9219 | Hamming media: 2.50
Eve -> Precisión media: 0.4642 | Hamming media: 17.14
Bob -> Perfectas: 882 | Eve -> Perfectas: 0

EVALUACIÓN CON CLAVES ERRÓNEAS PARA BOB

[1] Bob (clave errada) --> [0 0 0 0 0 0 0 0 0 0 0 0 0 0 0 0 0 0 0 0 0 0 0 0 0 0 0 0 0 0 0 0] | Precisión: 0.53 | Hamming: 15
------------------------------------------------------------
[2] Bob (clave errada) --> [0 0 0 0 0 0 0 0 0 0 0 0 0 0 0 0 0 0 0 0 0 0 0 0 0 0 0 0 0 0 0 0] | Precisión: 0.47 | Hamming: 17
------------------------------------------------------------
[3] Bob (clave errada) --> [0 0 0 0 0 0 0 0 0 0 0 0 0 0 0 0 0 0 0 0 0 0 0 0 0 0 0 0 0 0 0 0] | Precisión: 0.53 | Hamming: 15
------------------------------------------------------------
[4] Bob (clave errada) --> [0 0 0 0 0 0 0 0 0 0 0 0 0 0 0 0 0 0 0 0 0 0 0 0 0 0 0 0 0 0 0 0] | Precisión: 0.50 | Hamming: 16
------------------------------------------------------------
[5] Bob (clave errada) --> [0 0 0 0 0 0 0 0 0 0 0 0 0 0 0 0 0 0 0 0 0 0 0 0 0 0 0 0 0 0 0 0] | Precisión: 0.50 | Hamming: 16
------------------------------------------------------------
[6] Bob (clave errada) --> [0 0 0 0 0 0 0 0 0 0 0 0 0 0 0 0 0 0 0 0 0 0 0 0 0 0 0 0 0 0 0 0] | Precisión: 0.50 | Hamming: 16
------------------------------------------------------------
[7] Bob (clave errada) --> [0 0 0 0 0 0 0 0 0 0 0 0 0 0 0 0 0 0 0 0 0 0 0 0 0 0 0 0 0 0 0 0] | Precisión: 0.44 | Hamming: 18
------------------------------------------------------------
[8] Bob (clave errada) --> [0 0 0 0 0 0 0 0 0 0 0 0 0 0 0 0 0 0 0 0 0 0 0 0 0 0 0 0 0 0 0 0] | Precisión: 0.56 | Hamming: 14
------------------------------------------------------------
[9] Bob (clave errada) --> [0 0 0 0 0 0 0 0 0 0 0 0 0 0 0 0 0 0 0 0 0 0 0 0 0 0 0 0 0 0 0 0] | Precisión: 0.41 | Hamming: 19
------------------------------------------------------------
[10] Bob (clave errada) --> [0 0 0 0 0 0 0 0 0 0 0 0 0 0 0 0 0 0 0 0 0 0 0 0 0 0 0 0 0 0 0 0] | Precisión: 0.53 | Hamming: 15
------------------------------------------------------------

RESULTADOS CON CLAVES ERRÓNEAS

Bob -> Precisión media (clave errada): 0.5129 | Hamming media: 15.59

EVALUACIÓN CON 3500:

[1] Original  --> [0 1 1 0 0 0 0 1 0 0 0 1 1 0 1 0 1 0 1 0 0 0 1 1 0 0 0 0 1 0 1 1]
     Bob       --> [0 0 1 0 0 0 0 1 0 0 0 1 0 0 1 0 1 0 1 0 0 0 1 1 0 0 0 0 1 0 1 1]   | Precisión: 0.94 | Hamming: 2
     Eve       --> [0 1 1 1 0 0 1 0 1 1 0 1 0 0 1 0 1 1 0 0 0 1 0 0 0 1 1 0 0 0 0 1]   | Precisión: 0.53 | Hamming: 15
------------------------------------------------------------
[2] Original  --> [0 1 1 1 1 1 0 0 1 0 1 0 0 1 0 0 0 0 1 0 0 1 0 1 0 1 0 0 0 0 1 1]
     Bob       --> [0 0 1 1 1 1 0 0 1 0 1 0 0 1 0 0 0 0 1 1 0 1 0 1 0 1 0 0 0 0 1 1]   | Precisión: 0.94 | Hamming: 2
     Eve       --> [0 0 1 1 1 0 1 0 1 0 0 1 0 1 1 0 1 0 0 1 0 1 0 0 0 0 0 0 0 0 0 1]   | Precisión: 0.62 | Hamming: 12
------------------------------------------------------------
[3] Original  --> [0 1 1 0 1 0 0 0 0 0 1 1 1 1 1 1 1 1 1 0 0 0 1 1 0 0 1 0 1 1 1 1]
     Bob       --> [0 1 1 0 1 0 0 0 0 0 0 1 1 1 1 1 1 1 1 0 0 1 1 1 0 0 1 0 1 1 1 1]   | Precisión: 0.94 | Hamming: 2
     Eve       --> [0 1 1 1 0 1 1 0 1 1 0 1 0 0 1 0 1 0 0 0 0 1 0 0 0 0 1 0 0 0 0 1]   | Precisión: 0.44 | Hamming: 18
------------------------------------------------------------
[4] Original  --> [1 0 0 1 0 1 0 0 1 1 1 1 1 1 0 1 1 1 0 0 1 0 1 1 1 0 1 0 1 1 0 0]
     Bob       --> [1 0 0 1 0 0 0 0 1 1 1 1 1 1 0 1 1 1 0 0 1 1 1 1 1 0 0 0 1 1 0 0]   | Precisión: 0.91 | Hamming: 3
     Eve       --> [0 0 1 1 1 1 1 0 1 1 0 1 0 1 0 0 1 0 0 1 0 1 0 0 0 1 1 0 0 0 0 0]   | Precisión: 0.47 | Hamming: 17
------------------------------------------------------------
[5] Original  --> [0 0 0 1 1 1 0 1 0 1 1 0 1 0 0 0 1 1 0 0 1 0 0 1 1 0 0 0 1 1 0 1]
     Bob       --> [0 0 0 1 1 1 0 1 0 1 1 0 1 0 0 0 1 1 0 0 1 1 0 1 1 0 0 0 1 1 0 1]   | Precisión: 0.97 | Hamming: 1
     Eve       --> [0 1 1 1 0 0 1 0 0 1 0 0 0 1 0 0 1 0 0 0 0 0 1 0 0 1 1 0 1 0 0 1]   | Precisión: 0.47 | Hamming: 17
------------------------------------------------------------
[6] Original  --> [0 1 0 1 1 1 0 1 0 1 0 0 0 0 1 0 1 0 1 0 1 0 1 0 0 0 0 0 0 1 1 1]
     Bob       --> [0 1 0 1 1 1 0 1 0 1 0 0 0 0 1 0 1 0 1 0 1 1 1 0 0 0 0 0 0 1 1 1]   | Precisión: 0.97 | Hamming: 1
     Eve       --> [0 0 1 0 0 0 1 0 1 1 1 0 0 1 0 0 1 0 0 0 0 0 0 0 0 1 1 0 0 0 0 0]   | Precisión: 0.41 | Hamming: 19
------------------------------------------------------------
[7] Original  --> [1 1 0 0 0 1 1 1 1 1 0 1 1 1 0 0 1 0 1 0 0 1 1 1 0 1 1 1 0 1 1 0]
     Bob       --> [1 0 0 0 0 1 1 1 1 1 0 1 1 1 0 0 1 0 1 0 0 1 1 1 0 1 1 1 0 1 1 0]   | Precisión: 0.97 | Hamming: 1
     Eve       --> [1 1 1 0 0 0 1 0 1 1 0 1 0 0 1 0 1 1 0 1 0 0 0 1 0 1 0 0 0 1 0 0]   | Precisión: 0.56 | Hamming: 14
------------------------------------------------------------
[8] Original  --> [0 0 1 0 0 0 0 0 1 1 1 0 1 0 0 0 1 1 1 1 1 0 1 0 1 0 1 0 1 0 1 0]
     Bob       --> [0 0 1 0 0 0 0 0 1 1 0 0 1 0 0 0 1 1 1 1 1 1 1 0 1 0 1 0 1 0 1 0]   | Precisión: 0.94 | Hamming: 2
     Eve       --> [1 0 0 1 0 1 1 0 1 1 0 1 0 0 0 0 1 0 0 0 1 0 0 1 0 1 1 0 0 0 0 0]   | Precisión: 0.47 | Hamming: 17
------------------------------------------------------------
[9] Original  --> [0 1 0 1 0 1 1 1 0 1 0 0 0 0 0 1 1 1 1 0 0 0 0 0 0 0 1 1 1 0 1 0]
     Bob       --> [0 1 0 1 0 1 1 1 0 1 0 0 0 0 0 1 1 1 1 0 0 1 0 0 0 0 1 1 1 0 1 0]   | Precisión: 0.97 | Hamming: 1
     Eve       --> [0 1 1 1 0 0 1 0 1 1 0 1 0 1 1 0 1 0 0 0 0 1 0 1 0 1 1 0 0 0 0 1]   | Precisión: 0.47 | Hamming: 17
------------------------------------------------------------
[10] Original  --> [0 1 1 1 1 1 1 0 1 0 1 1 1 0 0 0 0 1 1 1 1 1 1 0 0 0 0 1 1 0 0 0]
     Bob       --> [1 1 1 1 1 1 0 0 1 0 0 1 0 0 0 0 0 1 1 1 1 1 1 0 0 0 0 1 1 0 0 0]   | Precisión: 0.88 | Hamming: 4
     Eve       --> [0 0 1 1 0 1 1 0 1 1 0 1 0 0 1 0 1 0 0 0 1 1 0 1 0 0 1 0 0 1 0 0]   | Precisión: 0.50 | Hamming: 16
------------------------------------------------------------

RESULTADOS FINALES

Bob -> Precisión media: 0.9554 | Hamming media: 1.43
Eve -> Precisión media: 0.4474 | Hamming media: 17.68
Bob -> Perfectas: 2418 | Eve -> Perfectas: 0

EVALUACIÓN CON CLAVES ERRÓNEAS PARA BOB

[1] Bob (clave errada) --> [0 0 0 0 0 0 0 0 0 0 0 0 0 0 0 0 0 0 0 0 0 0 0 0 0 0 0 0 0 0 0 0] | Precisión: 0.59 | Hamming: 13
------------------------------------------------------------
[2] Bob (clave errada) --> [0 0 0 0 0 0 0 0 0 0 0 0 0 0 0 0 0 0 0 0 0 0 0 0 0 0 0 0 0 0 0 0] | Precisión: 0.56 | Hamming: 14
------------------------------------------------------------
[3] Bob (clave errada) --> [0 0 0 0 0 0 0 0 0 0 0 0 0 0 0 0 0 0 0 0 0 0 0 0 0 0 0 0 0 0 0 0] | Precisión: 0.41 | Hamming: 19
------------------------------------------------------------
[4] Bob (clave errada) --> [0 0 0 0 0 0 0 0 0 0 0 0 0 0 0 0 0 0 0 0 0 0 0 0 0 0 0 0 0 0 0 0] | Precisión: 0.41 | Hamming: 19
------------------------------------------------------------
[5] Bob (clave errada) --> [0 0 0 0 0 0 0 0 0 0 0 0 0 0 0 0 0 0 0 0 0 0 0 0 0 0 0 0 0 0 0 0] | Precisión: 0.53 | Hamming: 15
------------------------------------------------------------
[6] Bob (clave errada) --> [0 0 0 0 0 0 0 0 0 0 0 0 0 0 0 0 0 0 0 0 0 0 0 0 0 0 0 0 0 0 0 0] | Precisión: 0.56 | Hamming: 14
------------------------------------------------------------
[7] Bob (clave errada) --> [0 0 0 0 0 0 0 0 0 1 0 0 1 0 0 0 1 0 0 0 0 0 1 0 0 0 1 0 0 0 0 0] | Precisión: 0.53 | Hamming: 15
------------------------------------------------------------
[8] Bob (clave errada) --> [0 0 0 0 0 0 0 0 0 0 0 0 0 0 0 0 0 0 0 0 0 0 0 0 0 0 0 0 0 0 0 0] | Precisión: 0.53 | Hamming: 15
------------------------------------------------------------
[9] Bob (clave errada) --> [0 0 0 0 0 0 0 0 0 0 0 0 0 0 0 0 0 0 0 0 0 0 0 0 0 0 0 0 0 0 0 0] | Precisión: 0.56 | Hamming: 14
------------------------------------------------------------
[10] Bob (clave errada) --> [1 1 1 1 1 1 0 0 1 0 0 1 0 0 0 1 0 1 1 1 0 1 1 0 0 0 0 1 0 0 0 0] | Precisión: 0.78 | Hamming: 7
------------------------------------------------------------

RESULTADOS CON CLAVES ERRÓNEAS

Bob -> Precisión media (clave errada): 0.5436 | Hamming media: 14.61

EVALUACIÓN CON 4000:

[1] Original  --> [0 0 1 1 0 1 1 0 1 1 0 1 0 1 1 0 0 1 0 1 1 0 1 0 1 1 0 1 0 1 0 0]
     Bob       --> [0 0 1 1 0 1 1 0 1 1 0 1 0 1 1 0 0 1 0 1 1 0 1 0 1 1 0 0 0 1 0 0]   | Precisión: 0.97 | Hamming: 1
     Eve       --> [0 1 1 0 0 0 0 0 0 1 0 0 0 0 0 0 0 1 1 1 0 1 0 1 1 1 1 0 0 0 0 0]   | Precisión: 0.50 | Hamming: 16
------------------------------------------------------------
[2] Original  --> [0 0 0 0 0 0 0 0 1 0 0 0 1 0 1 1 0 1 1 0 0 1 1 1 0 1 0 0 1 1 1 1]
     Bob       --> [0 0 0 0 0 0 0 0 1 0 0 0 1 0 1 1 0 1 1 0 0 1 1 1 0 1 0 0 1 1 1 1]   | Precisión: 1.00 | Hamming: 0
     Eve       --> [1 1 1 1 0 1 0 1 0 0 1 0 1 0 0 1 0 1 0 1 0 1 0 1 1 1 1 0 0 0 0 0]   | Precisión: 0.44 | Hamming: 18
------------------------------------------------------------
[3] Original  --> [0 1 1 1 0 1 0 1 1 1 0 0 0 0 0 1 1 0 1 0 0 1 1 1 1 0 1 1 1 1 0 1]
     Bob       --> [0 1 1 1 0 1 0 1 1 1 1 0 0 0 0 1 1 0 1 0 0 1 1 0 1 0 1 1 1 1 0 1]   | Precisión: 0.94 | Hamming: 2
     Eve       --> [0 0 0 0 0 1 0 0 1 0 0 1 0 0 0 0 0 0 1 1 0 1 0 1 1 1 0 0 0 0 0 0]   | Precisión: 0.50 | Hamming: 16
------------------------------------------------------------
[4] Original  --> [1 1 1 1 0 1 0 0 0 0 0 0 1 1 1 0 0 1 1 0 1 1 0 1 0 1 1 0 1 0 1 1]
     Bob       --> [1 1 1 1 0 0 1 0 0 0 1 0 1 1 1 0 0 1 1 0 1 0 0 1 0 1 1 1 1 0 1 1]   | Precisión: 0.84 | Hamming: 5
     Eve       --> [0 1 1 0 0 1 0 0 0 1 0 1 0 0 0 1 0 1 1 1 0 1 1 1 1 0 1 1 0 0 0 0]   | Precisión: 0.47 | Hamming: 17
------------------------------------------------------------
[5] Original  --> [0 0 0 1 1 1 1 0 0 0 1 1 1 0 1 0 0 1 1 1 0 0 1 1 1 1 1 1 0 0 0 1]
     Bob       --> [0 0 0 1 1 1 1 0 0 0 1 1 1 0 1 0 0 1 1 1 0 0 1 0 1 1 1 1 0 0 0 1]   | Precisión: 0.97 | Hamming: 1
     Eve       --> [1 1 1 0 0 1 0 0 0 1 0 0 1 0 0 0 0 0 1 0 1 1 1 0 1 1 1 0 0 0 1 0]   | Precisión: 0.44 | Hamming: 18
------------------------------------------------------------
[6] Original  --> [0 0 1 1 1 1 1 1 0 1 1 0 1 0 1 0 0 1 0 1 0 1 0 0 1 0 0 0 0 1 1 0]
     Bob       --> [0 1 1 1 1 1 1 1 0 1 1 0 1 0 1 0 0 1 0 1 0 1 0 0 1 0 0 0 0 1 1 0]   | Precisión: 0.97 | Hamming: 1
     Eve       --> [0 0 0 0 0 1 0 0 0 1 0 0 0 0 0 0 0 1 1 1 1 1 0 1 1 1 1 0 0 1 1 0]   | Precisión: 0.59 | Hamming: 13
------------------------------------------------------------
[7] Original  --> [1 0 1 1 0 0 0 0 0 1 1 0 1 0 0 1 1 0 1 1 0 0 0 1 0 0 0 1 0 1 0 0]
     Bob       --> [1 0 1 1 0 0 0 0 0 1 1 0 1 0 0 1 1 0 1 1 0 0 0 1 0 0 0 1 0 1 0 0]   | Precisión: 1.00 | Hamming: 0
     Eve       --> [0 0 1 0 0 0 0 0 0 0 0 1 0 0 1 0 0 1 0 0 1 1 1 1 1 1 0 0 0 0 0 0]   | Precisión: 0.41 | Hamming: 19
------------------------------------------------------------
[8] Original  --> [0 1 0 1 1 1 1 1 1 0 1 0 1 1 1 1 1 0 1 0 0 0 1 0 0 1 1 1 0 0 0 0]
     Bob       --> [0 1 0 1 1 1 1 1 1 0 1 0 1 1 1 1 1 0 1 0 0 0 1 1 0 1 1 1 1 0 0 0]   | Precisión: 0.94 | Hamming: 2
     Eve       --> [1 1 0 1 0 1 1 1 0 1 0 0 1 0 0 0 0 1 1 1 0 1 0 1 1 1 1 0 0 0 1 0]   | Precisión: 0.47 | Hamming: 17
------------------------------------------------------------
[9] Original  --> [0 0 0 0 0 0 1 0 0 0 0 1 1 0 1 1 1 1 1 0 1 0 1 1 0 1 1 0 1 1 0 1]
     Bob       --> [0 0 0 0 0 0 1 0 0 0 0 1 1 0 1 1 1 1 1 0 1 0 1 1 0 1 1 0 1 1 0 1]   | Precisión: 1.00 | Hamming: 0
     Eve       --> [1 1 1 1 0 1 0 0 0 1 0 1 1 1 0 1 0 1 1 1 0 1 0 0 1 1 1 0 0 0 1 0]   | Precisión: 0.38 | Hamming: 20
------------------------------------------------------------
[10] Original  --> [1 1 0 1 0 0 1 0 0 0 1 1 1 1 0 1 1 1 1 0 0 0 0 1 1 1 1 0 0 1 0 1]
     Bob       --> [1 1 0 1 0 0 1 0 0 0 1 1 1 1 0 1 1 1 1 0 0 0 0 1 1 1 1 0 1 1 0 1]   | Precisión: 0.97 | Hamming: 1
     Eve       --> [1 0 1 0 0 1 1 0 0 1 0 1 1 0 0 0 0 1 1 1 0 1 1 1 1 1 1 0 0 0 1 0]   | Precisión: 0.53 | Hamming: 15
------------------------------------------------------------

RESULTADOS FINALES

Bob -> Precisión media: 0.9617 | Hamming media: 1.22
Eve -> Precisión media: 0.4412 | Hamming media: 17.88
Bob -> Perfectas: 3059 | Eve -> Perfectas: 0

EVALUACIÓN CON CLAVES ERRÓNEAS PARA BOB

[1] Bob (clave errada) --> [0 0 0 0 0 0 0 0 0 0 0 0 0 0 0 0 0 0 0 0 0 0 0 0 0 0 0 0 0 0 0 0] | Precisión: 0.47 | Hamming: 17
------------------------------------------------------------
[2] Bob (clave errada) --> [0 0 0 0 0 0 0 0 0 0 0 0 0 0 0 0 0 0 0 0 0 0 0 0 0 0 0 0 0 0 0 0] | Precisión: 0.56 | Hamming: 14
------------------------------------------------------------
[3] Bob (clave errada) --> [0 0 0 0 0 0 0 0 0 0 0 0 0 0 0 0 0 0 0 0 0 0 0 0 0 0 0 0 0 0 0 0] | Precisión: 0.41 | Hamming: 19
------------------------------------------------------------
[4] Bob (clave errada) --> [0 0 0 0 0 0 0 0 0 0 0 0 0 0 0 0 0 0 0 0 0 0 0 0 0 0 0 0 0 0 0 0] | Precisión: 0.44 | Hamming: 18
------------------------------------------------------------
[5] Bob (clave errada) --> [0 0 0 0 0 0 0 0 0 0 0 0 0 0 0 0 0 0 0 0 0 0 0 0 0 0 0 0 0 0 0 0] | Precisión: 0.44 | Hamming: 18
------------------------------------------------------------
[6] Bob (clave errada) --> [0 0 0 0 0 0 0 0 0 0 0 0 0 0 0 0 0 0 0 0 0 0 0 0 0 0 0 0 0 0 0 0] | Precisión: 0.50 | Hamming: 16
------------------------------------------------------------
[7] Bob (clave errada) --> [0 0 0 0 0 0 0 0 0 0 0 0 0 0 0 0 0 0 0 0 0 0 0 0 0 0 0 0 0 0 0 0] | Precisión: 0.59 | Hamming: 13
------------------------------------------------------------
[8] Bob (clave errada) --> [0 0 0 0 0 0 0 0 0 0 0 0 0 0 0 0 0 0 0 0 0 0 0 0 0 0 0 0 0 0 0 0] | Precisión: 0.44 | Hamming: 18
------------------------------------------------------------
[9] Bob (clave errada) --> [0 0 0 0 0 0 0 0 0 0 0 0 0 0 0 0 0 0 0 0 0 0 0 0 0 0 0 0 0 0 0 0] | Precisión: 0.50 | Hamming: 16
------------------------------------------------------------
[10] Bob (clave errada) --> [0 0 0 0 0 0 0 0 0 0 0 0 0 0 0 0 0 0 0 0 0 0 0 0 0 0 0 0 0 0 0 0] | Precisión: 0.44 | Hamming: 18
------------------------------------------------------------

RESULTADOS CON CLAVES ERRÓNEAS

Bob -> Precisión media (clave errada): 0.5099 | Hamming media: 15.68

EVALUACIÓN CON 4500:

[1] Original  --> [1 1 0 0 0 1 0 1 0 1 1 0 1 0 1 0 0 0 0 1 0 0 1 1 0 0 1 0 0 0 0 0]
     Bob       --> [1 1 0 0 0 1 0 1 0 1 1 0 1 0 1 0 0 0 0 1 0 0 1 1 0 0 1 0 0 0 0 0]   | Precisión: 1.00 | Hamming: 0
     Eve       --> [0 0 0 1 0 0 1 0 1 0 0 0 1 0 0 1 1 0 1 0 0 1 0 1 1 1 0 0 0 1 1 0]   | Precisión: 0.34 | Hamming: 21
------------------------------------------------------------
[2] Original  --> [1 1 1 1 0 0 0 1 0 0 0 1 1 0 0 1 0 0 0 1 0 0 1 0 0 1 1 0 1 1 1 0]
     Bob       --> [1 1 1 1 0 0 0 1 0 0 0 1 1 0 0 1 0 1 0 1 0 0 1 0 0 1 1 1 1 1 1 0]   | Precisión: 0.94 | Hamming: 2
     Eve       --> [0 0 0 1 1 1 1 0 1 0 0 0 1 1 0 0 1 1 1 0 0 0 0 1 1 0 0 1 0 1 0 0]   | Precisión: 0.28 | Hamming: 23
------------------------------------------------------------
[3] Original  --> [0 0 1 1 1 1 0 1 1 0 1 0 0 1 1 1 0 1 0 0 1 0 0 1 0 1 1 1 1 1 0 1]
     Bob       --> [0 0 1 1 0 1 0 1 1 0 1 0 0 1 1 1 0 1 0 1 1 1 0 1 0 1 1 1 1 1 0 1]   | Precisión: 0.91 | Hamming: 3
     Eve       --> [0 0 0 1 1 1 1 0 1 0 0 1 1 1 0 1 1 0 1 0 0 0 1 1 1 1 0 0 0 1 0 0]   | Precisión: 0.47 | Hamming: 17
------------------------------------------------------------
[4] Original  --> [1 0 1 1 0 0 1 1 0 1 0 0 0 0 1 1 0 1 1 0 0 0 0 1 1 0 0 0 0 0 1 1]
     Bob       --> [1 0 1 1 0 0 1 1 0 1 0 0 0 0 1 1 0 1 1 0 0 1 0 1 1 0 0 0 0 0 1 0]   | Precisión: 0.94 | Hamming: 2
     Eve       --> [0 1 0 0 0 0 1 0 0 0 1 1 1 1 1 0 0 1 1 1 1 0 0 1 1 0 0 1 0 1 1 0]   | Precisión: 0.50 | Hamming: 16
------------------------------------------------------------
[5] Original  --> [1 0 0 0 1 0 0 0 1 0 1 0 1 1 1 1 0 0 1 1 0 0 0 1 0 0 1 0 0 0 1 0]
     Bob       --> [1 0 1 0 1 0 0 0 1 0 1 0 1 1 1 1 0 0 1 1 0 1 0 1 1 0 1 0 0 0 1 0]   | Precisión: 0.91 | Hamming: 3
     Eve       --> [0 1 0 1 0 1 1 0 1 0 1 1 1 0 0 1 1 0 1 0 0 1 0 1 1 1 0 1 1 1 0 0]   | Precisión: 0.41 | Hamming: 19
------------------------------------------------------------
[6] Original  --> [1 0 0 0 1 0 1 1 1 1 0 0 0 1 1 0 0 0 1 0 0 1 0 0 1 0 0 0 0 1 1 0]
     Bob       --> [1 0 0 0 1 0 1 1 1 1 0 0 0 1 1 0 0 1 1 0 0 1 0 0 1 0 0 0 0 1 1 0]   | Precisión: 0.97 | Hamming: 1
     Eve       --> [0 1 1 1 0 1 1 0 0 0 0 1 1 1 0 0 1 0 1 1 1 0 1 1 1 1 1 1 1 0 1 0]   | Precisión: 0.28 | Hamming: 23
------------------------------------------------------------
[7] Original  --> [0 0 0 0 0 0 0 0 1 1 0 1 0 0 1 1 1 1 0 1 0 1 0 1 1 1 1 0 0 0 0 1]
     Bob       --> [0 0 0 0 1 0 0 0 1 1 0 1 0 0 1 1 1 0 0 1 0 1 0 1 1 1 1 0 0 0 0 1]   | Precisión: 0.94 | Hamming: 2
     Eve       --> [0 1 1 1 0 1 1 0 0 0 0 1 1 1 0 0 0 0 1 1 1 0 1 1 1 0 0 1 0 1 0 0]   | Precisión: 0.31 | Hamming: 22
------------------------------------------------------------
[8] Original  --> [1 0 0 1 1 1 0 1 0 1 1 1 1 0 1 0 0 1 1 1 1 0 0 1 0 0 0 1 0 1 0 1]
     Bob       --> [1 0 0 1 1 1 0 1 0 1 1 1 1 0 1 0 0 0 1 1 1 0 0 1 0 0 0 1 0 1 0 1]   | Precisión: 0.97 | Hamming: 1
     Eve       --> [0 1 0 1 0 0 1 0 1 0 0 0 1 0 0 1 1 0 1 1 1 0 0 1 1 1 0 0 0 1 1 0]   | Precisión: 0.41 | Hamming: 19
------------------------------------------------------------
[9] Original  --> [0 0 1 0 1 0 1 1 0 0 0 1 0 1 0 0 0 0 0 1 1 0 0 1 1 1 1 1 1 1 1 1]
     Bob       --> [0 0 1 0 1 0 1 1 0 0 0 1 0 1 0 0 0 0 0 1 1 1 0 1 1 1 1 1 1 1 1 1]   | Precisión: 0.97 | Hamming: 1
     Eve       --> [1 0 0 0 0 1 1 0 1 0 0 0 1 1 0 0 1 1 1 1 0 0 1 1 1 0 0 1 0 1 0 0]   | Precisión: 0.44 | Hamming: 18
------------------------------------------------------------
[10] Original  --> [1 0 0 0 0 1 0 0 0 1 1 1 0 1 1 0 0 0 0 0 0 1 0 0 1 0 0 1 1 1 1 1]
     Bob       --> [1 0 0 0 0 1 0 0 0 1 1 1 0 1 1 0 0 0 0 0 0 1 0 0 1 0 0 1 1 1 1 1]   | Precisión: 1.00 | Hamming: 0
     Eve       --> [0 1 0 1 0 1 1 0 1 0 0 1 1 0 0 0 1 0 1 0 1 0 1 1 1 1 0 0 0 1 0 0]   | Precisión: 0.34 | Hamming: 21
------------------------------------------------------------

RESULTADOS FINALES

Bob -> Precisión media: 0.9649 | Hamming media: 1.12
Eve -> Precisión media: 0.4295 | Hamming media: 18.26
Bob -> Perfectas: 3441 | Eve -> Perfectas: 0

EVALUACIÓN CON CLAVES ERRÓNEAS PARA BOB

[1] Bob (clave errada) --> [0 0 0 0 0 0 0 0 0 0 0 0 0 0 0 0 0 0 0 0 0 0 0 0 0 0 0 0 0 0 0 0] | Precisión: 0.62 | Hamming: 12
------------------------------------------------------------
[2] Bob (clave errada) --> [0 0 0 0 0 0 0 0 0 0 0 0 0 0 0 0 0 0 0 0 0 0 0 0 0 0 0 0 0 0 0 0] | Precisión: 0.53 | Hamming: 15
------------------------------------------------------------
[3] Bob (clave errada) --> [0 0 0 0 0 0 0 0 0 0 0 0 0 0 0 0 0 0 0 0 0 0 0 0 0 0 0 0 0 0 0 0] | Precisión: 0.41 | Hamming: 19
------------------------------------------------------------
[4] Bob (clave errada) --> [0 0 0 0 0 0 0 0 0 0 0 0 0 0 0 0 0 0 0 0 0 0 0 0 0 0 0 0 0 0 0 0] | Precisión: 0.56 | Hamming: 14
------------------------------------------------------------
[5] Bob (clave errada) --> [0 0 0 0 0 0 0 0 0 0 0 0 0 0 0 0 0 0 0 0 0 0 0 0 0 0 0 0 0 0 0 0] | Precisión: 0.59 | Hamming: 13
------------------------------------------------------------
[6] Bob (clave errada) --> [0 0 0 0 0 0 0 0 0 0 0 0 0 0 0 0 0 0 0 0 0 0 0 0 0 0 0 0 0 0 0 0] | Precisión: 0.59 | Hamming: 13
------------------------------------------------------------
[7] Bob (clave errada) --> [0 0 0 0 0 0 0 0 0 0 0 0 0 0 0 0 0 0 0 0 0 0 0 0 0 0 0 0 0 0 0 0] | Precisión: 0.56 | Hamming: 14
------------------------------------------------------------
[8] Bob (clave errada) --> [0 0 0 0 0 0 0 0 0 0 0 0 0 0 0 0 0 0 0 0 0 0 0 0 0 0 0 0 0 0 0 0] | Precisión: 0.44 | Hamming: 18
------------------------------------------------------------
[9] Bob (clave errada) --> [0 0 0 0 0 0 0 0 0 0 0 0 0 0 0 0 0 0 0 0 0 0 0 0 0 0 0 0 0 0 0 0] | Precisión: 0.47 | Hamming: 17
------------------------------------------------------------
[10] Bob (clave errada) --> [0 0 0 0 0 0 0 0 0 0 0 0 0 0 0 0 0 0 0 0 0 0 0 0 0 0 0 0 0 0 0 0] | Precisión: 0.56 | Hamming: 14
------------------------------------------------------------

RESULTADOS CON CLAVES ERRÓNEAS

Bob -> Precisión media (clave errada): 0.5258 | Hamming media: 15.18

EVALUACIÓN CON 5000:

[1] Original  --> [1 0 1 1 1 1 1 1 0 1 0 0 0 0 0 0 1 1 0 1 0 1 0 1 0 1 1 0 0 1 0 1]
     Bob       --> [0 0 1 1 1 1 1 1 0 1 0 0 0 0 0 0 1 1 0 1 0 1 0 1 0 1 1 0 0 1 0 1]   | Precisión: 0.97 | Hamming: 1
     Eve       --> [1 1 1 0 0 1 1 1 1 1 1 1 1 1 1 1 0 1 1 0 0 0 1 1 0 1 0 0 1 1 1 1]   | Precisión: 0.44 | Hamming: 18
------------------------------------------------------------
[2] Original  --> [0 1 1 0 0 0 0 0 1 1 1 0 0 1 1 0 0 1 0 0 0 1 0 0 0 0 0 1 0 1 0 1]
     Bob       --> [0 1 1 0 0 0 0 0 1 1 1 1 0 1 1 0 0 1 0 0 0 1 0 0 0 0 0 1 0 1 0 1]   | Precisión: 0.97 | Hamming: 1
     Eve       --> [0 1 0 0 0 1 0 1 0 1 0 1 1 1 1 1 1 0 1 1 0 0 1 1 1 1 1 0 1 0 1 1]   | Precisión: 0.31 | Hamming: 22
------------------------------------------------------------
[3] Original  --> [1 0 1 1 0 0 0 0 0 1 0 0 1 1 0 1 0 0 0 0 1 0 0 1 0 0 0 1 0 0 0 0]
     Bob       --> [1 0 1 1 0 0 0 0 0 1 0 0 1 1 0 1 0 0 0 1 1 0 0 1 0 0 0 1 0 0 0 0]   | Precisión: 0.97 | Hamming: 1
     Eve       --> [0 1 1 0 0 1 1 1 1 0 1 1 1 1 1 1 1 1 1 0 0 0 1 1 1 1 1 0 1 1 1 1]   | Precisión: 0.25 | Hamming: 24
------------------------------------------------------------
[4] Original  --> [0 0 0 1 0 0 0 1 1 0 1 1 0 1 0 0 0 0 1 1 0 0 1 1 0 0 0 0 1 0 1 0]
     Bob       --> [1 0 0 1 0 0 0 1 1 0 1 1 0 1 0 0 0 0 1 1 0 0 1 1 0 0 0 0 1 0 1 0]   | Precisión: 0.97 | Hamming: 1
     Eve       --> [1 1 1 0 0 1 1 1 0 1 1 1 1 1 1 1 1 1 0 1 0 0 1 0 1 1 0 0 1 0 1 1]   | Precisión: 0.44 | Hamming: 18
------------------------------------------------------------
[5] Original  --> [0 0 1 0 0 1 0 1 1 1 1 0 1 0 0 1 0 0 1 0 1 1 1 1 0 0 1 0 0 0 0 0]
     Bob       --> [1 0 1 0 0 1 0 1 1 1 1 0 1 0 0 1 0 0 1 0 1 1 1 1 0 0 1 0 0 0 0 0]   | Precisión: 0.97 | Hamming: 1
     Eve       --> [0 1 1 0 1 1 1 1 1 0 0 1 1 1 1 1 1 1 0 1 0 0 1 0 1 1 0 0 1 1 1 1]   | Precisión: 0.31 | Hamming: 22
------------------------------------------------------------
[6] Original  --> [0 0 1 1 1 0 0 1 1 1 1 1 1 1 1 1 1 1 1 1 1 1 1 1 1 1 0 0 1 0 1 1]
     Bob       --> [1 0 1 1 1 0 0 1 1 1 1 1 1 1 0 1 1 1 1 1 1 1 1 1 1 1 0 0 1 0 1 1]   | Precisión: 0.94 | Hamming: 2
     Eve       --> [1 1 0 0 1 1 0 1 1 1 0 1 1 1 1 1 0 0 1 1 1 0 1 0 0 1 0 0 1 0 0 1]   | Precisión: 0.62 | Hamming: 12
------------------------------------------------------------
[7] Original  --> [0 0 0 1 0 0 1 0 0 0 0 1 0 1 0 1 1 1 1 1 1 1 0 1 1 0 0 1 1 0 1 1]
     Bob       --> [0 0 0 1 0 0 1 0 0 0 0 1 0 1 0 1 1 1 1 1 1 1 0 1 1 0 0 0 1 0 1 1]   | Precisión: 0.97 | Hamming: 1
     Eve       --> [1 1 0 0 1 0 0 1 1 1 1 1 1 0 1 1 1 0 0 1 0 0 1 1 1 1 0 0 1 0 1 1]   | Precisión: 0.41 | Hamming: 19
------------------------------------------------------------
[8] Original  --> [0 1 0 1 1 1 0 1 0 0 1 0 1 1 1 0 0 0 1 1 0 0 1 0 1 0 0 0 0 0 0 0]
     Bob       --> [1 1 0 1 1 1 0 1 0 0 1 0 1 1 0 0 0 0 1 1 0 0 1 0 1 0 0 0 0 0 0 1]   | Precisión: 0.91 | Hamming: 3
     Eve       --> [0 1 1 0 0 1 1 1 0 0 1 1 1 1 0 1 0 0 0 1 1 0 1 1 1 1 1 0 1 0 1 1]   | Precisión: 0.53 | Hamming: 15
------------------------------------------------------------
[9] Original  --> [0 1 1 1 0 1 0 0 0 0 1 1 1 0 1 0 1 1 0 1 1 1 1 0 0 1 0 1 1 1 1 1]
     Bob       --> [1 1 0 1 0 1 0 0 0 0 1 1 1 0 1 0 1 1 0 1 1 1 1 0 0 1 0 1 1 1 1 0]   | Precisión: 0.91 | Hamming: 3
     Eve       --> [1 1 0 0 0 1 0 1 0 1 0 1 1 1 1 1 0 0 1 1 0 0 1 1 1 1 1 0 1 0 1 1]   | Precisión: 0.44 | Hamming: 18
------------------------------------------------------------
[10] Original  --> [1 0 0 0 0 1 0 0 1 0 1 1 0 0 1 1 1 0 0 1 1 0 0 1 1 0 1 0 1 0 1 1]
     Bob       --> [1 0 0 0 0 1 0 0 1 0 1 1 0 0 1 1 1 0 0 1 1 0 0 1 1 0 1 0 1 0 1 1]   | Precisión: 1.00 | Hamming: 0
     Eve       --> [1 1 1 0 0 1 1 1 1 1 0 1 1 1 1 1 1 1 1 1 1 0 1 0 0 1 0 1 1 0 1 1]   | Precisión: 0.50 | Hamming: 16
------------------------------------------------------------

RESULTADOS FINALES

Bob -> Precisión media: 0.9667 | Hamming media: 1.07
Eve -> Precisión media: 0.4372 | Hamming media: 18.01
Bob -> Perfectas: 3631 | Eve -> Perfectas: 0

EVALUACIÓN CON CLAVES ERRÓNEAS PARA BOB

[1] Bob (clave errada) --> [0 0 0 0 0 0 0 0 0 0 0 0 0 0 0 0 0 0 0 0 0 0 0 0 0 0 0 0 0 0 0 0] | Precisión: 0.47 | Hamming: 17
------------------------------------------------------------
[2] Bob (clave errada) --> [0 0 0 0 0 0 0 0 0 0 0 0 0 0 0 0 0 0 0 0 0 0 0 0 0 0 0 0 0 0 0 0] | Precisión: 0.62 | Hamming: 12
------------------------------------------------------------
[3] Bob (clave errada) --> [0 0 0 0 0 0 0 0 0 0 0 0 0 0 0 0 0 0 0 0 0 0 0 0 0 0 0 0 0 0 0 0] | Precisión: 0.69 | Hamming: 10
------------------------------------------------------------
[4] Bob (clave errada) --> [0 0 0 0 0 0 0 0 0 0 0 0 0 0 0 0 0 0 0 0 0 0 0 0 0 0 0 0 0 0 0 0] | Precisión: 0.62 | Hamming: 12
------------------------------------------------------------
[5] Bob (clave errada) --> [0 0 0 0 0 0 0 0 0 0 0 0 0 0 0 0 0 0 0 0 0 0 0 0 0 0 0 0 0 0 0 0] | Precisión: 0.56 | Hamming: 14
------------------------------------------------------------
[6] Bob (clave errada) --> [0 0 0 0 0 0 0 0 0 0 0 0 0 0 0 0 0 0 0 0 0 0 0 0 0 0 0 0 0 0 0 0] | Precisión: 0.22 | Hamming: 25
------------------------------------------------------------
[7] Bob (clave errada) --> [0 0 0 0 0 0 0 0 0 0 0 0 0 0 0 0 0 0 0 0 0 0 0 0 0 0 0 0 0 0 0 0] | Precisión: 0.47 | Hamming: 17
------------------------------------------------------------
[8] Bob (clave errada) --> [0 0 0 0 0 0 0 0 0 0 0 0 0 0 0 0 0 0 0 0 0 0 0 0 0 0 0 0 0 0 0 0] | Precisión: 0.59 | Hamming: 13
------------------------------------------------------------
[9] Bob (clave errada) --> [0 0 0 0 0 0 0 0 0 0 0 0 0 0 0 0 0 0 0 0 0 0 0 0 0 0 0 0 0 0 0 0] | Precisión: 0.38 | Hamming: 20
------------------------------------------------------------
[10] Bob (clave errada) --> [0 0 0 0 0 0 0 0 0 0 0 0 0 0 0 0 0 0 0 0 0 0 0 0 0 0 0 0 0 0 0 0] | Precisión: 0.50 | Hamming: 16
------------------------------------------------------------

RESULTADOS CON CLAVES ERRÓNEAS

Bob -> Precisión media (clave errada): 0.5196 | Hamming media: 15.37

EVALUACIÓN CON 5500:

[1] Original  --> [0 1 0 1 0 1 1 1 0 1 0 0 0 0 0 1 0 1 1 1 0 1 1 0 0 0 0 0 0 0 0 0]
     Bob       --> [0 0 0 0 0 1 1 1 0 0 0 0 0 0 0 1 0 1 1 1 0 1 0 0 0 0 0 0 0 0 0 0]   | Precisión: 0.88 | Hamming: 4
     Eve       --> [0 1 0 0 0 0 1 1 0 1 0 1 1 0 1 1 1 0 1 0 0 1 1 1 1 1 1 1 0 0 0 0]   | Precisión: 0.59 | Hamming: 13
------------------------------------------------------------
[2] Original  --> [0 1 1 0 0 1 1 0 1 0 0 1 0 1 1 1 1 0 1 0 1 1 1 1 1 0 0 1 1 0 1 1]
     Bob       --> [0 1 1 0 0 1 1 0 1 0 0 1 0 1 0 1 0 0 0 0 1 1 0 1 1 0 0 1 0 0 1 1]   | Precisión: 0.84 | Hamming: 5
     Eve       --> [1 1 1 0 0 1 0 1 0 1 0 0 1 0 1 0 0 1 1 1 1 0 1 0 1 1 1 0 0 0 0 0]   | Precisión: 0.38 | Hamming: 20
------------------------------------------------------------
[3] Original  --> [0 1 1 1 0 0 0 1 1 0 1 1 0 0 0 0 1 0 0 1 1 1 1 0 1 1 0 1 1 0 1 1]
     Bob       --> [0 0 1 0 0 0 0 1 0 0 1 1 0 0 0 0 1 0 0 1 1 1 0 0 0 0 0 1 0 0 1 1]   | Precisión: 0.78 | Hamming: 7
     Eve       --> [1 1 0 0 0 1 1 1 0 1 0 0 1 0 0 1 0 1 1 0 0 0 1 1 1 1 1 1 0 0 0 0]   | Precisión: 0.31 | Hamming: 22
------------------------------------------------------------
[4] Original  --> [1 1 1 0 0 0 0 0 1 0 1 0 0 0 0 0 1 0 1 1 1 1 0 1 0 1 1 1 1 1 0 1]
     Bob       --> [1 0 1 0 0 0 0 0 0 0 1 0 0 0 0 0 1 0 1 1 1 1 0 1 0 0 1 1 1 0 0 0]   | Precisión: 0.84 | Hamming: 5
     Eve       --> [1 1 0 0 1 1 0 1 0 1 0 0 1 0 1 1 0 1 1 1 0 0 1 0 1 1 1 0 0 0 0 1]   | Precisión: 0.38 | Hamming: 20
------------------------------------------------------------
[5] Original  --> [0 1 0 0 0 0 1 0 0 1 1 1 1 0 1 0 0 1 0 0 1 0 0 1 0 0 1 0 1 1 1 1]
     Bob       --> [0 0 0 0 0 0 0 0 0 0 0 1 1 0 0 0 0 1 0 0 1 0 0 1 0 0 1 0 1 0 1 1]   | Precisión: 0.81 | Hamming: 6
     Eve       --> [1 1 1 0 0 1 0 1 1 1 0 1 1 0 0 1 0 1 1 1 0 0 1 1 0 0 1 0 1 0 0 1]   | Precisión: 0.53 | Hamming: 15
------------------------------------------------------------
[6] Original  --> [0 1 0 0 1 1 1 1 1 0 0 1 0 1 0 1 0 1 1 1 1 1 1 0 1 1 1 1 0 0 0 0]
     Bob       --> [0 0 0 0 0 1 1 1 0 0 0 1 0 0 0 0 0 0 1 1 0 1 0 0 0 0 0 1 0 0 0 0]   | Precisión: 0.66 | Hamming: 11
     Eve       --> [1 1 0 1 0 0 1 1 1 1 0 0 1 1 1 0 1 0 1 0 1 1 1 1 1 1 0 0 0 0 1 0]   | Precisión: 0.50 | Hamming: 16
------------------------------------------------------------
[7] Original  --> [1 0 1 0 0 1 0 0 0 0 0 0 0 0 0 0 0 1 0 1 0 1 1 0 0 0 1 0 1 1 1 0]
     Bob       --> [0 0 0 0 0 1 0 0 0 0 0 0 0 0 0 0 0 0 0 1 0 1 0 0 0 0 1 0 0 0 1 0]   | Precisión: 0.81 | Hamming: 6
     Eve       --> [0 1 0 0 1 1 1 1 1 1 0 0 0 1 1 1 0 0 1 1 0 0 1 0 1 1 0 0 0 0 1 1]   | Precisión: 0.38 | Hamming: 20
------------------------------------------------------------
[8] Original  --> [0 1 0 1 0 0 1 0 0 1 0 0 0 1 1 1 0 0 1 0 0 0 1 0 0 0 0 0 1 0 1 0]
     Bob       --> [0 0 0 0 0 0 0 0 0 0 0 0 0 1 0 0 0 0 0 0 0 0 0 0 0 0 0 0 0 0 1 0]   | Precisión: 0.72 | Hamming: 9
     Eve       --> [1 0 0 0 1 1 0 1 1 1 0 1 0 1 1 0 0 0 0 1 1 0 1 1 1 1 1 0 1 1 0 0]   | Precisión: 0.41 | Hamming: 19
------------------------------------------------------------
[9] Original  --> [0 0 1 0 1 0 0 0 0 1 0 1 1 0 1 1 0 0 1 1 1 1 0 0 0 1 1 1 1 1 1 0]
     Bob       --> [0 0 0 0 1 0 0 0 0 0 0 1 0 0 0 0 0 0 1 1 1 0 0 0 0 0 1 1 0 1 1 0]   | Precisión: 0.75 | Hamming: 8
     Eve       --> [1 1 0 0 1 0 1 1 1 0 0 0 1 1 1 0 0 1 1 0 0 0 1 0 1 1 0 0 0 0 1 1]   | Precisión: 0.34 | Hamming: 21
------------------------------------------------------------
[10] Original  --> [0 1 0 1 0 0 0 0 1 0 1 1 1 1 0 1 0 1 1 1 0 1 1 1 1 0 1 0 0 1 0 1]
     Bob       --> [0 0 0 1 0 0 0 0 0 0 1 1 1 1 0 1 0 0 1 1 0 1 0 1 0 0 1 0 0 1 1 1]   | Precisión: 0.81 | Hamming: 6
     Eve       --> [1 0 0 0 1 1 0 1 0 1 0 0 1 1 0 0 0 0 1 0 1 0 1 0 1 1 1 1 0 0 0 1]   | Precisión: 0.41 | Hamming: 19
------------------------------------------------------------

RESULTADOS FINALES

Bob -> Precisión media: 0.8018 | Hamming media: 6.34
Eve -> Precisión media: 0.4170 | Hamming media: 18.66
Bob -> Perfectas: 27 | Eve -> Perfectas: 0

EVALUACIÓN CON CLAVES ERRÓNEAS PARA BOB

[1] Bob (clave errada) --> [0 0 0 0 0 0 0 0 0 0 0 0 0 0 0 0 0 0 0 0 0 0 0 0 0 0 0 0 0 0 0 0] | Precisión: 0.62 | Hamming: 12
------------------------------------------------------------
[2] Bob (clave errada) --> [0 0 0 0 0 0 0 0 0 0 0 0 0 0 0 0 0 0 0 0 0 0 0 0 0 0 0 0 0 0 0 0] | Precisión: 0.38 | Hamming: 20
------------------------------------------------------------
[3] Bob (clave errada) --> [0 0 0 0 0 0 0 0 0 0 0 0 0 0 0 0 0 0 0 0 0 0 0 0 0 0 0 0 0 0 0 0] | Precisión: 0.44 | Hamming: 18
------------------------------------------------------------
[4] Bob (clave errada) --> [0 0 0 0 0 0 0 0 0 0 0 0 0 0 0 0 0 0 0 0 0 0 0 0 0 0 0 0 0 0 0 0] | Precisión: 0.47 | Hamming: 17
------------------------------------------------------------
[5] Bob (clave errada) --> [0 0 0 0 0 0 0 0 0 0 0 0 0 0 0 0 0 0 0 0 0 0 0 0 0 0 0 0 0 0 0 0] | Precisión: 0.53 | Hamming: 15
------------------------------------------------------------
[6] Bob (clave errada) --> [0 0 0 0 0 0 0 0 0 0 0 0 0 0 0 0 0 0 0 0 0 0 0 0 0 0 0 0 0 0 0 0] | Precisión: 0.41 | Hamming: 19
------------------------------------------------------------
[7] Bob (clave errada) --> [0 0 0 0 0 0 0 0 0 0 0 0 0 0 0 0 0 0 0 0 0 0 0 0 0 0 0 0 0 0 0 0] | Precisión: 0.66 | Hamming: 11
------------------------------------------------------------
[8] Bob (clave errada) --> [0 0 0 0 0 0 0 0 0 0 0 0 0 0 0 0 0 0 0 0 0 0 0 0 0 0 0 0 0 0 0 0] | Precisión: 0.66 | Hamming: 11
------------------------------------------------------------
[9] Bob (clave errada) --> [0 0 0 0 0 0 0 0 0 0 0 0 0 0 0 0 0 0 0 0 0 0 0 0 0 0 0 0 0 0 0 0] | Precisión: 0.47 | Hamming: 17
------------------------------------------------------------
[10] Bob (clave errada) --> [0 0 0 0 0 0 0 0 0 0 0 0 0 0 0 0 0 0 0 0 0 0 0 0 0 0 0 0 0 0 0 0] | Precisión: 0.44 | Hamming: 18
------------------------------------------------------------

RESULTADOS CON CLAVES ERRÓNEAS

Bob -> Precisión media (clave errada): 0.5201 | Hamming media: 15.36

EVALUACIÓN CON 6000:

[1] Original  --> [1 1 0 1 0 1 1 1 0 0 0 0 0 1 0 0 0 1 1 0 1 0 1 1 1 0 1 1 1 0 0 1]
     Bob       --> [1 1 0 0 0 1 0 0 0 0 0 0 0 1 0 0 0 0 1 0 1 0 1 0 0 0 1 1 1 0 0 0]   | Precisión: 0.78 | Hamming: 7
     Eve       --> [0 0 0 0 0 0 0 0 1 1 0 1 0 0 1 1 0 1 0 0 0 1 0 0 1 1 0 0 0 1 1 1]   | Precisión: 0.28 | Hamming: 23
------------------------------------------------------------
[2] Original  --> [1 1 1 1 0 0 0 1 0 0 0 1 1 1 1 1 1 0 0 0 1 0 1 1 0 0 0 0 1 1 1 0]
     Bob       --> [1 1 1 1 0 0 0 0 0 0 0 0 0 1 1 1 1 0 0 0 1 0 1 1 0 0 0 0 1 1 1 0]   | Precisión: 0.91 | Hamming: 3
     Eve       --> [0 1 0 0 1 1 1 1 0 0 1 1 0 1 0 0 0 1 1 1 0 1 0 0 0 0 0 0 0 1 1 0]   | Precisión: 0.41 | Hamming: 19
------------------------------------------------------------
[3] Original  --> [1 0 0 1 1 0 1 0 0 0 0 1 1 1 0 1 1 0 1 1 0 0 1 0 1 0 1 0 0 0 0 0]
     Bob       --> [0 0 0 0 1 0 0 0 0 0 0 0 1 1 0 0 1 0 1 0 0 0 0 0 0 0 1 0 0 0 0 0]   | Precisión: 0.75 | Hamming: 8
     Eve       --> [0 1 0 0 0 0 0 1 1 0 1 1 0 0 1 1 0 1 1 0 0 1 0 0 1 0 0 0 0 0 1 0]   | Precisión: 0.44 | Hamming: 18
------------------------------------------------------------
[4] Original  --> [1 1 0 1 1 1 0 0 0 1 0 0 0 0 1 1 0 1 1 1 0 1 0 0 0 0 0 0 1 0 1 1]
     Bob       --> [1 1 0 1 1 1 0 0 0 0 0 0 0 0 1 1 0 0 1 1 1 1 0 0 0 0 0 0 0 0 1 0]   | Precisión: 0.84 | Hamming: 5
     Eve       --> [0 0 0 0 0 0 0 1 0 0 1 1 1 0 1 1 1 1 1 0 0 0 0 1 1 0 1 0 0 1 1 0]   | Precisión: 0.41 | Hamming: 19
------------------------------------------------------------
[5] Original  --> [1 0 0 1 1 1 1 1 1 0 0 1 1 0 1 1 1 0 1 0 1 0 1 1 0 0 1 0 0 0 1 1]
     Bob       --> [1 0 0 0 1 1 0 0 1 0 0 0 0 0 1 1 1 0 1 0 1 0 0 0 0 1 1 0 0 0 1 0]   | Precisión: 0.72 | Hamming: 9
     Eve       --> [0 1 0 0 1 0 0 0 0 0 1 0 0 1 0 1 0 1 1 1 0 1 1 0 1 1 1 0 0 1 0 0]   | Precisión: 0.28 | Hamming: 23
------------------------------------------------------------
[6] Original  --> [1 0 0 1 1 1 1 0 0 1 1 0 1 0 0 0 0 0 1 1 1 0 0 0 1 0 1 0 0 0 0 1]
     Bob       --> [0 0 0 0 1 0 0 0 0 0 0 0 0 0 0 0 0 0 0 0 1 0 0 0 0 0 0 0 0 0 0 0]   | Precisión: 0.62 | Hamming: 12
     Eve       --> [0 0 0 0 0 0 0 0 0 0 0 0 0 0 1 1 0 1 1 0 0 1 0 1 1 0 0 0 1 1 1 0]   | Precisión: 0.38 | Hamming: 20
------------------------------------------------------------
[7] Original  --> [0 0 1 0 0 0 1 1 1 0 0 1 0 0 1 1 0 1 0 0 1 1 1 1 1 0 1 0 0 1 0 0]
     Bob       --> [0 0 1 0 0 0 0 1 1 0 0 1 0 0 1 1 0 1 0 0 0 1 0 1 0 1 1 0 0 1 0 0]   | Precisión: 0.84 | Hamming: 5
     Eve       --> [0 1 0 0 1 0 0 0 0 0 1 1 1 1 1 1 0 1 1 1 0 0 1 0 1 1 0 1 1 1 0 0]   | Precisión: 0.44 | Hamming: 18
------------------------------------------------------------
[8] Original  --> [1 0 0 0 1 0 0 1 1 1 0 0 0 0 0 0 0 1 1 1 1 1 0 1 0 1 1 1 1 0 0 1]
     Bob       --> [1 0 0 0 0 0 0 0 0 0 0 0 0 0 0 0 0 0 0 0 1 0 0 0 0 1 1 1 0 0 0 0]   | Precisión: 0.66 | Hamming: 11
     Eve       --> [0 1 0 0 1 0 0 0 0 1 1 1 1 0 1 1 0 1 0 0 0 1 1 0 1 1 0 0 0 1 1 0]   | Precisión: 0.34 | Hamming: 21
------------------------------------------------------------
[9] Original  --> [0 0 1 0 0 1 1 0 0 1 1 0 0 0 1 0 0 0 1 0 1 1 1 0 0 1 0 0 1 0 1 1]
     Bob       --> [0 0 1 0 0 1 1 0 0 0 1 0 0 0 1 0 0 0 1 0 1 0 1 0 0 1 0 0 1 0 1 0]   | Precisión: 0.91 | Hamming: 3
     Eve       --> [0 1 0 0 0 0 0 1 0 0 0 0 1 0 0 1 1 1 1 1 1 0 0 1 1 0 1 1 0 1 0 0]   | Precisión: 0.25 | Hamming: 24
------------------------------------------------------------
[10] Original  --> [1 1 0 1 0 0 0 0 1 0 0 0 0 0 1 1 1 1 0 1 0 1 0 0 1 1 1 1 0 0 0 1]
     Bob       --> [0 1 0 1 0 0 0 0 1 0 0 0 0 0 1 1 0 0 0 0 0 1 0 0 0 1 1 1 0 0 0 0]   | Precisión: 0.81 | Hamming: 6
     Eve       --> [0 0 0 0 0 0 0 0 1 0 1 1 0 0 1 1 0 1 1 1 0 1 1 0 1 0 0 1 0 1 0 0]   | Precisión: 0.62 | Hamming: 12
------------------------------------------------------------

RESULTADOS FINALES

Bob -> Precisión media: 0.8060 | Hamming media: 6.21
Eve -> Precisión media: 0.4267 | Hamming media: 18.34
Bob -> Perfectas: 29 | Eve -> Perfectas: 0

EVALUACIÓN CON CLAVES ERRÓNEAS PARA BOB

[1] Bob (clave errada) --> [0 0 0 0 0 0 0 0 0 0 0 0 0 0 0 0 0 0 0 0 0 0 0 0 0 0 0 0 0 0 0 0] | Precisión: 0.47 | Hamming: 17
------------------------------------------------------------
[2] Bob (clave errada) --> [0 1 1 0 0 0 0 0 0 0 0 0 0 1 0 0 0 0 0 0 1 0 1 1 0 0 0 0 1 0 1 0] | Precisión: 0.72 | Hamming: 9
------------------------------------------------------------
[3] Bob (clave errada) --> [0 0 0 0 0 0 0 0 0 0 0 0 0 0 0 0 0 0 0 0 0 0 0 0 0 0 0 0 0 0 0 0] | Precisión: 0.56 | Hamming: 14
------------------------------------------------------------
[4] Bob (clave errada) --> [0 0 0 0 0 0 0 0 0 0 0 0 0 0 0 0 0 0 0 0 0 0 0 0 0 0 0 0 0 0 0 0] | Precisión: 0.53 | Hamming: 15
------------------------------------------------------------
[5] Bob (clave errada) --> [0 0 0 0 0 1 0 0 1 0 0 0 0 0 0 1 0 0 1 0 0 0 0 0 0 0 0 0 0 0 1 0] | Precisión: 0.56 | Hamming: 14
------------------------------------------------------------
[6] Bob (clave errada) --> [0 0 0 0 0 0 0 0 0 0 0 0 0 0 0 0 0 0 0 0 0 0 0 0 0 0 0 0 0 0 0 0] | Precisión: 0.56 | Hamming: 14
------------------------------------------------------------
[7] Bob (clave errada) --> [0 0 0 0 0 0 0 0 0 0 0 0 0 0 0 0 0 0 0 0 0 0 0 0 0 0 0 0 0 0 0 0] | Precisión: 0.53 | Hamming: 15
------------------------------------------------------------
[8] Bob (clave errada) --> [0 0 0 0 0 0 0 0 0 0 0 0 0 0 0 0 0 0 0 0 0 0 0 0 0 0 0 0 0 0 0 0] | Precisión: 0.50 | Hamming: 16
------------------------------------------------------------
[9] Bob (clave errada) --> [0 0 0 0 0 0 0 0 0 0 0 0 0 0 0 0 0 0 0 0 0 0 0 0 0 0 0 0 0 0 0 0] | Precisión: 0.56 | Hamming: 14
------------------------------------------------------------
[10] Bob (clave errada) --> [0 0 0 0 0 0 0 0 0 0 0 0 0 0 0 0 0 0 0 0 0 0 0 0 0 0 0 0 0 0 0 0] | Precisión: 0.53 | Hamming: 15
------------------------------------------------------------

RESULTADOS CON CLAVES ERRÓNEAS

Bob -> Precisión media (clave errada): 0.5269 | Hamming media: 15.14

Tiempo total de ejecución (s): 13062.551270246506
Tiempo total de ejecución (mins): 217.70918783744176