-- RESULTADOS DEL EXPERIMENTO 2.1. --

Número de mensajes = 10000
Número de bits = 32
Tamaño del batch = 512
Adam optimizer learning rate = 0.001
Epochs totales = 6000
Epochs iniciales = 500
alfa = 1.0
beta = 2.0
gamma = 7.0

EVALUACIÓN CON 500:

[1] Original  --> [0 0 0 0 0 0 0 0 1 0 0 1 1 1 1 1 1 0 1 0 1 0 1 0 1 0 0 0 0 1 1 1]
     Bob       --> [0 0 0 0 0 0 0 0 1 0 0 1 1 1 1 1 1 0 1 0 1 0 1 1 1 0 0 0 0 1 1 1]   | Precisión: 0.97 | Hamming: 1
     Eve       --> [1 1 1 1 0 0 1 0 0 1 1 0 0 1 0 1 0 1 0 1 0 1 0 0 0 1 1 0 1 0 1 0]   | Precisión: 0.25 | Hamming: 24
------------------------------------------------------------
[2] Original  --> [1 1 1 0 1 1 1 0 1 0 1 0 0 1 1 0 0 0 0 1 1 1 0 0 1 1 0 1 1 0 1 0]
     Bob       --> [1 1 1 0 0 1 1 0 1 0 1 0 0 1 1 0 0 0 0 1 0 1 0 0 1 1 0 0 1 0 1 0]   | Precisión: 0.91 | Hamming: 3
     Eve       --> [1 1 1 1 1 0 1 0 1 1 0 0 1 1 1 0 0 1 0 1 1 1 0 1 0 1 1 1 0 0 0 0]   | Precisión: 0.66 | Hamming: 11
------------------------------------------------------------
[3] Original  --> [1 0 0 0 0 0 1 0 0 0 1 1 1 1 1 0 0 1 0 0 1 1 0 1 1 1 1 1 0 1 0 1]
     Bob       --> [1 0 0 0 0 0 0 0 0 0 1 1 0 1 1 0 0 1 0 0 1 1 0 0 0 1 1 0 0 1 0 1]   | Precisión: 0.84 | Hamming: 5
     Eve       --> [1 1 1 0 1 0 1 1 1 1 1 0 0 1 0 1 0 1 0 1 1 1 1 0 0 1 0 1 1 1 1 0]   | Precisión: 0.44 | Hamming: 18
------------------------------------------------------------
[4] Original  --> [1 1 1 0 1 1 1 1 0 0 0 0 0 1 1 1 0 0 1 0 1 0 1 0 1 0 0 0 1 0 0 0]
     Bob       --> [1 1 1 0 0 1 1 1 0 0 1 0 0 1 1 1 0 0 1 0 0 0 0 0 1 0 0 0 0 0 0 0]   | Precisión: 0.84 | Hamming: 5
     Eve       --> [1 1 1 0 1 0 1 0 1 1 0 0 0 1 0 0 0 1 1 0 0 1 0 1 0 1 0 1 1 0 1 0]   | Precisión: 0.53 | Hamming: 15
------------------------------------------------------------
[5] Original  --> [0 0 1 1 1 0 0 1 1 1 0 1 1 0 0 1 1 0 1 0 1 0 1 0 0 1 1 0 0 1 1 1]
     Bob       --> [0 0 1 1 1 0 0 0 1 1 0 0 1 0 0 1 1 0 1 0 1 0 1 1 0 1 1 0 0 0 0 1]   | Precisión: 0.84 | Hamming: 5
     Eve       --> [0 1 0 1 0 0 1 0 0 1 1 0 0 1 1 1 0 0 1 1 1 1 0 1 1 1 0 1 1 0 0 0]   | Precisión: 0.28 | Hamming: 23
------------------------------------------------------------
[6] Original  --> [0 0 1 0 0 0 0 0 1 1 1 1 1 1 1 0 0 0 0 1 1 1 1 1 0 0 1 1 0 1 1 1]
     Bob       --> [0 0 0 0 0 0 0 0 1 1 1 0 1 1 1 0 0 0 0 1 1 1 1 1 0 0 1 0 0 0 1 1]   | Precisión: 0.88 | Hamming: 4
     Eve       --> [1 0 0 1 1 0 1 0 0 1 0 0 1 1 1 1 0 1 1 1 1 1 0 0 1 1 1 1 1 0 0 0]   | Precisión: 0.41 | Hamming: 19
------------------------------------------------------------
[7] Original  --> [1 0 0 1 0 0 1 1 0 0 0 1 0 0 0 0 1 1 0 0 0 1 0 0 0 1 1 1 0 0 0 0]
     Bob       --> [1 0 0 0 0 0 0 1 0 0 0 1 0 0 0 0 0 1 0 0 0 1 0 0 0 1 0 0 0 0 0 0]   | Precisión: 0.84 | Hamming: 5
     Eve       --> [0 1 1 1 0 0 1 1 1 0 1 0 0 0 1 0 0 0 1 1 1 1 0 1 1 1 0 1 1 0 1 0]   | Precisión: 0.47 | Hamming: 17
------------------------------------------------------------
[8] Original  --> [1 0 0 0 1 1 1 0 0 1 0 0 0 1 1 1 0 0 1 1 1 1 1 1 0 0 1 1 1 0 1 1]
     Bob       --> [1 0 0 0 0 1 0 0 0 0 1 0 1 0 1 1 0 0 1 1 1 1 0 0 0 0 1 1 0 0 1 1]   | Precisión: 0.72 | Hamming: 9
     Eve       --> [1 1 1 0 0 0 1 1 1 0 0 0 0 1 1 0 0 1 1 0 1 1 1 1 1 1 1 1 1 0 1 0]   | Precisión: 0.59 | Hamming: 13
------------------------------------------------------------
[9] Original  --> [1 1 1 0 1 1 1 1 1 0 0 0 0 0 1 1 1 0 0 0 1 0 1 1 1 1 1 1 0 1 0 1]
     Bob       --> [1 1 1 0 1 1 1 1 1 0 0 0 0 0 1 1 1 0 0 0 0 0 1 0 1 1 0 0 0 1 0 1]   | Precisión: 0.88 | Hamming: 4
     Eve       --> [0 0 1 1 1 1 1 0 0 0 0 0 0 1 1 1 0 1 1 0 1 1 0 0 0 1 1 1 1 0 0 0]   | Precisión: 0.50 | Hamming: 16
------------------------------------------------------------
[10] Original  --> [1 1 1 0 1 0 0 0 0 0 0 0 0 1 0 1 0 0 1 0 1 1 1 0 0 1 0 0 1 1 1 1]
     Bob       --> [1 1 1 0 0 0 0 0 0 0 0 0 0 1 0 1 0 0 1 0 0 1 1 0 0 1 0 0 0 1 0 0]   | Precisión: 0.84 | Hamming: 5
     Eve       --> [0 1 0 1 1 0 1 0 0 1 1 0 0 1 1 1 0 0 0 1 1 1 0 0 1 1 1 1 1 0 1 0]   | Precisión: 0.53 | Hamming: 15
------------------------------------------------------------

RESULTADOS FINALES

Bob -> Precisión media: 0.8623 | Hamming media: 4.41
Eve -> Precisión media: 0.4360 | Hamming media: 18.05
Bob -> Perfectas: 154 | Eve -> Perfectas: 0

EVALUACIÓN CON CLAVES ERRÓNEAS PARA BOB

[1] Bob (clave errada) --> [0 0 0 0 0 0 0 0 0 0 0 1 0 1 1 0 0 0 0 0 1 0 1 1 1 0 0 0 0 1 0 1] | Precisión: 0.78 | Hamming: 7
------------------------------------------------------------
[2] Bob (clave errada) --> [1 1 1 0 0 1 1 0 1 0 1 0 0 0 1 0 0 0 0 1 0 1 0 0 1 0 0 0 1 0 1 0] | Precisión: 0.84 | Hamming: 5
------------------------------------------------------------
[3] Bob (clave errada) --> [0 0 0 0 0 0 0 0 0 0 0 0 0 0 0 0 0 0 0 0 1 0 0 0 0 0 0 0 0 0 0 0] | Precisión: 0.50 | Hamming: 16
------------------------------------------------------------
[4] Bob (clave errada) --> [1 0 1 0 0 0 0 1 0 0 0 0 0 1 1 1 0 0 0 0 0 0 0 0 1 0 0 0 0 0 0 0] | Precisión: 0.75 | Hamming: 8
------------------------------------------------------------
[5] Bob (clave errada) --> [0 0 0 0 0 0 0 0 0 0 0 0 0 0 0 0 0 0 0 0 0 0 0 0 0 0 0 0 0 0 0 0] | Precisión: 0.44 | Hamming: 18
------------------------------------------------------------
[6] Bob (clave errada) --> [0 0 0 0 0 0 0 0 0 0 0 0 0 0 0 0 0 0 0 0 1 1 1 0 0 0 1 0 0 0 0 0] | Precisión: 0.56 | Hamming: 14
------------------------------------------------------------
[7] Bob (clave errada) --> [1 0 0 0 0 0 0 1 0 0 0 1 0 0 0 0 0 1 0 0 0 0 0 0 0 1 0 0 0 0 0 0] | Precisión: 0.81 | Hamming: 6
------------------------------------------------------------
[8] Bob (clave errada) --> [0 0 0 0 0 1 0 0 0 0 0 0 0 0 1 1 0 0 1 1 0 1 0 0 0 0 1 1 0 0 0 1] | Precisión: 0.69 | Hamming: 10
------------------------------------------------------------
[9] Bob (clave errada) --> [1 1 1 0 0 1 0 1 1 0 0 0 0 0 1 1 0 0 0 0 0 0 1 0 1 1 0 0 0 1 0 0] | Precisión: 0.75 | Hamming: 8
------------------------------------------------------------
[10] Bob (clave errada) --> [1 0 0 0 0 0 0 0 0 0 0 0 0 0 0 0 0 0 0 0 0 0 0 0 0 1 0 0 0 1 0 0] | Precisión: 0.62 | Hamming: 12
------------------------------------------------------------

RESULTADOS CON CLAVES ERRÓNEAS

Bob -> Precisión media (clave errada): 0.6588 | Hamming media: 10.92

EVALUACIÓN CON 1000:

[1] Original  --> [1 1 1 1 0 1 0 0 1 1 1 1 1 0 0 1 1 1 1 1 0 1 0 0 1 0 0 0 0 0 0 1]
     Bob       --> [0 0 0 0 0 0 0 0 0 0 1 0 0 0 0 0 0 0 0 0 0 0 0 0 0 0 0 0 0 0 0 0]   | Precisión: 0.47 | Hamming: 17
     Eve       --> [0 1 1 0 1 1 0 1 0 1 0 1 0 0 1 1 0 0 1 0 1 0 1 0 0 0 1 1 1 1 0 0]   | Precisión: 0.38 | Hamming: 20
------------------------------------------------------------
[2] Original  --> [1 0 1 1 0 1 0 1 0 0 1 1 1 1 0 1 1 1 1 0 0 0 1 0 1 1 1 0 0 0 1 1]
     Bob       --> [0 0 0 0 0 0 0 1 0 0 0 0 0 0 0 0 0 0 0 0 0 0 1 0 0 0 0 0 0 0 0 0]   | Precisión: 0.47 | Hamming: 17
     Eve       --> [0 0 1 0 1 0 0 1 0 1 0 1 1 1 1 1 1 0 0 0 0 1 1 1 0 0 1 1 0 1 0 1]   | Precisión: 0.50 | Hamming: 16
------------------------------------------------------------
[3] Original  --> [0 0 1 1 1 1 0 1 1 0 0 1 1 1 0 0 0 0 1 1 0 0 1 1 1 1 1 0 1 1 0 0]
     Bob       --> [0 0 0 0 0 0 0 1 0 0 0 0 0 0 0 0 0 0 1 0 0 0 0 0 0 0 1 0 0 0 0 0]   | Precisión: 0.53 | Hamming: 15
     Eve       --> [1 0 0 0 1 0 0 1 0 1 0 1 0 0 0 1 1 0 0 0 0 0 1 0 0 0 1 1 0 0 1 1]   | Precisión: 0.38 | Hamming: 20
------------------------------------------------------------
[4] Original  --> [0 0 0 1 0 0 1 1 0 1 1 0 1 0 0 0 0 0 1 1 1 0 1 0 0 1 0 0 0 1 0 1]
     Bob       --> [0 0 0 0 0 0 0 0 0 0 1 0 0 0 0 0 0 0 1 0 0 0 0 0 0 0 0 0 0 1 0 0]   | Precisión: 0.69 | Hamming: 10
     Eve       --> [0 0 0 0 1 0 0 1 0 0 0 1 0 0 0 0 1 0 1 1 0 0 1 1 1 0 1 1 0 0 0 0]   | Precisión: 0.50 | Hamming: 16
------------------------------------------------------------
[5] Original  --> [0 0 0 0 1 0 1 0 1 0 1 1 1 0 0 1 0 0 1 0 1 0 0 0 0 1 1 1 1 0 1 1]
     Bob       --> [0 0 0 0 1 0 0 0 0 0 0 0 0 0 0 0 0 0 0 0 0 0 0 0 0 0 0 0 0 0 0 0]   | Precisión: 0.56 | Hamming: 14
     Eve       --> [1 0 0 0 1 0 1 1 0 1 0 1 0 1 0 1 1 0 0 0 0 1 1 1 0 0 1 1 0 0 1 1]   | Precisión: 0.53 | Hamming: 15
------------------------------------------------------------
[6] Original  --> [0 0 0 1 0 0 1 1 1 0 1 1 1 0 0 0 0 0 0 0 1 1 1 1 0 0 0 1 0 1 0 1]
     Bob       --> [0 0 0 0 0 0 1 0 0 0 0 0 0 0 0 0 0 0 0 0 0 0 0 1 0 0 0 0 0 1 0 1]   | Precisión: 0.69 | Hamming: 10
     Eve       --> [1 0 0 0 1 0 0 1 0 0 0 1 0 0 0 1 0 0 0 1 0 0 1 0 0 0 1 1 0 1 0 1]   | Precisión: 0.59 | Hamming: 13
------------------------------------------------------------
[7] Original  --> [0 1 0 0 1 1 0 0 0 0 1 0 1 0 0 0 1 0 1 1 1 1 1 0 0 1 1 1 1 1 1 0]
     Bob       --> [0 1 0 0 0 0 0 0 0 0 1 0 0 0 0 0 0 0 1 0 0 1 0 0 0 0 0 0 0 0 0 0]   | Precisión: 0.59 | Hamming: 13
     Eve       --> [1 0 1 0 1 1 0 1 0 0 0 1 0 1 0 0 1 1 0 0 0 0 0 1 0 0 0 1 0 0 0 1]   | Precisión: 0.34 | Hamming: 21
------------------------------------------------------------
[8] Original  --> [0 0 1 1 0 1 0 1 0 1 1 1 1 0 0 1 1 0 0 1 0 1 0 1 0 1 1 1 1 1 0 0]
     Bob       --> [0 0 0 0 0 0 0 0 0 0 0 1 0 0 0 0 0 0 0 0 0 0 0 0 0 0 0 0 0 0 0 0]   | Precisión: 0.47 | Hamming: 17
     Eve       --> [1 0 0 0 1 1 0 1 0 0 0 1 0 1 1 0 0 0 0 0 0 0 0 1 1 0 1 1 0 0 1 1]   | Precisión: 0.41 | Hamming: 19
------------------------------------------------------------
[9] Original  --> [1 0 1 0 0 1 0 1 0 0 0 0 0 0 1 0 1 0 1 1 1 0 0 1 0 0 1 0 0 0 1 0]
     Bob       --> [0 0 0 0 0 1 0 0 0 0 0 0 0 0 0 0 0 0 0 0 1 0 0 0 0 0 0 0 0 0 0 0]   | Precisión: 0.69 | Hamming: 10
     Eve       --> [1 0 1 0 1 0 0 1 0 0 1 1 0 1 0 0 0 0 0 0 0 0 0 1 0 0 1 1 0 0 1 1]   | Precisión: 0.62 | Hamming: 12
------------------------------------------------------------
[10] Original  --> [0 1 1 0 1 0 0 0 1 1 1 1 1 1 1 1 1 1 1 0 1 0 1 0 1 1 0 1 1 1 0 1]
     Bob       --> [0 0 0 0 0 0 0 0 0 0 0 0 0 0 0 0 0 0 0 0 0 0 0 0 0 0 0 0 0 0 0 0]   | Precisión: 0.31 | Hamming: 22
     Eve       --> [0 1 0 0 1 0 0 1 0 1 0 1 1 0 0 1 1 0 0 0 0 1 1 1 0 0 1 0 1 1 0 0]   | Precisión: 0.50 | Hamming: 16
------------------------------------------------------------

RESULTADOS FINALES

Bob -> Precisión media: 0.5809 | Hamming media: 13.41
Eve -> Precisión media: 0.4503 | Hamming media: 17.59
Bob -> Perfectas: 0 | Eve -> Perfectas: 0

EVALUACIÓN CON CLAVES ERRÓNEAS PARA BOB

[1] Bob (clave errada) --> [0 0 0 0 0 0 0 0 0 0 0 0 0 0 0 0 0 0 0 0 0 0 0 0 1 0 0 0 0 0 0 0] | Precisión: 0.47 | Hamming: 17
------------------------------------------------------------
[2] Bob (clave errada) --> [0 0 0 0 0 0 0 0 0 0 0 0 0 0 0 0 0 0 0 0 0 0 0 0 0 0 0 0 0 0 0 0] | Precisión: 0.41 | Hamming: 19
------------------------------------------------------------
[3] Bob (clave errada) --> [0 0 0 0 0 0 0 0 0 0 0 0 0 0 0 0 0 0 0 0 0 0 0 0 0 0 0 0 0 0 0 0] | Precisión: 0.44 | Hamming: 18
------------------------------------------------------------
[4] Bob (clave errada) --> [0 0 0 0 0 0 0 0 0 0 0 0 0 0 0 0 0 0 0 0 0 0 0 0 0 0 0 0 0 0 0 0] | Precisión: 0.59 | Hamming: 13
------------------------------------------------------------
[5] Bob (clave errada) --> [0 0 0 0 0 0 0 0 0 0 0 0 0 0 0 0 0 0 0 0 0 0 0 0 0 0 0 0 0 0 0 0] | Precisión: 0.53 | Hamming: 15
------------------------------------------------------------
[6] Bob (clave errada) --> [0 0 0 1 0 0 1 1 1 0 1 1 1 0 0 0 0 1 0 0 1 1 1 1 0 0 0 1 0 1 0 1] | Precisión: 0.97 | Hamming: 1
------------------------------------------------------------
[7] Bob (clave errada) --> [0 1 0 0 1 1 0 0 0 0 1 0 1 0 0 0 1 0 1 1 1 1 1 0 0 0 1 0 0 1 1 0] | Precisión: 0.91 | Hamming: 3
------------------------------------------------------------
[8] Bob (clave errada) --> [0 0 0 0 0 0 0 0 0 0 0 0 0 0 0 0 0 0 0 0 0 0 0 0 0 0 0 0 0 0 0 0] | Precisión: 0.44 | Hamming: 18
------------------------------------------------------------
[9] Bob (clave errada) --> [0 0 0 0 0 0 0 0 0 0 0 0 0 0 0 0 0 0 0 0 0 0 0 0 0 0 0 0 0 0 0 0] | Precisión: 0.62 | Hamming: 12
------------------------------------------------------------
[10] Bob (clave errada) --> [0 0 0 0 0 0 0 0 0 0 0 0 0 0 0 0 0 0 0 0 0 0 0 0 0 0 0 0 0 0 0 0] | Precisión: 0.31 | Hamming: 22
------------------------------------------------------------

RESULTADOS CON CLAVES ERRÓNEAS

Bob -> Precisión media (clave errada): 0.5604 | Hamming media: 14.07

EVALUACIÓN CON 1500:

[1] Original  --> [0 1 0 1 0 0 0 0 0 0 0 0 0 0 1 1 1 0 1 1 1 0 1 0 0 0 1 0 1 0 1 0]
     Bob       --> [0 1 0 1 0 0 0 0 0 0 0 0 0 0 1 1 1 0 1 1 1 0 1 0 0 0 1 0 0 0 1 0]   | Precisión: 0.97 | Hamming: 1
     Eve       --> [0 1 1 0 1 1 1 1 0 0 0 1 1 0 0 1 1 1 1 0 1 0 0 1 1 0 0 1 1 1 0 1]   | Precisión: 0.41 | Hamming: 19
------------------------------------------------------------
[2] Original  --> [0 0 1 0 0 1 0 0 0 0 0 0 0 1 1 1 1 1 1 1 1 1 0 0 1 0 0 1 1 0 0 0]
     Bob       --> [1 0 1 0 0 1 0 0 0 0 0 0 0 1 1 1 1 1 1 1 1 1 0 0 1 0 0 1 1 0 0 0]   | Precisión: 0.97 | Hamming: 1
     Eve       --> [0 1 1 0 1 1 1 0 0 0 0 0 1 1 0 1 1 0 0 0 0 0 0 1 1 0 0 1 1 0 0 1]   | Precisión: 0.62 | Hamming: 12
------------------------------------------------------------
[3] Original  --> [1 1 0 0 1 0 1 0 0 1 0 1 0 0 1 0 0 1 0 1 0 1 0 0 0 0 0 0 1 1 0 0]
     Bob       --> [1 0 0 0 1 0 0 0 0 1 0 1 0 0 1 0 0 1 0 1 0 1 0 0 0 0 0 0 0 1 0 0]   | Precisión: 0.91 | Hamming: 3
     Eve       --> [0 1 1 0 0 1 1 0 0 0 0 0 1 1 0 1 1 0 0 0 0 0 1 1 1 0 0 1 1 0 0 1]   | Precisión: 0.38 | Hamming: 20
------------------------------------------------------------
[4] Original  --> [0 0 0 0 0 0 1 1 0 0 0 0 0 1 0 0 1 1 0 1 0 0 1 1 0 0 0 0 0 0 1 1]
     Bob       --> [0 0 0 0 0 0 1 1 0 0 0 0 0 1 0 0 0 1 0 1 0 0 1 1 0 0 0 0 0 0 1 1]   | Precisión: 0.97 | Hamming: 1
     Eve       --> [0 0 1 0 0 1 0 0 0 0 0 0 1 0 0 1 1 1 1 0 0 0 0 1 1 0 0 1 1 0 0 1]   | Precisión: 0.56 | Hamming: 14
------------------------------------------------------------
[5] Original  --> [1 0 1 0 1 1 1 0 0 0 1 1 0 1 0 0 0 1 0 1 0 0 0 1 1 0 0 1 1 0 1 0]
     Bob       --> [1 1 1 0 1 1 1 0 0 1 1 1 0 1 0 0 0 1 0 1 0 0 0 1 1 0 0 1 1 0 1 0]   | Precisión: 0.94 | Hamming: 2
     Eve       --> [0 1 1 0 1 1 1 1 0 0 0 0 1 0 0 1 1 1 1 0 1 0 1 1 1 1 0 0 1 0 0 1]   | Precisión: 0.47 | Hamming: 17
------------------------------------------------------------
[6] Original  --> [0 1 1 0 1 0 0 1 0 0 1 0 1 1 1 1 0 0 0 0 0 0 1 1 1 1 1 1 1 0 1 0]
     Bob       --> [0 1 1 0 1 0 0 1 0 0 1 0 1 1 1 1 0 0 0 0 0 0 1 1 1 1 1 1 1 0 1 0]   | Precisión: 1.00 | Hamming: 0
     Eve       --> [0 1 1 0 1 1 1 0 1 0 0 1 1 0 0 1 1 1 1 0 1 1 1 1 0 0 0 1 1 1 0 0]   | Precisión: 0.44 | Hamming: 18
------------------------------------------------------------
[7] Original  --> [0 0 0 0 1 1 0 1 0 1 0 0 0 1 0 0 0 1 0 0 1 1 0 0 1 1 0 0 0 1 1 0]
     Bob       --> [0 0 0 0 1 1 0 1 0 1 0 1 0 1 0 0 0 1 0 0 1 1 0 0 1 1 0 0 0 1 1 0]   | Precisión: 0.97 | Hamming: 1
     Eve       --> [0 1 1 0 0 1 1 0 0 0 0 0 1 0 0 1 1 1 1 0 0 0 0 1 1 0 0 1 1 0 0 1]   | Precisión: 0.38 | Hamming: 20
------------------------------------------------------------
[8] Original  --> [0 1 0 0 1 1 0 1 0 1 1 0 0 1 1 1 1 0 1 0 1 1 0 1 0 0 0 1 0 1 1 0]
     Bob       --> [0 0 0 0 1 1 0 1 0 0 1 0 0 1 1 1 1 0 1 0 1 1 0 1 0 0 0 1 0 1 1 0]   | Precisión: 0.94 | Hamming: 2
     Eve       --> [0 1 1 1 0 1 1 1 1 1 0 0 1 1 0 1 0 1 1 0 0 0 0 1 1 0 0 1 1 0 0 1]   | Precisión: 0.47 | Hamming: 17
------------------------------------------------------------
[9] Original  --> [1 1 0 1 0 0 1 1 0 1 0 0 0 0 1 0 1 0 0 0 0 1 0 0 1 1 0 0 1 1 0 0]
     Bob       --> [1 0 0 1 0 0 1 1 0 1 0 0 0 0 1 0 0 0 0 0 0 1 0 0 1 1 0 0 0 1 0 0]   | Precisión: 0.91 | Hamming: 3
     Eve       --> [0 0 1 0 1 1 1 0 1 0 0 0 1 1 0 1 1 0 0 0 0 0 1 1 0 0 0 1 1 1 0 1]   | Precisión: 0.38 | Hamming: 20
------------------------------------------------------------
[10] Original  --> [1 1 0 1 0 0 1 1 0 0 1 1 1 0 0 0 0 1 0 1 1 1 1 0 1 1 1 1 1 0 1 1]
     Bob       --> [0 1 0 1 0 1 1 0 0 0 1 1 1 0 0 0 0 1 0 1 1 1 1 0 1 1 1 1 0 0 1 1]   | Precisión: 0.88 | Hamming: 4
     Eve       --> [0 1 1 0 1 1 1 1 0 0 0 1 1 0 0 1 1 1 1 0 1 0 1 1 1 0 0 1 1 0 0 1]   | Precisión: 0.53 | Hamming: 15
------------------------------------------------------------

RESULTADOS FINALES

Bob -> Precisión media: 0.9257 | Hamming media: 2.38
Eve -> Precisión media: 0.4598 | Hamming media: 17.29
Bob -> Perfectas: 1186 | Eve -> Perfectas: 0

EVALUACIÓN CON CLAVES ERRÓNEAS PARA BOB

[1] Bob (clave errada) --> [0 0 0 0 0 0 0 0 0 0 0 0 0 0 0 0 0 0 0 0 0 0 0 0 0 0 0 0 0 0 0 0] | Precisión: 0.62 | Hamming: 12
------------------------------------------------------------
[2] Bob (clave errada) --> [0 0 0 0 0 0 0 0 0 0 0 0 0 0 0 0 0 0 0 0 0 0 0 0 0 0 0 0 0 0 0 0] | Precisión: 0.56 | Hamming: 14
------------------------------------------------------------
[3] Bob (clave errada) --> [0 0 0 0 0 0 0 0 0 0 0 0 0 0 0 0 0 0 0 0 0 0 0 0 0 0 0 0 0 0 0 0] | Precisión: 0.62 | Hamming: 12
------------------------------------------------------------
[4] Bob (clave errada) --> [0 0 0 0 0 0 0 0 0 0 0 0 0 0 0 0 0 0 0 0 0 0 0 0 0 0 0 0 0 0 0 0] | Precisión: 0.69 | Hamming: 10
------------------------------------------------------------
[5] Bob (clave errada) --> [0 0 0 0 0 0 0 0 0 0 0 0 0 0 0 0 0 0 0 0 0 0 0 0 0 0 0 0 0 0 0 0] | Precisión: 0.53 | Hamming: 15
------------------------------------------------------------
[6] Bob (clave errada) --> [0 0 0 0 0 0 0 0 0 0 0 0 0 0 0 0 0 0 0 0 0 0 0 0 0 0 0 0 0 0 0 0] | Precisión: 0.47 | Hamming: 17
------------------------------------------------------------
[7] Bob (clave errada) --> [0 0 0 0 0 0 0 0 0 0 0 0 0 0 0 0 0 0 0 0 0 0 0 0 0 0 0 0 0 0 0 0] | Precisión: 0.62 | Hamming: 12
------------------------------------------------------------
[8] Bob (clave errada) --> [0 0 0 0 0 0 0 0 0 0 0 0 0 0 0 0 0 0 0 0 0 0 0 0 0 0 0 0 0 0 0 0] | Precisión: 0.47 | Hamming: 17
------------------------------------------------------------
[9] Bob (clave errada) --> [0 0 0 0 0 0 0 0 0 0 0 0 0 0 0 0 0 0 0 0 0 0 0 0 0 0 0 0 0 0 0 0] | Precisión: 0.59 | Hamming: 13
------------------------------------------------------------
[10] Bob (clave errada) --> [0 0 0 0 0 0 0 0 0 0 0 0 0 0 0 0 0 0 0 0 0 0 0 0 0 0 0 0 0 0 0 0] | Precisión: 0.38 | Hamming: 20
------------------------------------------------------------

RESULTADOS CON CLAVES ERRÓNEAS

Bob -> Precisión media (clave errada): 0.5322 | Hamming media: 14.97

EVALUACIÓN CON 2000:

[1] Original  --> [0 1 0 1 1 1 1 0 0 1 1 0 1 0 0 1 1 0 0 1 0 1 1 1 1 0 0 0 0 1 0 0]
     Bob       --> [0 1 0 0 1 1 1 1 0 0 1 0 1 0 0 1 1 0 0 1 0 1 1 1 1 0 1 0 0 1 0 0]   | Precisión: 0.88 | Hamming: 4
     Eve       --> [0 0 0 1 1 0 0 1 0 0 0 1 0 0 0 0 0 1 1 0 1 1 1 0 0 1 1 0 0 1 0 0]   | Precisión: 0.44 | Hamming: 18
------------------------------------------------------------
[2] Original  --> [1 1 1 1 0 1 1 0 1 0 0 1 0 1 0 1 0 1 0 1 1 1 0 1 0 1 0 0 0 0 0 1]
     Bob       --> [1 0 1 1 0 1 1 0 1 0 0 1 1 1 0 1 0 1 0 1 1 1 0 1 0 1 1 0 0 0 0 1]   | Precisión: 0.91 | Hamming: 3
     Eve       --> [1 1 1 1 1 0 0 1 0 1 1 0 0 0 0 1 1 0 1 0 1 1 1 0 1 1 1 1 0 1 1 0]   | Precisión: 0.34 | Hamming: 21
------------------------------------------------------------
[3] Original  --> [1 1 0 0 0 1 1 1 1 0 1 1 1 0 0 0 0 0 1 1 1 0 1 1 0 1 0 1 1 0 1 0]
     Bob       --> [1 0 0 0 0 1 1 1 1 1 1 1 1 0 0 0 0 0 1 1 1 0 1 1 0 1 0 1 1 0 1 1]   | Precisión: 0.91 | Hamming: 3
     Eve       --> [1 0 0 1 1 0 0 0 0 0 0 1 1 0 0 1 0 1 1 0 0 1 0 1 0 1 1 1 0 1 0 0]   | Precisión: 0.44 | Hamming: 18
------------------------------------------------------------
[4] Original  --> [1 0 0 0 0 0 1 1 1 0 0 1 1 0 1 1 1 1 0 1 0 0 0 1 1 1 1 1 1 1 0 1]
     Bob       --> [1 1 0 1 0 0 1 1 1 0 0 1 0 0 1 1 1 1 0 1 0 0 0 1 1 1 1 1 1 1 0 1]   | Precisión: 0.91 | Hamming: 3
     Eve       --> [1 1 1 0 1 0 0 0 0 0 1 1 0 1 0 0 0 0 1 0 1 1 1 0 0 1 1 1 0 1 1 0]   | Precisión: 0.28 | Hamming: 23
------------------------------------------------------------
[5] Original  --> [1 0 1 1 1 1 0 0 1 1 1 0 0 0 1 0 0 0 0 0 1 0 0 1 0 0 1 1 0 1 1 1]
     Bob       --> [1 1 1 1 1 1 0 0 1 1 1 0 0 0 1 0 0 0 0 0 1 0 0 1 0 0 1 1 0 1 1 1]   | Precisión: 0.97 | Hamming: 1
     Eve       --> [0 1 1 1 1 0 0 1 0 1 0 0 0 0 0 1 0 0 1 0 1 1 1 0 1 0 1 1 0 1 0 0]   | Precisión: 0.53 | Hamming: 15
------------------------------------------------------------
[6] Original  --> [1 0 1 1 1 0 1 1 0 0 1 0 1 0 0 0 0 1 0 1 1 0 0 1 0 1 0 1 1 1 1 1]
     Bob       --> [1 1 1 1 1 1 1 1 0 0 0 0 0 0 0 0 0 1 0 1 1 0 0 1 0 1 0 1 0 1 1 1]   | Precisión: 0.84 | Hamming: 5
     Eve       --> [0 1 1 0 0 0 0 0 0 1 0 0 0 0 0 0 0 0 1 1 0 1 1 1 1 1 0 1 0 1 1 0]   | Precisión: 0.47 | Hamming: 17
------------------------------------------------------------
[7] Original  --> [1 0 1 0 1 0 0 0 0 0 0 1 0 0 0 0 1 1 1 0 0 1 0 1 1 1 1 0 1 1 1 1]
     Bob       --> [1 1 1 0 1 0 0 0 0 0 0 1 0 0 0 0 1 1 1 0 0 1 0 1 1 1 1 0 1 1 1 1]   | Precisión: 0.97 | Hamming: 1
     Eve       --> [0 1 1 0 0 1 0 0 0 0 1 1 1 0 0 1 0 1 1 1 0 1 1 1 0 0 0 1 0 1 1 0]   | Precisión: 0.50 | Hamming: 16
------------------------------------------------------------
[8] Original  --> [1 0 1 1 1 1 1 0 1 1 1 0 1 0 1 1 1 0 1 1 1 0 0 0 0 0 1 1 1 0 1 1]
     Bob       --> [1 1 1 1 1 1 1 0 1 1 1 0 1 0 1 1 1 0 1 1 1 0 0 0 0 0 1 1 1 0 1 1]   | Precisión: 0.97 | Hamming: 1
     Eve       --> [0 1 1 1 0 0 0 1 0 0 0 0 0 1 0 0 0 0 0 0 0 1 0 1 1 0 1 1 0 1 0 0]   | Precisión: 0.25 | Hamming: 24
------------------------------------------------------------
[9] Original  --> [0 1 0 1 0 1 1 1 1 0 1 0 1 1 0 0 1 0 1 0 1 1 1 0 1 0 0 1 1 1 1 1]
     Bob       --> [0 0 0 1 0 1 1 1 1 0 1 0 1 1 0 0 1 0 1 0 1 1 1 0 1 0 0 1 1 1 1 1]   | Precisión: 0.97 | Hamming: 1
     Eve       --> [0 1 0 0 1 0 1 1 0 1 0 0 0 1 0 0 0 1 0 0 1 1 1 1 0 1 1 1 0 0 0 0]   | Precisión: 0.44 | Hamming: 18
------------------------------------------------------------
[10] Original  --> [0 0 0 0 1 0 0 1 0 1 1 1 0 1 0 1 1 1 1 1 1 1 1 0 1 0 0 1 0 0 1 1]
     Bob       --> [0 0 0 0 1 0 0 1 0 1 1 1 1 1 0 1 1 1 1 1 1 1 1 0 1 0 0 1 0 0 1 1]   | Precisión: 0.97 | Hamming: 1
     Eve       --> [0 1 0 0 0 1 1 1 0 0 0 0 1 0 1 0 0 1 0 1 1 1 1 1 1 1 1 1 0 1 0 0]   | Precisión: 0.41 | Hamming: 19
------------------------------------------------------------

RESULTADOS FINALES

Bob -> Precisión media: 0.9362 | Hamming media: 2.04
Eve -> Precisión media: 0.4335 | Hamming media: 18.13
Bob -> Perfectas: 1667 | Eve -> Perfectas: 0

EVALUACIÓN CON CLAVES ERRÓNEAS PARA BOB

[1] Bob (clave errada) --> [0 0 0 0 0 0 0 0 0 0 0 0 0 0 0 0 0 0 0 0 0 0 0 0 0 0 0 0 0 0 0 0] | Precisión: 0.50 | Hamming: 16
------------------------------------------------------------
[2] Bob (clave errada) --> [0 0 0 0 0 0 0 0 0 0 0 0 0 0 0 0 0 0 0 0 0 0 0 0 0 0 0 0 0 0 0 0] | Precisión: 0.47 | Hamming: 17
------------------------------------------------------------
[3] Bob (clave errada) --> [0 0 0 0 0 0 0 0 0 0 0 0 0 0 0 0 0 0 0 0 0 0 0 0 0 0 0 0 0 0 0 0] | Precisión: 0.44 | Hamming: 18
------------------------------------------------------------
[4] Bob (clave errada) --> [0 0 0 0 0 0 0 0 0 0 0 0 0 0 0 1 0 0 0 0 0 0 0 0 1 0 0 0 0 0 0 1] | Precisión: 0.50 | Hamming: 16
------------------------------------------------------------
[5] Bob (clave errada) --> [0 0 0 0 0 0 0 0 0 0 0 0 0 0 0 0 0 0 0 0 0 0 0 0 0 0 0 0 0 0 0 0] | Precisión: 0.50 | Hamming: 16
------------------------------------------------------------
[6] Bob (clave errada) --> [0 0 0 0 0 0 0 0 0 0 0 0 0 0 0 0 0 0 0 0 0 0 0 0 0 0 0 0 0 0 0 0] | Precisión: 0.44 | Hamming: 18
------------------------------------------------------------
[7] Bob (clave errada) --> [0 0 0 0 0 0 0 0 0 0 0 0 0 0 0 0 0 0 0 0 0 0 0 0 0 0 0 0 0 0 0 0] | Precisión: 0.50 | Hamming: 16
------------------------------------------------------------
[8] Bob (clave errada) --> [0 0 0 0 0 0 0 0 0 0 0 0 0 0 0 0 0 0 0 0 0 0 0 0 0 0 0 0 0 0 0 0] | Precisión: 0.34 | Hamming: 21
------------------------------------------------------------
[9] Bob (clave errada) --> [0 0 0 0 0 0 0 0 0 0 0 0 0 0 0 0 0 0 0 0 0 0 0 0 0 0 0 0 0 0 0 0] | Precisión: 0.38 | Hamming: 20
------------------------------------------------------------
[10] Bob (clave errada) --> [0 0 0 0 0 0 0 0 0 0 0 0 0 0 0 0 0 0 0 0 0 0 0 0 0 0 0 0 0 0 0 0] | Precisión: 0.44 | Hamming: 18
------------------------------------------------------------

RESULTADOS CON CLAVES ERRÓNEAS

Bob -> Precisión media (clave errada): 0.5122 | Hamming media: 15.61

EVALUACIÓN CON 2500:

[1] Original  --> [1 0 1 0 1 1 1 0 1 1 0 0 0 0 1 0 0 1 0 1 0 1 0 1 0 0 1 0 0 0 1 1]
     Bob       --> [1 0 1 0 1 1 1 1 1 1 0 0 0 0 1 0 0 1 0 1 0 1 0 1 0 0 1 0 0 0 1 1]   | Precisión: 0.97 | Hamming: 1
     Eve       --> [0 0 1 0 0 0 0 0 1 0 1 0 1 1 1 1 1 1 1 0 0 0 1 1 1 1 1 1 1 0 1 1]   | Precisión: 0.44 | Hamming: 18
------------------------------------------------------------
[2] Original  --> [0 1 0 1 1 0 1 1 1 0 0 1 0 1 0 1 0 1 1 1 1 1 0 0 1 1 1 1 0 0 1 1]
     Bob       --> [0 1 0 1 1 0 1 1 1 0 0 1 0 1 0 1 0 1 1 1 1 1 0 0 1 1 1 1 0 0 1 1]   | Precisión: 1.00 | Hamming: 0
     Eve       --> [0 0 1 0 0 1 1 0 0 1 1 0 0 0 1 1 1 0 0 1 0 1 0 0 1 0 1 0 0 0 0 1]   | Precisión: 0.41 | Hamming: 19
------------------------------------------------------------
[3] Original  --> [0 0 1 1 0 1 0 1 1 1 0 0 0 1 0 0 0 1 0 1 0 0 0 0 0 0 1 1 0 0 0 0]
     Bob       --> [0 0 1 1 0 1 0 1 0 0 0 0 0 1 0 0 0 1 0 1 0 0 0 0 0 0 1 1 0 0 0 0]   | Precisión: 0.94 | Hamming: 2
     Eve       --> [0 0 1 0 1 0 0 0 0 0 1 0 1 0 1 1 1 1 0 0 0 0 1 1 1 1 1 1 0 0 1 0]   | Precisión: 0.44 | Hamming: 18
------------------------------------------------------------
[4] Original  --> [1 0 1 1 0 0 0 1 0 1 1 1 1 0 0 0 0 1 0 0 1 1 0 1 0 1 0 1 1 1 1 0]
     Bob       --> [1 0 0 1 0 0 1 0 0 1 1 1 1 0 0 0 1 1 0 0 1 1 0 1 0 1 0 1 1 1 1 0]   | Precisión: 0.88 | Hamming: 4
     Eve       --> [0 0 1 0 0 0 1 0 0 1 1 0 0 1 1 0 0 1 1 1 0 0 1 1 1 0 1 1 0 0 0 1]   | Precisión: 0.38 | Hamming: 20
------------------------------------------------------------
[5] Original  --> [0 1 0 0 1 0 0 0 1 1 0 0 1 0 0 1 1 1 0 1 0 1 0 1 0 1 1 0 1 0 0 0]
     Bob       --> [0 1 0 0 1 0 0 0 0 1 0 1 1 0 0 1 1 1 0 1 0 1 0 1 0 1 1 0 1 0 1 0]   | Precisión: 0.91 | Hamming: 3
     Eve       --> [0 0 0 0 0 0 0 0 0 1 1 0 1 1 1 0 1 1 1 0 0 0 0 1 1 1 1 1 0 0 1 0]   | Precisión: 0.56 | Hamming: 14
------------------------------------------------------------
[6] Original  --> [0 1 0 1 0 0 1 0 0 0 0 1 1 1 1 0 1 0 1 1 1 1 1 0 0 1 1 0 1 0 1 1]
     Bob       --> [0 1 0 1 0 0 1 0 0 0 0 1 1 1 1 0 0 0 1 1 1 1 1 0 0 1 1 0 1 0 1 1]   | Precisión: 0.97 | Hamming: 1
     Eve       --> [1 0 1 0 1 1 1 0 0 0 1 0 1 0 1 1 1 1 0 1 0 0 0 0 1 0 1 1 0 0 1 0]   | Precisión: 0.38 | Hamming: 20
------------------------------------------------------------
[7] Original  --> [1 0 1 1 1 0 1 1 0 1 0 0 0 0 1 1 1 1 0 1 1 0 1 0 0 0 0 1 0 1 1 1]
     Bob       --> [1 0 1 1 1 0 1 1 1 1 0 0 0 0 1 1 1 1 0 1 1 0 1 0 0 0 0 1 0 1 1 1]   | Precisión: 0.97 | Hamming: 1
     Eve       --> [0 0 1 0 0 0 0 0 1 1 1 0 0 1 1 0 1 1 0 1 0 0 1 1 1 0 1 0 0 0 0 0]   | Precisión: 0.47 | Hamming: 17
------------------------------------------------------------
[8] Original  --> [1 0 1 0 1 0 0 0 0 1 1 0 1 1 0 1 1 0 1 1 0 1 1 1 1 1 1 0 1 0 0 1]
     Bob       --> [1 0 0 0 1 0 0 0 0 0 1 0 1 1 0 1 1 0 1 1 0 0 1 1 1 1 1 0 1 0 0 1]   | Precisión: 0.91 | Hamming: 3
     Eve       --> [1 0 1 0 0 0 0 0 1 1 1 0 1 1 1 0 1 1 0 0 0 0 0 1 1 1 1 1 0 0 1 0]   | Precisión: 0.59 | Hamming: 13
------------------------------------------------------------
[9] Original  --> [0 1 0 0 1 1 0 1 0 0 0 1 0 0 1 1 1 1 0 0 0 1 1 0 0 0 1 0 0 1 0 1]
     Bob       --> [0 1 1 0 1 1 0 1 1 0 0 1 0 0 1 1 1 1 0 0 0 1 1 0 0 0 1 0 0 1 0 1]   | Precisión: 0.94 | Hamming: 2
     Eve       --> [0 0 0 0 0 0 0 0 1 0 1 0 1 1 0 1 1 1 1 0 0 0 0 0 1 1 1 1 0 0 1 0]   | Precisión: 0.41 | Hamming: 19
------------------------------------------------------------
[10] Original  --> [1 0 0 0 0 0 1 0 1 0 1 1 0 1 0 0 0 0 1 0 1 1 1 0 1 0 1 0 0 1 0 1]
     Bob       --> [1 0 0 0 0 0 1 0 1 0 1 1 0 1 0 0 0 0 1 0 1 1 1 0 1 0 1 0 0 1 0 1]   | Precisión: 1.00 | Hamming: 0
     Eve       --> [0 0 1 0 0 0 0 0 0 0 1 0 1 0 1 1 1 1 1 1 0 0 0 1 1 1 1 1 0 0 1 0]   | Precisión: 0.34 | Hamming: 21
------------------------------------------------------------

RESULTADOS FINALES

Bob -> Precisión media: 0.9369 | Hamming media: 2.02
Eve -> Precisión media: 0.4430 | Hamming media: 17.82
Bob -> Perfectas: 1449 | Eve -> Perfectas: 0

EVALUACIÓN CON CLAVES ERRÓNEAS PARA BOB

[1] Bob (clave errada) --> [0 0 0 0 0 0 0 0 0 0 0 0 0 0 0 0 0 0 0 0 0 0 0 0 0 0 0 0 0 0 0 0] | Precisión: 0.53 | Hamming: 15
------------------------------------------------------------
[2] Bob (clave errada) --> [0 0 0 0 0 0 0 0 0 0 0 0 0 0 0 0 0 0 0 0 0 0 0 0 0 0 0 0 0 0 0 0] | Precisión: 0.38 | Hamming: 20
------------------------------------------------------------
[3] Bob (clave errada) --> [0 0 0 0 0 0 0 0 0 0 0 0 0 0 0 0 0 0 0 0 0 0 0 0 0 0 0 0 0 0 0 0] | Precisión: 0.66 | Hamming: 11
------------------------------------------------------------
[4] Bob (clave errada) --> [0 0 0 0 0 0 0 0 0 0 0 0 0 0 0 0 0 0 0 0 0 0 0 0 0 0 0 0 0 0 0 0] | Precisión: 0.47 | Hamming: 17
------------------------------------------------------------
[5] Bob (clave errada) --> [0 0 0 0 0 0 0 0 0 0 0 0 0 0 0 0 0 0 0 0 0 0 0 0 0 0 0 0 0 0 0 0] | Precisión: 0.56 | Hamming: 14
------------------------------------------------------------
[6] Bob (clave errada) --> [0 0 0 0 0 0 0 0 0 0 0 0 0 0 0 0 0 0 0 0 0 0 0 0 0 0 0 0 0 0 0 0] | Precisión: 0.44 | Hamming: 18
------------------------------------------------------------
[7] Bob (clave errada) --> [0 0 0 0 0 0 0 0 0 0 0 0 0 0 0 0 0 0 0 0 0 0 0 0 0 0 0 0 0 0 0 0] | Precisión: 0.44 | Hamming: 18
------------------------------------------------------------
[8] Bob (clave errada) --> [0 0 0 0 0 0 0 0 0 0 0 0 0 0 0 0 0 0 0 0 0 0 0 0 0 0 0 0 0 0 0 0] | Precisión: 0.41 | Hamming: 19
------------------------------------------------------------
[9] Bob (clave errada) --> [0 0 0 0 0 0 0 0 0 0 0 0 0 0 0 0 0 0 0 0 0 0 0 0 0 0 0 0 0 0 0 0] | Precisión: 0.56 | Hamming: 14
------------------------------------------------------------
[10] Bob (clave errada) --> [0 0 0 0 0 0 0 0 0 0 0 0 0 0 0 0 0 0 0 0 0 0 0 0 0 0 0 0 0 0 0 0] | Precisión: 0.56 | Hamming: 14
------------------------------------------------------------

RESULTADOS CON CLAVES ERRÓNEAS

Bob -> Precisión media (clave errada): 0.5410 | Hamming media: 14.69

EVALUACIÓN CON 3000:

[1] Original  --> [0 0 1 0 1 0 0 1 1 1 0 1 0 1 0 1 1 0 1 0 1 0 1 0 0 1 1 0 1 1 0 1]
     Bob       --> [0 0 1 0 0 0 0 1 1 1 0 0 0 1 0 1 1 0 1 0 0 0 0 0 0 1 1 0 1 1 0 1]   | Precisión: 0.88 | Hamming: 4
     Eve       --> [1 1 0 0 1 1 0 1 1 0 1 1 1 0 0 1 0 0 0 1 1 1 1 1 0 1 1 1 0 1 0 1]   | Precisión: 0.53 | Hamming: 15
------------------------------------------------------------
[2] Original  --> [0 1 1 1 1 0 0 0 0 1 0 0 1 0 1 1 0 0 1 1 1 0 0 0 1 1 0 1 0 0 1 1]
     Bob       --> [0 1 1 0 0 0 0 0 0 1 0 0 1 0 0 1 0 0 1 0 0 0 0 0 0 1 0 0 0 0 1 1]   | Precisión: 0.78 | Hamming: 7
     Eve       --> [1 0 0 0 1 1 0 1 1 1 0 0 0 0 1 1 1 0 1 1 1 1 1 1 0 0 1 1 1 1 1 1]   | Precisión: 0.47 | Hamming: 17
------------------------------------------------------------
[3] Original  --> [0 1 0 1 1 1 0 1 0 0 1 0 1 1 1 0 1 0 0 0 0 0 1 0 0 0 1 0 0 0 1 1]
     Bob       --> [0 1 0 0 0 0 0 0 0 0 0 0 0 1 0 0 1 0 0 0 0 0 0 0 0 0 1 0 0 0 0 1]   | Precisión: 0.72 | Hamming: 9
     Eve       --> [1 1 1 0 1 1 0 0 1 1 0 0 1 0 1 1 1 0 1 1 0 1 1 1 0 1 0 0 1 1 0 1]   | Precisión: 0.44 | Hamming: 18
------------------------------------------------------------
[4] Original  --> [0 0 1 0 0 1 0 1 0 1 0 0 1 1 0 0 1 0 0 1 0 1 1 0 0 1 1 1 0 0 0 1]
     Bob       --> [0 0 1 0 0 0 0 1 0 1 0 0 1 1 0 0 1 0 0 1 0 0 0 0 0 1 1 1 0 0 0 1]   | Precisión: 0.91 | Hamming: 3
     Eve       --> [1 1 1 0 1 1 1 0 1 0 1 0 1 0 1 1 0 0 1 0 0 0 1 1 1 0 0 0 0 1 1 1]   | Precisión: 0.31 | Hamming: 22
------------------------------------------------------------
[5] Original  --> [0 0 0 0 0 0 0 0 1 0 1 0 0 0 0 0 0 1 1 1 1 1 0 0 1 1 1 1 0 1 0 0]
     Bob       --> [0 0 0 0 0 0 0 0 1 0 1 0 0 0 0 0 0 0 1 0 0 0 0 0 0 1 0 0 0 0 0 0]   | Precisión: 0.75 | Hamming: 8
     Eve       --> [1 1 1 0 1 1 0 1 1 0 0 0 1 0 1 1 0 1 1 0 1 0 1 1 1 0 1 0 1 1 0 1]   | Precisión: 0.44 | Hamming: 18
------------------------------------------------------------
[6] Original  --> [0 0 1 0 0 1 1 0 0 0 1 0 1 0 0 0 1 0 1 1 0 1 0 1 0 1 1 0 0 0 0 1]
     Bob       --> [0 0 1 0 0 0 0 0 0 0 1 0 0 0 0 0 1 0 0 1 0 0 0 0 0 1 0 0 0 0 0 1]   | Precisión: 0.78 | Hamming: 7
     Eve       --> [1 1 1 0 1 1 0 1 1 1 1 0 1 0 1 1 0 0 1 0 1 1 0 1 1 1 0 1 1 1 1 1]   | Precisión: 0.44 | Hamming: 18
------------------------------------------------------------
[7] Original  --> [0 1 1 0 1 1 1 1 1 1 1 0 1 0 1 1 0 1 1 0 0 0 1 0 0 1 0 0 1 0 1 1]
     Bob       --> [0 0 1 0 1 0 0 0 1 1 0 0 0 0 0 1 0 0 1 0 0 0 0 0 0 0 0 0 0 0 1 0]   | Precisión: 0.62 | Hamming: 12
     Eve       --> [1 1 1 0 0 1 0 1 1 0 1 0 1 1 1 1 0 0 1 1 1 1 0 1 1 1 1 0 0 1 1 1]   | Precisión: 0.53 | Hamming: 15
------------------------------------------------------------
[8] Original  --> [1 1 0 0 0 0 0 0 1 1 1 0 0 0 1 0 0 1 0 0 1 0 0 0 1 1 1 1 0 1 1 1]
     Bob       --> [0 0 0 0 0 0 0 0 0 1 0 0 0 0 0 0 0 1 0 0 1 0 0 0 0 1 0 0 0 0 0 1]   | Precisión: 0.69 | Hamming: 10
     Eve       --> [1 0 0 0 1 1 0 1 0 0 0 0 1 1 1 1 1 0 1 0 1 1 1 1 1 1 1 0 1 1 1 1]   | Precisión: 0.44 | Hamming: 18
------------------------------------------------------------
[9] Original  --> [0 0 0 0 1 0 1 0 0 0 0 1 0 1 1 1 1 0 1 1 1 1 1 0 1 1 1 1 1 0 0 0]
     Bob       --> [0 0 0 0 0 0 0 0 0 0 0 0 0 1 0 0 1 0 1 0 0 1 0 0 0 0 1 0 1 0 0 0]   | Precisión: 0.66 | Hamming: 11
     Eve       --> [1 0 1 0 1 1 0 1 1 1 1 0 1 0 1 1 0 0 1 0 0 0 1 1 1 1 1 0 0 1 1 1]   | Precisión: 0.34 | Hamming: 21
------------------------------------------------------------
[10] Original  --> [0 0 0 1 0 0 1 1 0 0 0 0 0 0 0 0 0 0 0 0 0 1 0 0 0 0 1 0 0 0 1 0]
     Bob       --> [0 0 0 0 0 0 1 0 0 0 0 0 0 0 0 0 0 0 0 0 0 1 0 0 0 0 1 0 0 0 0 0]   | Precisión: 0.91 | Hamming: 3
     Eve       --> [1 1 1 0 1 1 0 0 1 1 0 0 1 0 1 1 0 0 1 1 0 0 1 1 0 1 0 0 0 1 0 1]   | Precisión: 0.28 | Hamming: 23
------------------------------------------------------------

RESULTADOS FINALES

Bob -> Precisión media: 0.7593 | Hamming media: 7.70
Eve -> Precisión media: 0.4368 | Hamming media: 18.02
Bob -> Perfectas: 17 | Eve -> Perfectas: 0

EVALUACIÓN CON CLAVES ERRÓNEAS PARA BOB

[1] Bob (clave errada) --> [0 0 1 0 1 0 0 1 1 1 0 1 1 1 0 1 1 0 1 0 1 0 1 0 0 1 0 0 1 1 1 1] | Precisión: 0.91 | Hamming: 3
------------------------------------------------------------
[2] Bob (clave errada) --> [0 0 0 0 0 0 0 0 0 0 0 0 0 0 0 0 0 0 0 0 0 0 0 0 0 0 0 0 0 0 0 0] | Precisión: 0.50 | Hamming: 16
------------------------------------------------------------
[3] Bob (clave errada) --> [0 0 0 0 0 0 0 0 0 0 0 0 0 0 0 0 0 0 0 0 0 0 0 0 0 0 0 0 0 0 0 0] | Precisión: 0.56 | Hamming: 14
------------------------------------------------------------
[4] Bob (clave errada) --> [0 0 0 0 0 0 0 0 0 0 0 0 0 0 0 0 0 0 0 0 0 0 0 0 0 0 0 0 0 0 0 0] | Precisión: 0.56 | Hamming: 14
------------------------------------------------------------
[5] Bob (clave errada) --> [0 0 0 0 0 0 0 0 1 0 1 0 0 0 0 0 0 1 1 0 1 1 0 0 1 1 1 1 0 1 0 0] | Precisión: 0.97 | Hamming: 1
------------------------------------------------------------
[6] Bob (clave errada) --> [0 0 0 0 0 0 0 0 0 0 0 0 0 0 0 0 0 0 0 0 0 0 0 0 0 0 0 0 0 0 0 0] | Precisión: 0.59 | Hamming: 13
------------------------------------------------------------
[7] Bob (clave errada) --> [0 0 0 0 0 0 0 0 0 0 0 0 0 0 0 0 0 0 0 0 0 0 0 0 0 0 0 0 0 0 0 0] | Precisión: 0.41 | Hamming: 19
------------------------------------------------------------
[8] Bob (clave errada) --> [0 0 0 0 0 0 0 0 0 0 0 0 0 0 0 0 0 0 0 0 0 0 0 0 0 0 0 0 0 0 0 0] | Precisión: 0.53 | Hamming: 15
------------------------------------------------------------
[9] Bob (clave errada) --> [0 0 0 0 0 0 0 0 0 0 0 0 0 0 0 0 0 0 0 0 0 0 0 0 0 0 0 0 0 0 0 0] | Precisión: 0.47 | Hamming: 17
------------------------------------------------------------
[10] Bob (clave errada) --> [0 0 0 0 0 0 0 0 0 0 0 0 0 0 0 0 0 0 0 0 0 0 0 0 0 0 0 0 0 0 0 0] | Precisión: 0.81 | Hamming: 6
------------------------------------------------------------

RESULTADOS CON CLAVES ERRÓNEAS

Bob -> Precisión media (clave errada): 0.5413 | Hamming media: 14.68

EVALUACIÓN CON 3500:

[1] Original  --> [1 1 0 1 0 1 1 0 0 0 1 0 0 1 1 0 0 1 1 0 0 1 0 0 1 0 0 1 0 0 1 0]
     Bob       --> [1 1 0 1 0 1 1 0 0 0 1 0 1 1 1 0 0 1 1 0 0 1 0 0 1 0 0 1 0 0 1 1]   | Precisión: 0.94 | Hamming: 2
     Eve       --> [1 0 0 0 1 0 0 1 0 0 1 0 0 1 1 1 1 0 1 0 0 1 0 1 0 0 1 1 0 0 1 0]   | Precisión: 0.62 | Hamming: 12
------------------------------------------------------------
[2] Original  --> [1 0 0 0 0 1 1 1 0 1 1 0 1 1 0 0 0 1 1 0 0 0 1 1 1 1 1 1 1 0 1 0]
     Bob       --> [1 0 0 0 0 1 1 1 0 1 1 0 1 1 0 0 0 1 1 0 0 1 1 1 1 1 1 1 1 0 1 0]   | Precisión: 0.97 | Hamming: 1
     Eve       --> [1 0 0 0 1 0 1 1 1 0 1 0 0 1 1 1 0 0 1 0 0 1 0 1 0 1 1 1 0 0 1 0]   | Precisión: 0.62 | Hamming: 12
------------------------------------------------------------
[3] Original  --> [0 0 0 0 1 1 0 1 1 0 0 1 1 0 1 1 1 1 0 0 0 1 0 1 0 0 1 1 0 0 0 0]
     Bob       --> [0 0 0 0 1 1 0 1 1 0 0 1 1 0 1 1 1 1 0 0 0 1 0 1 0 0 1 1 0 0 0 0]   | Precisión: 1.00 | Hamming: 0
     Eve       --> [1 0 0 0 0 0 0 0 0 0 0 0 1 1 1 1 1 0 1 1 1 1 1 1 0 1 0 0 0 0 1 0]   | Precisión: 0.50 | Hamming: 16
------------------------------------------------------------
[4] Original  --> [1 0 0 0 1 1 1 1 0 0 0 0 1 1 0 0 1 0 0 0 0 0 0 0 0 1 1 1 1 1 1 1]
     Bob       --> [1 0 0 0 1 1 1 1 0 0 1 0 1 1 1 0 1 0 0 0 0 0 0 0 0 1 1 1 0 1 1 0]   | Precisión: 0.88 | Hamming: 4
     Eve       --> [1 0 0 0 1 0 0 1 1 0 1 0 0 1 1 0 1 0 1 0 1 1 1 0 0 1 1 1 1 0 0 0]   | Precisión: 0.59 | Hamming: 13
------------------------------------------------------------
[5] Original  --> [0 0 1 0 0 0 0 0 0 0 1 0 1 0 1 0 0 1 1 1 0 0 1 0 1 1 1 1 0 1 1 1]
     Bob       --> [0 0 1 0 0 0 0 0 1 0 0 0 1 0 0 0 0 1 1 1 0 1 1 0 1 1 1 1 0 1 1 1]   | Precisión: 0.88 | Hamming: 4
     Eve       --> [1 0 0 0 1 1 1 1 0 0 1 0 0 1 1 0 1 0 1 0 1 1 1 0 1 0 1 1 1 0 1 1]   | Precisión: 0.50 | Hamming: 16
------------------------------------------------------------
[6] Original  --> [1 0 0 1 1 1 1 1 0 0 0 1 1 1 0 1 1 1 0 1 1 1 1 1 0 1 0 0 0 0 0 0]
     Bob       --> [1 0 0 0 1 1 1 1 0 0 0 1 0 1 1 1 1 1 0 1 1 1 1 1 0 1 0 0 0 0 0 0]   | Precisión: 0.91 | Hamming: 3
     Eve       --> [1 0 0 0 1 1 0 1 0 1 1 0 1 1 1 1 1 0 1 1 0 1 1 1 0 0 0 1 0 1 0 0]   | Precisión: 0.62 | Hamming: 12
------------------------------------------------------------
[7] Original  --> [1 0 1 0 1 0 1 1 0 0 0 1 0 1 1 1 0 0 1 0 1 0 0 1 0 0 0 0 0 0 0 1]
     Bob       --> [1 0 1 0 1 0 1 1 1 0 0 1 0 1 1 1 0 0 1 0 1 0 0 1 0 0 0 0 0 0 0 1]   | Precisión: 0.97 | Hamming: 1
     Eve       --> [1 0 0 0 0 0 0 1 0 0 1 0 1 1 0 1 1 0 1 1 1 1 1 0 0 1 0 1 0 0 0 0]   | Precisión: 0.53 | Hamming: 15
------------------------------------------------------------
[8] Original  --> [1 1 1 0 1 0 0 1 1 0 1 0 0 0 0 1 1 1 1 1 1 1 1 0 0 1 1 1 1 0 0 1]
     Bob       --> [1 1 1 0 1 0 0 1 1 0 1 0 1 0 1 1 1 1 1 1 1 1 1 0 0 1 1 1 1 0 0 1]   | Precisión: 0.94 | Hamming: 2
     Eve       --> [1 0 0 0 1 0 1 1 0 0 0 0 0 1 1 1 1 0 1 0 0 1 1 1 0 1 0 0 0 1 1 0]   | Precisión: 0.47 | Hamming: 17
------------------------------------------------------------
[9] Original  --> [1 1 1 1 0 0 1 0 0 1 0 0 1 0 0 0 1 1 1 1 0 1 0 0 0 1 0 0 1 1 1 0]
     Bob       --> [1 1 1 1 0 0 0 0 0 1 0 0 1 0 1 0 1 0 1 1 0 1 1 0 1 1 1 0 1 1 1 1]   | Precisión: 0.78 | Hamming: 7
     Eve       --> [1 0 0 0 0 0 1 1 1 0 1 0 0 1 1 1 1 0 1 0 0 1 0 0 0 1 0 1 0 0 0 0]   | Precisión: 0.47 | Hamming: 17
------------------------------------------------------------
[10] Original  --> [1 1 1 0 1 0 0 1 0 0 1 0 0 1 0 1 0 0 1 1 1 1 1 0 0 0 0 1 0 0 1 1]
     Bob       --> [1 1 1 0 1 0 0 1 1 0 1 0 0 1 1 1 0 0 1 1 1 1 1 0 0 0 0 1 0 0 1 1]   | Precisión: 0.94 | Hamming: 2
     Eve       --> [1 0 0 0 1 1 0 1 1 0 1 0 1 1 0 1 1 1 0 0 1 0 0 1 1 0 1 1 0 0 0 0]   | Precisión: 0.50 | Hamming: 16
------------------------------------------------------------

RESULTADOS FINALES

Bob -> Precisión media: 0.9358 | Hamming media: 2.05
Eve -> Precisión media: 0.4482 | Hamming media: 17.66
Bob -> Perfectas: 1286 | Eve -> Perfectas: 0

EVALUACIÓN CON CLAVES ERRÓNEAS PARA BOB

[1] Bob (clave errada) --> [0 0 0 0 0 0 0 0 0 0 0 0 0 0 0 0 0 0 0 0 0 0 0 0 0 0 0 0 0 0 0 0] | Precisión: 0.56 | Hamming: 14
------------------------------------------------------------
[2] Bob (clave errada) --> [0 0 0 0 0 0 0 0 0 0 0 0 0 0 0 0 0 0 0 0 0 0 0 0 0 0 0 0 0 0 0 0] | Precisión: 0.44 | Hamming: 18
------------------------------------------------------------
[3] Bob (clave errada) --> [0 0 0 0 0 0 0 0 0 0 0 0 0 0 0 0 0 0 0 0 0 0 0 0 0 0 0 0 0 0 0 0] | Precisión: 0.56 | Hamming: 14
------------------------------------------------------------
[4] Bob (clave errada) --> [0 0 0 0 0 0 0 0 0 0 0 0 0 0 0 0 0 0 0 0 0 0 0 0 0 0 0 0 0 0 0 0] | Precisión: 0.53 | Hamming: 15
------------------------------------------------------------
[5] Bob (clave errada) --> [0 0 0 0 0 0 0 0 0 0 0 0 0 0 0 0 0 0 0 0 0 0 0 0 0 0 0 0 0 0 0 0] | Precisión: 0.53 | Hamming: 15
------------------------------------------------------------
[6] Bob (clave errada) --> [0 0 0 0 0 0 0 0 0 0 0 0 0 0 0 0 0 0 0 0 0 0 0 0 0 0 0 0 0 0 0 0] | Precisión: 0.44 | Hamming: 18
------------------------------------------------------------
[7] Bob (clave errada) --> [0 0 0 0 0 0 0 0 0 0 0 0 0 0 0 0 0 0 0 0 0 0 0 0 0 0 0 0 0 0 0 0] | Precisión: 0.59 | Hamming: 13
------------------------------------------------------------
[8] Bob (clave errada) --> [0 0 0 0 0 0 0 0 0 0 0 0 0 0 0 0 0 0 0 0 0 0 0 0 0 0 0 0 0 0 0 0] | Precisión: 0.38 | Hamming: 20
------------------------------------------------------------
[9] Bob (clave errada) --> [0 0 0 0 0 0 0 0 0 0 0 0 0 0 0 0 0 0 0 0 0 0 0 0 0 0 0 0 0 0 0 0] | Precisión: 0.50 | Hamming: 16
------------------------------------------------------------
[10] Bob (clave errada) --> [0 0 0 0 0 0 0 0 0 0 0 0 0 0 0 0 0 0 0 0 0 0 0 0 0 0 0 0 0 0 0 0] | Precisión: 0.50 | Hamming: 16
------------------------------------------------------------

RESULTADOS CON CLAVES ERRÓNEAS

Bob -> Precisión media (clave errada): 0.5184 | Hamming media: 15.41

EVALUACIÓN CON 4000:

[1] Original  --> [0 1 1 1 0 1 0 1 1 0 0 0 0 1 1 0 1 0 0 0 1 1 1 0 0 0 0 1 1 1 1 1]
     Bob       --> [0 1 1 1 0 1 0 1 1 0 0 0 0 1 1 0 1 0 0 0 1 1 1 0 0 0 0 1 1 1 1 1]   | Precisión: 1.00 | Hamming: 0
     Eve       --> [1 1 0 0 0 1 0 1 0 1 0 0 0 1 0 1 1 1 0 0 1 0 0 0 0 0 0 1 0 0 1 1]   | Precisión: 0.62 | Hamming: 12
------------------------------------------------------------
[2] Original  --> [1 1 1 1 0 0 0 0 1 1 0 0 1 0 0 0 0 0 1 1 1 1 1 1 0 0 0 1 1 0 0 0]
     Bob       --> [1 1 1 1 0 0 0 0 1 1 0 0 1 0 0 0 0 0 1 1 1 1 1 1 0 0 0 1 0 0 0 0]   | Precisión: 0.97 | Hamming: 1
     Eve       --> [1 0 0 0 0 1 0 1 0 0 0 1 0 1 0 0 1 1 0 0 0 0 0 0 1 0 0 0 1 0 1 1]   | Precisión: 0.31 | Hamming: 22
------------------------------------------------------------
[3] Original  --> [1 0 0 0 0 1 0 0 1 0 0 0 0 1 1 0 0 0 1 0 0 1 0 1 0 0 0 0 0 0 0 0]
     Bob       --> [1 0 0 0 0 1 0 0 0 0 0 0 0 1 1 0 0 0 1 0 0 1 0 1 0 0 0 0 0 0 0 0]   | Precisión: 0.97 | Hamming: 1
     Eve       --> [0 1 0 0 0 1 0 1 0 0 1 1 1 1 0 0 1 1 0 0 0 0 1 0 1 0 0 1 0 0 0 1]   | Precisión: 0.47 | Hamming: 17
------------------------------------------------------------
[4] Original  --> [0 1 0 1 0 1 0 1 0 0 0 0 0 0 0 0 0 1 1 1 0 1 0 1 1 0 1 0 1 0 0 0]
     Bob       --> [0 1 0 1 0 1 0 0 0 0 0 0 0 0 0 0 1 1 1 1 0 1 0 1 1 0 1 0 1 0 0 0]   | Precisión: 0.94 | Hamming: 2
     Eve       --> [1 1 0 0 1 1 0 1 0 0 1 0 0 1 0 0 1 0 0 0 1 0 0 0 0 0 0 1 0 0 1 1]   | Precisión: 0.44 | Hamming: 18
------------------------------------------------------------
[5] Original  --> [1 1 0 0 1 0 0 1 0 0 0 0 1 0 0 0 0 0 0 1 0 0 1 1 0 1 1 1 1 1 0 1]
     Bob       --> [1 1 0 0 1 0 0 0 0 0 0 0 1 0 0 0 0 0 0 1 0 0 1 1 0 1 1 1 0 1 0 1]   | Precisión: 0.94 | Hamming: 2
     Eve       --> [0 0 0 0 0 1 0 1 0 0 1 1 0 1 0 0 1 1 1 0 0 0 1 0 1 0 0 1 0 0 0 0]   | Precisión: 0.41 | Hamming: 19
------------------------------------------------------------
[6] Original  --> [1 0 0 1 1 0 0 0 1 0 0 0 1 0 1 1 0 0 0 1 0 0 0 1 0 1 0 0 0 0 0 1]
     Bob       --> [1 0 0 1 1 0 0 0 1 0 0 0 1 0 1 1 0 0 0 1 0 0 0 1 0 1 0 0 0 0 0 1]   | Precisión: 1.00 | Hamming: 0
     Eve       --> [1 1 0 0 0 1 1 1 0 0 1 1 0 1 0 0 1 1 0 0 0 0 1 0 1 1 1 1 1 0 0 0]   | Precisión: 0.28 | Hamming: 23
------------------------------------------------------------
[7] Original  --> [1 1 1 1 0 0 1 1 1 0 0 0 1 0 1 1 0 0 1 1 0 1 1 0 0 1 0 1 0 1 1 1]
     Bob       --> [1 1 1 1 0 0 1 0 1 0 0 0 1 0 1 1 1 0 1 1 0 1 1 0 0 1 0 1 0 1 1 1]   | Precisión: 0.94 | Hamming: 2
     Eve       --> [0 1 0 0 1 1 0 1 0 1 1 1 0 1 0 0 1 1 0 0 0 0 0 0 1 0 0 0 0 0 1 1]   | Precisión: 0.25 | Hamming: 24
------------------------------------------------------------
[8] Original  --> [0 1 0 1 1 1 0 1 0 1 1 0 1 1 1 1 0 1 0 1 0 1 0 1 1 1 1 0 1 1 0 1]
     Bob       --> [0 1 0 1 1 1 0 1 0 1 1 0 1 1 1 1 1 1 0 1 0 1 0 1 1 1 1 0 1 1 0 1]   | Precisión: 0.97 | Hamming: 1
     Eve       --> [1 0 1 0 1 0 1 1 0 0 1 0 0 1 0 0 1 1 0 0 0 0 1 0 0 1 0 1 0 0 0 1]   | Precisión: 0.38 | Hamming: 20
------------------------------------------------------------
[9] Original  --> [1 0 1 0 1 0 1 0 0 0 0 1 0 1 0 1 0 1 1 0 0 0 0 0 1 1 0 1 1 1 1 0]
     Bob       --> [1 0 1 0 1 0 1 0 0 0 0 1 0 1 0 1 0 1 1 0 0 0 0 0 1 1 0 1 1 1 1 0]   | Precisión: 1.00 | Hamming: 0
     Eve       --> [0 0 0 0 0 1 0 1 0 0 1 0 0 1 0 0 1 1 0 0 0 1 0 0 1 0 0 1 1 0 1 1]   | Precisión: 0.53 | Hamming: 15
------------------------------------------------------------
[10] Original  --> [1 1 1 0 1 1 0 1 1 0 0 1 0 1 1 1 1 0 0 0 1 0 0 1 1 0 0 0 1 1 1 0]
     Bob       --> [1 1 1 0 1 1 0 1 1 0 0 1 0 1 1 1 1 0 0 0 1 0 0 1 1 0 0 0 1 1 1 0]   | Precisión: 1.00 | Hamming: 0
     Eve       --> [0 0 0 0 1 0 0 1 0 1 1 1 0 1 0 0 1 1 0 0 0 0 1 0 0 1 0 1 0 0 0 0]   | Precisión: 0.41 | Hamming: 19
------------------------------------------------------------

RESULTADOS FINALES

Bob -> Precisión media: 0.9460 | Hamming media: 1.73
Eve -> Precisión media: 0.4314 | Hamming media: 18.20
Bob -> Perfectas: 1550 | Eve -> Perfectas: 0

EVALUACIÓN CON CLAVES ERRÓNEAS PARA BOB

[1] Bob (clave errada) --> [0 0 0 0 0 0 0 0 0 0 0 0 0 0 0 0 0 0 0 0 0 0 0 0 0 0 0 0 0 0 0 0] | Precisión: 0.47 | Hamming: 17
------------------------------------------------------------
[2] Bob (clave errada) --> [0 0 0 0 0 0 0 0 0 0 0 0 0 0 0 0 0 0 0 0 0 0 0 0 0 0 0 0 0 0 0 0] | Precisión: 0.53 | Hamming: 15
------------------------------------------------------------
[3] Bob (clave errada) --> [0 0 0 0 0 0 0 0 0 0 0 0 0 0 0 0 0 0 0 0 0 0 0 0 0 0 0 0 0 0 0 0] | Precisión: 0.75 | Hamming: 8
------------------------------------------------------------
[4] Bob (clave errada) --> [0 0 0 0 0 0 0 0 0 0 0 0 0 0 0 0 0 0 0 0 0 0 0 0 0 0 0 0 0 0 0 0] | Precisión: 0.62 | Hamming: 12
------------------------------------------------------------
[5] Bob (clave errada) --> [0 0 0 0 0 0 0 0 0 0 0 0 0 0 0 0 0 0 0 0 0 0 0 0 0 0 0 0 0 0 0 0] | Precisión: 0.56 | Hamming: 14
------------------------------------------------------------
[6] Bob (clave errada) --> [0 0 0 0 0 0 0 0 0 0 0 0 0 0 0 0 0 0 0 0 0 0 0 0 0 0 0 0 0 0 0 0] | Precisión: 0.66 | Hamming: 11
------------------------------------------------------------
[7] Bob (clave errada) --> [0 0 0 0 0 0 0 0 0 0 0 0 0 0 0 0 0 0 0 0 0 0 0 0 0 0 0 0 0 0 0 0] | Precisión: 0.41 | Hamming: 19
------------------------------------------------------------
[8] Bob (clave errada) --> [0 0 0 0 0 0 0 0 0 0 0 0 0 1 0 0 0 1 0 0 0 0 0 0 0 0 1 0 0 0 0 0] | Precisión: 0.44 | Hamming: 18
------------------------------------------------------------
[9] Bob (clave errada) --> [0 0 0 0 0 0 0 0 0 0 0 0 0 0 0 0 0 0 0 0 0 0 0 0 0 0 0 0 0 0 0 0] | Precisión: 0.53 | Hamming: 15
------------------------------------------------------------
[10] Bob (clave errada) --> [0 0 0 0 0 0 0 0 0 0 0 0 0 0 0 0 0 0 0 0 0 0 0 0 0 0 0 0 0 0 0 0] | Precisión: 0.44 | Hamming: 18
------------------------------------------------------------

RESULTADOS CON CLAVES ERRÓNEAS

Bob -> Precisión media (clave errada): 0.5181 | Hamming media: 15.42

EVALUACIÓN CON 4500:

[1] Original  --> [1 0 1 0 1 1 0 0 0 0 0 0 1 0 0 0 0 1 1 1 0 1 0 0 1 0 0 0 1 0 0 1]
     Bob       --> [1 0 1 0 1 1 0 0 1 0 0 0 1 0 0 0 0 1 1 1 0 0 0 0 1 0 0 0 1 0 0 1]   | Precisión: 0.94 | Hamming: 2
     Eve       --> [0 1 1 1 1 0 1 1 1 1 0 1 0 1 0 0 1 1 1 1 1 0 0 0 0 1 1 0 0 1 1 0]   | Precisión: 0.34 | Hamming: 21
------------------------------------------------------------
[2] Original  --> [1 1 0 0 0 1 0 0 0 0 0 0 1 1 1 1 1 0 1 1 1 1 0 0 0 0 1 1 0 0 0 0]
     Bob       --> [1 1 0 0 0 1 0 0 0 0 0 1 1 1 1 1 1 0 1 1 1 1 0 0 0 0 1 1 0 0 0 0]   | Precisión: 0.97 | Hamming: 1
     Eve       --> [0 0 1 1 1 0 1 1 1 1 0 0 0 0 0 0 1 1 1 1 0 0 0 0 1 1 0 0 1 1 1 1]   | Precisión: 0.22 | Hamming: 25
------------------------------------------------------------
[3] Original  --> [1 0 1 1 1 0 1 0 1 0 0 1 1 0 1 1 1 0 1 1 0 0 0 0 0 1 0 1 0 0 0 1]
     Bob       --> [1 0 1 1 1 0 1 0 1 0 0 1 1 0 1 1 1 0 1 1 0 0 0 0 0 1 0 1 0 0 0 1]   | Precisión: 1.00 | Hamming: 0
     Eve       --> [0 1 1 0 1 0 1 1 0 1 0 1 0 1 0 1 0 1 1 1 0 0 0 0 1 0 0 0 0 1 1 1]   | Precisión: 0.50 | Hamming: 16
------------------------------------------------------------
[4] Original  --> [1 0 1 1 0 1 1 1 0 0 1 1 1 0 1 1 0 1 1 1 1 1 1 1 0 0 0 1 1 0 1 0]
     Bob       --> [1 0 1 1 0 1 1 1 0 0 1 1 1 0 1 1 1 1 1 1 1 1 1 1 0 0 0 1 1 0 1 0]   | Precisión: 0.97 | Hamming: 1
     Eve       --> [0 1 0 1 1 0 0 1 1 1 0 1 0 0 0 0 1 1 1 1 0 0 0 0 1 1 0 0 0 1 1 1]   | Precisión: 0.28 | Hamming: 23
------------------------------------------------------------
[5] Original  --> [1 1 0 1 0 0 1 0 0 1 0 1 1 0 1 0 1 1 0 1 0 0 0 0 0 1 0 1 0 1 1 1]
     Bob       --> [1 1 1 1 0 0 1 0 0 1 0 1 1 0 1 0 1 1 0 1 0 0 0 0 0 1 0 1 1 1 1 1]   | Precisión: 0.94 | Hamming: 2
     Eve       --> [0 0 1 1 1 1 0 1 0 1 1 1 0 1 0 0 1 1 1 0 0 0 0 1 1 0 0 0 1 1 1 0]   | Precisión: 0.41 | Hamming: 19
------------------------------------------------------------
[6] Original  --> [1 1 1 1 1 1 0 1 0 1 0 0 0 0 1 1 1 0 1 1 0 1 1 0 1 0 1 1 0 1 0 1]
     Bob       --> [1 1 1 1 1 1 0 1 0 1 0 0 0 0 1 1 1 0 1 1 0 1 1 0 1 0 1 1 0 1 0 1]   | Precisión: 1.00 | Hamming: 0
     Eve       --> [0 1 0 0 1 0 1 1 1 1 0 1 0 1 0 1 1 1 0 0 1 0 0 0 0 1 1 0 0 1 1 1]   | Precisión: 0.41 | Hamming: 19
------------------------------------------------------------
[7] Original  --> [1 0 0 0 1 0 1 1 0 1 0 0 0 0 0 1 0 1 1 0 1 0 1 1 0 0 1 1 0 0 1 1]
     Bob       --> [1 0 0 0 1 1 1 1 0 0 0 0 0 0 0 1 0 1 1 0 1 0 1 1 0 0 1 1 0 0 0 1]   | Precisión: 0.91 | Hamming: 3
     Eve       --> [0 1 0 1 1 1 0 1 1 1 1 0 0 0 1 0 1 0 1 1 0 0 1 0 0 0 0 1 1 1 0 0]   | Precisión: 0.41 | Hamming: 19
------------------------------------------------------------
[8] Original  --> [1 1 0 1 0 1 1 0 0 1 0 1 0 1 0 0 1 0 0 0 0 1 0 1 1 0 0 1 1 1 1 1]
     Bob       --> [1 1 0 1 0 1 1 0 0 1 0 1 0 1 0 0 1 0 0 1 0 1 0 1 1 0 0 1 1 1 1 1]   | Precisión: 0.97 | Hamming: 1
     Eve       --> [0 0 1 1 1 0 0 0 0 1 0 0 0 0 1 0 1 1 1 1 0 0 0 0 0 0 0 0 0 1 1 0]   | Precisión: 0.44 | Hamming: 18
------------------------------------------------------------
[9] Original  --> [1 1 0 1 0 1 1 0 1 1 1 1 0 1 0 0 1 1 0 1 1 1 0 1 1 1 1 0 0 0 0 1]
     Bob       --> [1 1 0 1 0 1 1 0 1 1 1 1 0 1 0 0 1 1 0 1 1 1 0 1 1 1 1 0 0 0 0 1]   | Precisión: 1.00 | Hamming: 0
     Eve       --> [0 0 1 1 1 0 1 1 1 1 0 0 0 0 0 0 1 1 1 1 0 0 0 0 1 1 0 0 1 1 1 0]   | Precisión: 0.44 | Hamming: 18
------------------------------------------------------------
[10] Original  --> [0 0 0 0 1 0 1 1 1 1 0 1 0 1 0 1 0 0 0 0 0 1 1 1 1 1 1 0 0 1 1 1]
     Bob       --> [0 0 0 0 1 0 1 1 1 0 0 1 0 1 0 1 0 0 0 0 0 1 1 1 1 1 1 0 0 1 1 1]   | Precisión: 0.97 | Hamming: 1
     Eve       --> [1 0 1 1 1 0 0 1 1 1 1 1 0 1 1 0 1 1 1 1 1 0 1 0 1 0 0 1 1 0 0 0]   | Precisión: 0.34 | Hamming: 21
------------------------------------------------------------

RESULTADOS FINALES

Bob -> Precisión media: 0.9605 | Hamming media: 1.27
Eve -> Precisión media: 0.4330 | Hamming media: 18.14
Bob -> Perfectas: 3562 | Eve -> Perfectas: 0

EVALUACIÓN CON CLAVES ERRÓNEAS PARA BOB

[1] Bob (clave errada) --> [0 0 0 0 0 0 0 0 0 0 0 0 0 0 0 0 0 0 0 0 0 0 0 0 0 0 0 0 0 0 0 0] | Precisión: 0.62 | Hamming: 12
------------------------------------------------------------
[2] Bob (clave errada) --> [0 0 0 0 0 0 0 0 0 0 0 0 0 0 0 0 0 0 0 0 0 0 0 0 0 0 0 0 0 0 0 0] | Precisión: 0.56 | Hamming: 14
------------------------------------------------------------
[3] Bob (clave errada) --> [0 0 0 0 0 0 0 0 0 0 0 0 0 0 0 0 0 0 0 0 0 0 0 0 0 0 0 0 0 0 0 0] | Precisión: 0.50 | Hamming: 16
------------------------------------------------------------
[4] Bob (clave errada) --> [0 0 0 0 0 0 0 0 0 0 0 0 0 0 0 0 0 0 0 0 0 0 0 0 0 0 0 0 0 0 0 0] | Precisión: 0.34 | Hamming: 21
------------------------------------------------------------
[5] Bob (clave errada) --> [0 0 0 0 0 0 0 0 0 0 0 0 0 0 0 0 0 0 0 0 0 0 0 0 0 0 0 0 0 0 0 0] | Precisión: 0.50 | Hamming: 16
------------------------------------------------------------
[6] Bob (clave errada) --> [0 0 0 0 0 0 0 0 0 0 0 0 0 0 0 0 0 0 0 0 0 0 0 0 0 0 0 0 0 0 0 0] | Precisión: 0.38 | Hamming: 20
------------------------------------------------------------
[7] Bob (clave errada) --> [0 0 0 0 0 0 0 0 0 0 0 0 0 0 0 0 0 0 0 0 0 0 0 0 0 0 0 0 0 0 0 0] | Precisión: 0.53 | Hamming: 15
------------------------------------------------------------
[8] Bob (clave errada) --> [0 0 0 0 0 0 0 0 0 0 0 0 0 0 0 0 0 0 0 0 0 0 0 0 0 0 0 0 0 0 0 0] | Precisión: 0.47 | Hamming: 17
------------------------------------------------------------
[9] Bob (clave errada) --> [0 0 0 0 0 0 0 0 0 0 0 0 0 0 0 0 0 0 0 0 0 0 0 0 0 0 0 0 0 0 0 0] | Precisión: 0.38 | Hamming: 20
------------------------------------------------------------
[10] Bob (clave errada) --> [0 0 0 0 0 0 0 0 0 0 0 0 0 0 0 0 0 0 0 0 0 0 0 0 0 0 0 0 0 0 0 0] | Precisión: 0.47 | Hamming: 17
------------------------------------------------------------

RESULTADOS CON CLAVES ERRÓNEAS

Bob -> Precisión media (clave errada): 0.5247 | Hamming media: 15.21

EVALUACIÓN CON 5000:

[1] Original  --> [0 1 0 0 0 0 1 1 1 0 1 0 0 0 1 1 1 1 1 0 1 0 1 0 1 0 0 1 1 0 0 1]
     Bob       --> [0 1 0 0 0 0 1 1 1 0 1 0 0 0 1 1 1 1 1 0 1 0 1 0 1 0 0 1 1 0 0 1]   | Precisión: 1.00 | Hamming: 0
     Eve       --> [1 0 0 1 1 0 0 1 0 0 0 1 1 1 1 1 1 1 0 1 1 0 0 1 1 0 1 1 0 0 0 1]   | Precisión: 0.50 | Hamming: 16
------------------------------------------------------------
[2] Original  --> [1 0 0 0 1 1 1 0 1 0 1 0 1 0 1 1 0 0 1 0 0 0 1 0 0 1 0 1 1 0 1 1]
     Bob       --> [1 0 0 0 1 1 1 0 1 0 1 0 1 0 1 1 0 0 1 0 0 0 1 0 0 1 0 1 1 0 1 1]   | Precisión: 1.00 | Hamming: 0
     Eve       --> [1 0 1 0 1 0 0 1 0 0 1 1 0 1 1 1 1 1 1 1 0 0 0 1 1 0 1 0 0 0 0 1]   | Precisión: 0.41 | Hamming: 19
------------------------------------------------------------
[3] Original  --> [1 1 0 0 1 0 0 0 1 1 1 1 1 0 0 0 1 1 0 1 0 1 1 0 0 0 0 1 0 1 1 0]
     Bob       --> [1 1 0 0 1 1 0 0 1 1 1 1 1 0 0 0 0 1 0 1 1 1 1 0 0 0 0 1 0 1 1 0]   | Precisión: 0.91 | Hamming: 3
     Eve       --> [0 1 1 0 1 1 1 1 0 0 1 0 1 1 0 1 1 1 1 1 1 0 0 1 1 1 1 1 1 1 0 1]   | Precisión: 0.34 | Hamming: 21
------------------------------------------------------------
[4] Original  --> [1 1 0 0 0 0 1 0 0 1 0 1 0 0 1 0 1 0 0 1 0 0 1 1 0 0 1 0 0 1 1 1]
     Bob       --> [1 1 0 0 0 0 1 0 0 1 0 1 0 0 1 0 1 0 0 1 1 0 1 1 0 0 1 0 0 1 1 1]   | Precisión: 0.97 | Hamming: 1
     Eve       --> [1 0 1 1 1 1 1 1 1 0 1 1 1 0 1 1 1 1 1 1 0 0 1 0 1 1 0 1 1 0 0 0]   | Precisión: 0.31 | Hamming: 22
------------------------------------------------------------
[5] Original  --> [1 1 0 0 0 1 0 0 1 0 0 1 0 0 0 1 1 0 1 1 0 0 1 1 0 0 1 0 1 0 0 1]
     Bob       --> [1 1 0 0 0 1 0 0 1 0 0 1 0 0 0 1 1 0 1 1 1 0 0 1 0 0 0 0 1 0 0 1]   | Precisión: 0.91 | Hamming: 3
     Eve       --> [1 0 1 1 1 1 1 1 0 0 0 1 1 0 1 1 1 0 1 1 1 0 0 0 1 0 0 1 0 0 0 0]   | Precisión: 0.47 | Hamming: 17
------------------------------------------------------------
[6] Original  --> [0 1 1 0 0 1 1 0 1 0 1 0 1 0 0 1 1 0 1 1 1 1 0 1 1 1 0 0 1 1 1 0]
     Bob       --> [0 1 1 0 0 1 1 0 1 0 1 0 1 0 0 1 1 0 1 1 0 1 0 1 1 0 0 0 1 1 1 0]   | Precisión: 0.94 | Hamming: 2
     Eve       --> [0 0 0 1 0 0 0 0 0 0 1 0 1 0 1 0 1 1 1 0 0 0 0 1 1 1 1 1 1 0 1 1]   | Precisión: 0.50 | Hamming: 16
------------------------------------------------------------
[7] Original  --> [1 0 1 0 0 1 0 0 0 0 0 0 0 1 0 0 0 0 0 1 1 0 0 0 0 0 1 0 0 0 0 1]
     Bob       --> [1 0 1 0 0 1 0 0 0 0 0 0 0 1 0 0 0 0 0 1 0 0 0 0 0 0 1 0 0 0 0 1]   | Precisión: 0.97 | Hamming: 1
     Eve       --> [1 0 1 1 1 1 0 1 1 0 0 1 1 0 1 1 0 1 0 1 1 0 0 0 1 0 0 1 0 0 0 0]   | Precisión: 0.56 | Hamming: 14
------------------------------------------------------------
[8] Original  --> [0 1 0 0 1 1 0 1 1 1 0 1 0 0 1 1 1 0 1 1 1 0 0 1 1 0 1 1 0 0 1 0]
     Bob       --> [0 1 0 0 1 1 0 1 1 1 0 1 0 0 1 1 1 0 1 1 1 0 0 0 1 0 1 1 0 0 1 0]   | Precisión: 0.97 | Hamming: 1
     Eve       --> [1 0 1 1 1 1 0 1 1 0 1 1 1 0 1 0 1 1 1 1 0 0 0 1 1 1 0 0 1 0 0 1]   | Precisión: 0.50 | Hamming: 16
------------------------------------------------------------
[9] Original  --> [1 1 0 1 0 1 1 0 1 0 0 0 1 1 1 0 1 1 1 1 0 1 1 0 0 0 1 0 1 0 0 0]
     Bob       --> [1 1 0 1 0 1 1 0 1 0 0 0 1 1 1 0 1 1 1 1 0 1 1 0 0 0 1 0 1 0 0 0]   | Precisión: 1.00 | Hamming: 0
     Eve       --> [1 0 1 1 1 1 0 1 1 0 0 0 1 0 1 1 0 1 1 1 1 0 0 0 1 1 0 1 1 0 0 0]   | Precisión: 0.53 | Hamming: 15
------------------------------------------------------------
[10] Original  --> [0 0 1 0 1 1 1 1 1 1 1 1 0 0 1 1 1 0 1 0 0 1 1 1 0 0 1 1 1 1 0 0]
     Bob       --> [0 0 1 0 1 1 1 1 1 1 1 1 0 0 1 1 1 0 1 0 1 1 1 0 0 0 1 1 1 1 0 0]   | Precisión: 0.94 | Hamming: 2
     Eve       --> [1 0 1 0 1 0 0 1 0 0 1 1 0 0 1 0 1 1 1 1 0 0 0 1 1 0 1 0 0 0 0 1]   | Precisión: 0.53 | Hamming: 15
------------------------------------------------------------

RESULTADOS FINALES

Bob -> Precisión media: 0.9648 | Hamming media: 1.13
Eve -> Precisión media: 0.4507 | Hamming media: 17.58
Bob -> Perfectas: 3387 | Eve -> Perfectas: 0

EVALUACIÓN CON CLAVES ERRÓNEAS PARA BOB

[1] Bob (clave errada) --> [0 0 0 0 0 0 0 0 0 0 0 0 0 0 0 0 0 0 0 0 0 0 0 0 0 0 0 0 0 0 0 0] | Precisión: 0.50 | Hamming: 16
------------------------------------------------------------
[2] Bob (clave errada) --> [0 0 0 0 0 0 0 0 0 0 0 0 0 0 0 0 0 0 0 0 0 0 0 0 0 0 0 0 0 0 0 0] | Precisión: 0.50 | Hamming: 16
------------------------------------------------------------
[3] Bob (clave errada) --> [0 0 0 0 0 0 0 0 0 0 0 0 0 0 0 0 0 0 0 0 0 0 0 0 0 0 0 0 0 0 0 0] | Precisión: 0.50 | Hamming: 16
------------------------------------------------------------
[4] Bob (clave errada) --> [0 0 0 0 0 0 0 0 0 0 0 0 0 0 0 0 0 0 0 0 0 0 0 1 0 0 0 0 0 0 0 0] | Precisión: 0.59 | Hamming: 13
------------------------------------------------------------
[5] Bob (clave errada) --> [0 0 0 0 0 0 0 0 0 0 0 0 0 0 0 0 0 0 0 0 0 0 0 0 0 0 0 0 0 0 0 0] | Precisión: 0.56 | Hamming: 14
------------------------------------------------------------
[6] Bob (clave errada) --> [0 0 0 0 0 0 0 0 0 0 0 0 0 0 0 0 0 0 0 0 0 0 0 0 0 0 0 0 0 0 0 0] | Precisión: 0.41 | Hamming: 19
------------------------------------------------------------
[7] Bob (clave errada) --> [1 0 1 0 0 1 0 0 0 0 0 0 1 0 0 0 0 0 0 1 0 0 0 0 0 0 1 1 1 0 0 1] | Precisión: 0.84 | Hamming: 5
------------------------------------------------------------
[8] Bob (clave errada) --> [0 0 0 0 0 0 0 0 0 0 0 0 0 0 0 0 0 0 0 0 0 0 0 0 0 0 0 0 0 0 0 0] | Precisión: 0.44 | Hamming: 18
------------------------------------------------------------
[9] Bob (clave errada) --> [0 0 0 0 0 0 0 0 0 0 0 0 0 0 0 0 0 0 0 0 0 0 0 0 0 0 0 0 0 0 0 0] | Precisión: 0.47 | Hamming: 17
------------------------------------------------------------
[10] Bob (clave errada) --> [0 0 0 0 0 0 0 0 0 0 0 0 0 0 0 0 0 0 0 0 0 0 0 0 0 0 0 0 0 0 0 0] | Precisión: 0.38 | Hamming: 20
------------------------------------------------------------

RESULTADOS CON CLAVES ERRÓNEAS

Bob -> Precisión media (clave errada): 0.5287 | Hamming media: 15.08

EVALUACIÓN CON 5500:

[1] Original  --> [1 0 0 0 0 1 0 1 0 0 0 0 0 1 0 1 1 0 1 0 0 1 0 1 1 0 0 1 0 0 1 0]
     Bob       --> [1 0 0 0 0 0 0 1 0 0 0 0 0 1 0 1 1 0 0 0 0 1 0 1 0 0 0 1 0 0 1 0]   | Precisión: 0.91 | Hamming: 3
     Eve       --> [0 0 0 1 1 1 1 0 1 1 1 1 1 0 0 1 0 1 0 1 1 0 0 0 1 1 0 1 1 0 0 1]   | Precisión: 0.31 | Hamming: 22
------------------------------------------------------------
[2] Original  --> [0 1 1 1 0 1 1 0 1 0 1 0 0 0 0 1 1 1 1 1 1 0 0 1 1 1 0 1 0 0 0 0]
     Bob       --> [0 1 1 1 0 1 1 0 1 0 1 0 0 0 0 0 1 1 0 1 1 0 0 1 1 1 0 1 0 0 0 0]   | Precisión: 0.94 | Hamming: 2
     Eve       --> [0 0 1 0 1 1 1 0 1 1 0 1 1 0 1 1 1 1 1 0 0 0 1 1 1 0 0 1 1 1 0 1]   | Precisión: 0.53 | Hamming: 15
------------------------------------------------------------
[3] Original  --> [0 1 0 1 1 0 1 0 1 1 0 1 1 0 0 1 1 0 1 0 1 1 0 1 1 0 0 1 0 1 0 0]
     Bob       --> [0 1 0 1 1 1 1 0 1 1 0 1 1 0 0 0 1 0 1 0 1 1 0 1 1 0 0 1 0 1 0 1]   | Precisión: 0.91 | Hamming: 3
     Eve       --> [0 0 0 0 1 0 1 0 1 1 1 0 1 0 0 1 0 0 0 0 1 0 0 0 1 1 0 0 1 1 0 1]   | Precisión: 0.62 | Hamming: 12
------------------------------------------------------------
[4] Original  --> [0 0 0 0 0 1 1 1 1 1 0 0 1 1 0 1 1 1 0 1 1 0 0 1 0 1 0 0 0 0 1 0]
     Bob       --> [0 0 0 0 0 0 1 1 1 1 0 0 1 1 0 1 1 1 0 1 1 0 0 1 0 1 0 0 0 0 1 0]   | Precisión: 0.97 | Hamming: 1
     Eve       --> [0 0 1 0 1 1 0 0 1 0 0 0 1 0 0 1 0 1 1 1 1 0 1 1 1 0 1 1 1 0 0 1]   | Precisión: 0.50 | Hamming: 16
------------------------------------------------------------
[5] Original  --> [1 1 0 0 0 0 1 1 0 0 0 0 1 1 0 1 0 1 0 1 1 0 1 1 0 1 0 0 0 1 0 0]
     Bob       --> [1 1 0 0 0 1 1 1 0 0 0 0 1 1 0 1 0 1 0 1 1 0 1 1 0 1 0 0 0 1 1 1]   | Precisión: 0.91 | Hamming: 3
     Eve       --> [0 0 0 0 1 1 1 0 1 1 0 0 0 0 0 1 1 1 0 1 1 0 1 1 1 0 0 1 0 0 1 1]   | Precisión: 0.50 | Hamming: 16
------------------------------------------------------------
[6] Original  --> [1 1 1 0 0 0 1 0 1 1 0 0 0 1 0 0 0 1 0 1 0 0 0 0 0 0 1 0 0 0 1 1]
     Bob       --> [1 1 0 0 0 0 1 0 1 1 0 0 0 1 0 1 0 1 0 1 0 0 0 0 0 0 1 0 0 0 1 1]   | Precisión: 0.94 | Hamming: 2
     Eve       --> [0 0 1 0 1 1 1 0 1 1 0 1 0 0 0 1 1 1 1 1 1 0 0 1 1 0 1 1 1 0 0 1]   | Precisión: 0.53 | Hamming: 15
------------------------------------------------------------
[7] Original  --> [0 1 0 1 1 0 1 1 1 1 0 1 1 1 1 0 1 0 1 0 1 0 1 1 0 1 0 0 1 1 1 1]
     Bob       --> [0 1 0 1 1 1 1 1 1 1 0 1 1 1 0 0 1 0 1 0 1 0 1 1 0 1 0 0 1 1 1 1]   | Precisión: 0.94 | Hamming: 2
     Eve       --> [1 0 0 1 1 1 1 0 1 1 0 0 1 0 0 1 1 1 1 1 1 1 1 1 1 0 0 1 0 0 1 1]   | Precisión: 0.50 | Hamming: 16
------------------------------------------------------------
[8] Original  --> [1 0 1 1 0 1 0 1 0 1 0 1 1 0 0 1 0 1 1 1 1 1 0 1 1 1 1 1 1 0 0 0]
     Bob       --> [1 0 1 1 0 1 0 1 0 0 0 1 1 0 0 1 0 1 1 1 1 1 0 1 1 0 1 1 1 0 1 1]   | Precisión: 0.88 | Hamming: 4
     Eve       --> [0 0 0 0 1 1 1 0 1 1 1 0 0 0 0 1 0 1 0 1 1 0 1 1 0 0 1 0 0 0 0 1]   | Precisión: 0.44 | Hamming: 18
------------------------------------------------------------
[9] Original  --> [0 1 1 1 0 0 0 0 1 1 1 0 1 1 0 0 1 0 0 0 1 1 0 0 0 1 1 0 1 1 0 0]
     Bob       --> [0 1 0 1 0 0 0 0 1 1 1 0 1 1 0 0 1 0 0 0 1 1 0 0 0 1 1 0 1 1 0 0]   | Precisión: 0.97 | Hamming: 1
     Eve       --> [0 0 1 0 1 1 1 0 1 0 0 0 0 0 0 1 1 1 0 1 1 0 0 1 0 0 1 1 0 0 0 0]   | Precisión: 0.44 | Hamming: 18
------------------------------------------------------------
[10] Original  --> [1 0 1 0 1 0 1 0 0 0 0 1 0 1 1 0 0 0 1 0 0 1 0 1 0 0 1 0 1 1 0 1]
     Bob       --> [1 0 1 0 1 0 0 0 0 0 0 1 0 1 0 0 0 0 1 0 0 0 0 1 1 0 1 0 0 1 0 1]   | Precisión: 0.84 | Hamming: 5
     Eve       --> [0 0 0 1 1 0 1 0 1 1 1 0 0 0 0 1 0 1 0 1 1 0 0 1 1 1 1 1 1 0 0 1]   | Precisión: 0.41 | Hamming: 19
------------------------------------------------------------

RESULTADOS FINALES

Bob -> Precisión media: 0.9369 | Hamming media: 2.02
Eve -> Precisión media: 0.4649 | Hamming media: 17.12
Bob -> Perfectas: 1180 | Eve -> Perfectas: 0

EVALUACIÓN CON CLAVES ERRÓNEAS PARA BOB

[1] Bob (clave errada) --> [0 0 0 0 0 0 0 0 0 0 0 0 0 0 0 0 0 0 0 0 0 0 0 0 0 0 0 0 0 0 0 0] | Precisión: 0.62 | Hamming: 12
------------------------------------------------------------
[2] Bob (clave errada) --> [0 0 0 0 0 0 0 0 0 0 0 0 0 0 0 0 0 0 0 0 0 0 0 0 0 0 0 0 0 0 0 0] | Precisión: 0.47 | Hamming: 17
------------------------------------------------------------
[3] Bob (clave errada) --> [0 0 0 0 0 0 0 0 0 0 0 0 0 0 0 0 0 0 0 0 0 0 0 0 0 0 0 0 0 0 0 0] | Precisión: 0.47 | Hamming: 17
------------------------------------------------------------
[4] Bob (clave errada) --> [0 0 0 0 0 0 0 0 0 0 0 0 0 0 0 0 0 0 0 0 0 0 0 0 0 0 0 0 0 0 0 0] | Precisión: 0.53 | Hamming: 15
------------------------------------------------------------
[5] Bob (clave errada) --> [0 0 0 0 0 0 0 0 0 0 0 0 0 0 0 0 0 0 0 0 0 0 0 0 0 0 0 0 0 0 0 0] | Precisión: 0.56 | Hamming: 14
------------------------------------------------------------
[6] Bob (clave errada) --> [0 0 0 0 0 0 0 0 0 0 0 0 0 0 0 0 0 0 0 0 0 0 0 0 0 0 0 0 0 0 0 0] | Precisión: 0.62 | Hamming: 12
------------------------------------------------------------
[7] Bob (clave errada) --> [0 0 0 0 0 0 0 0 0 0 0 0 0 0 0 0 0 0 0 0 0 0 0 0 0 0 0 0 0 0 0 0] | Precisión: 0.34 | Hamming: 21
------------------------------------------------------------
[8] Bob (clave errada) --> [0 0 0 0 0 0 0 0 0 0 0 0 0 0 0 0 0 0 0 0 0 0 0 0 0 0 0 0 0 0 0 0] | Precisión: 0.38 | Hamming: 20
------------------------------------------------------------
[9] Bob (clave errada) --> [0 0 0 0 0 0 0 0 0 0 0 0 0 0 0 0 0 0 0 0 0 0 0 0 0 0 0 0 0 0 0 0] | Precisión: 0.53 | Hamming: 15
------------------------------------------------------------
[10] Bob (clave errada) --> [0 0 0 0 0 0 0 0 0 0 0 0 0 0 0 0 0 0 0 0 0 0 0 0 0 0 0 0 0 0 0 0] | Precisión: 0.56 | Hamming: 14
------------------------------------------------------------

RESULTADOS CON CLAVES ERRÓNEAS

Bob -> Precisión media (clave errada): 0.5119 | Hamming media: 15.62

EVALUACIÓN CON 6000:

[1] Original  --> [0 1 1 1 0 0 0 1 0 1 1 0 0 0 0 1 1 0 1 1 0 1 0 1 1 0 1 1 1 1 1 0]
     Bob       --> [0 1 1 1 0 0 0 0 0 1 1 0 0 0 0 1 0 0 1 1 0 1 0 0 1 0 1 1 0 1 1 0]   | Precisión: 0.88 | Hamming: 4
     Eve       --> [0 0 0 1 1 1 1 0 0 0 0 0 0 0 1 1 0 1 1 0 1 1 0 0 0 0 0 0 0 1 1 0]   | Precisión: 0.44 | Hamming: 18
------------------------------------------------------------
[2] Original  --> [1 0 1 0 0 0 1 1 1 1 0 1 1 0 1 0 1 1 0 0 1 1 1 0 1 0 0 1 0 0 1 1]
     Bob       --> [0 0 0 0 0 0 1 0 1 0 0 1 1 0 0 0 0 0 0 0 1 1 1 0 0 0 0 0 0 0 1 0]   | Precisión: 0.69 | Hamming: 10
     Eve       --> [0 0 1 1 0 0 1 1 0 1 1 0 1 0 1 1 1 0 0 0 0 0 0 0 0 1 1 0 0 0 1 1]   | Precisión: 0.56 | Hamming: 14
------------------------------------------------------------
[3] Original  --> [1 0 0 0 0 1 1 0 0 1 1 1 1 1 1 1 1 1 0 0 0 0 0 0 1 1 0 1 1 1 1 1]
     Bob       --> [1 0 0 0 0 1 1 0 0 1 1 1 0 0 0 1 1 1 0 0 0 0 0 0 1 1 0 1 1 1 0 0]   | Precisión: 0.84 | Hamming: 5
     Eve       --> [0 0 1 1 0 0 0 1 0 0 1 0 0 1 1 0 1 0 1 0 1 1 1 0 0 0 1 0 0 0 1 0]   | Precisión: 0.31 | Hamming: 22
------------------------------------------------------------
[4] Original  --> [0 0 0 0 0 1 1 1 1 1 1 0 0 1 0 0 1 0 1 1 1 1 0 0 1 0 0 0 1 1 0 1]
     Bob       --> [0 0 0 0 0 1 1 0 1 0 1 0 0 1 0 0 1 0 1 0 0 1 0 0 1 0 0 0 1 1 0 1]   | Precisión: 0.88 | Hamming: 4
     Eve       --> [0 0 1 0 0 0 1 1 0 0 0 0 0 0 0 1 1 0 1 0 1 0 0 0 0 0 0 0 0 0 1 0]   | Precisión: 0.56 | Hamming: 14
------------------------------------------------------------
[5] Original  --> [0 1 1 1 0 1 0 0 1 0 0 1 1 0 0 0 1 0 1 0 0 0 1 0 1 1 0 0 1 0 0 0]
     Bob       --> [0 1 1 1 0 1 0 0 1 0 0 1 1 0 0 0 1 0 0 0 0 0 1 0 1 0 0 0 0 0 0 0]   | Precisión: 0.91 | Hamming: 3
     Eve       --> [0 0 1 0 1 0 1 1 0 0 1 0 1 0 1 1 0 0 1 0 1 0 0 0 0 1 1 0 0 1 1 0]   | Precisión: 0.41 | Hamming: 19
------------------------------------------------------------
[6] Original  --> [0 1 1 1 0 1 1 0 1 0 1 0 1 0 1 0 0 1 1 1 1 0 0 0 1 0 0 0 1 1 0 0]
     Bob       --> [0 1 1 0 0 1 1 0 0 0 0 0 0 0 0 0 0 1 1 1 1 0 0 0 1 0 0 0 1 1 0 0]   | Precisión: 0.84 | Hamming: 5
     Eve       --> [0 0 1 0 0 0 1 1 0 0 1 0 1 1 1 1 1 0 0 0 1 0 0 0 0 0 1 0 0 0 1 1]   | Precisión: 0.47 | Hamming: 17
------------------------------------------------------------
[7] Original  --> [0 0 1 0 0 1 1 1 1 1 1 0 1 1 1 1 1 0 0 1 1 0 0 1 1 1 0 0 0 1 1 1]
     Bob       --> [0 0 1 0 0 1 1 1 1 0 1 0 1 1 0 1 1 1 0 1 1 0 0 1 1 1 0 0 0 1 1 1]   | Precisión: 0.91 | Hamming: 3
     Eve       --> [0 0 1 1 0 1 0 0 0 0 0 1 1 1 1 0 0 1 1 0 1 1 0 0 0 0 1 0 0 1 1 0]   | Precisión: 0.44 | Hamming: 18
------------------------------------------------------------
[8] Original  --> [0 0 1 1 1 0 1 1 1 0 1 0 0 1 0 0 0 1 1 1 0 1 0 1 1 0 0 1 0 0 1 0]
     Bob       --> [0 0 1 1 1 0 1 0 0 0 0 0 0 1 0 0 0 0 1 1 0 1 0 0 1 0 0 0 0 0 1 0]   | Precisión: 0.81 | Hamming: 6
     Eve       --> [0 0 0 0 0 0 0 0 0 1 1 0 1 1 1 1 0 0 0 0 1 0 0 0 0 1 1 0 0 0 1 0]   | Precisión: 0.38 | Hamming: 20
------------------------------------------------------------
[9] Original  --> [1 0 0 1 0 0 0 0 1 0 1 1 1 0 1 1 0 0 1 1 1 0 0 0 0 1 1 1 1 0 0 1]
     Bob       --> [1 0 0 0 0 0 0 0 1 0 1 1 1 0 0 1 0 0 1 1 1 0 0 0 0 1 1 0 1 0 0 1]   | Precisión: 0.91 | Hamming: 3
     Eve       --> [0 0 0 0 0 1 1 1 1 1 0 0 0 1 1 1 1 0 1 0 1 1 1 0 0 1 1 0 0 0 1 0]   | Precisión: 0.44 | Hamming: 18
------------------------------------------------------------
[10] Original  --> [0 1 0 1 1 1 0 0 0 1 0 0 0 1 1 1 1 1 1 0 1 1 1 1 0 0 1 1 0 0 1 1]
     Bob       --> [0 1 0 1 1 1 0 0 0 1 0 0 0 0 1 1 1 0 1 0 1 1 1 1 0 0 0 0 0 0 1 0]   | Precisión: 0.84 | Hamming: 5
     Eve       --> [0 0 1 1 1 0 1 0 0 0 1 0 1 0 0 1 1 0 1 0 1 0 0 0 0 0 1 0 0 1 1 0]   | Precisión: 0.50 | Hamming: 16
------------------------------------------------------------

RESULTADOS FINALES

Bob -> Precisión media: 0.8368 | Hamming media: 5.22
Eve -> Precisión media: 0.4283 | Hamming media: 18.29
Bob -> Perfectas: 158 | Eve -> Perfectas: 0

EVALUACIÓN CON CLAVES ERRÓNEAS PARA BOB

[1] Bob (clave errada) --> [0 0 0 0 0 0 0 0 0 0 0 0 0 0 0 0 0 0 0 0 0 0 0 0 0 0 0 0 0 0 0 0] | Precisión: 0.44 | Hamming: 18
------------------------------------------------------------
[2] Bob (clave errada) --> [0 0 0 0 0 0 0 0 0 0 0 0 0 0 0 0 0 0 0 0 0 0 0 0 0 0 0 0 0 0 0 0] | Precisión: 0.44 | Hamming: 18
------------------------------------------------------------
[3] Bob (clave errada) --> [0 0 0 0 0 0 0 0 0 0 0 0 0 0 0 0 0 0 0 0 0 0 0 0 0 0 0 0 0 0 0 0] | Precisión: 0.41 | Hamming: 19
------------------------------------------------------------
[4] Bob (clave errada) --> [0 0 0 0 0 0 0 0 0 0 0 0 0 0 0 0 0 0 0 0 0 0 0 0 0 0 0 0 0 0 0 0] | Precisión: 0.50 | Hamming: 16
------------------------------------------------------------
[5] Bob (clave errada) --> [0 0 0 0 0 0 0 0 0 0 0 0 0 0 0 0 0 0 0 0 0 0 0 0 0 0 0 0 0 0 0 0] | Precisión: 0.59 | Hamming: 13
------------------------------------------------------------
[6] Bob (clave errada) --> [0 0 0 0 0 0 0 0 0 0 0 0 0 0 0 0 0 0 0 0 0 0 0 0 0 0 0 0 0 0 0 0] | Precisión: 0.50 | Hamming: 16
------------------------------------------------------------
[7] Bob (clave errada) --> [0 0 0 0 0 0 0 0 0 0 0 0 0 0 0 0 0 0 0 0 0 0 0 0 0 0 0 0 0 0 0 0] | Precisión: 0.38 | Hamming: 20
------------------------------------------------------------
[8] Bob (clave errada) --> [0 0 0 0 0 0 0 0 0 0 0 0 0 0 0 0 0 0 0 0 0 0 0 0 0 0 0 0 0 0 0 0] | Precisión: 0.50 | Hamming: 16
------------------------------------------------------------
[9] Bob (clave errada) --> [0 0 0 0 0 0 0 0 0 0 0 0 0 0 0 0 0 0 0 0 0 0 0 0 0 0 0 0 0 0 0 0] | Precisión: 0.50 | Hamming: 16
------------------------------------------------------------
[10] Bob (clave errada) --> [0 0 0 0 0 0 0 0 0 0 0 0 0 0 0 0 0 0 0 0 0 0 0 0 0 0 0 0 0 0 0 0] | Precisión: 0.41 | Hamming: 19
------------------------------------------------------------

RESULTADOS CON CLAVES ERRÓNEAS

Bob -> Precisión media (clave errada): 0.5118 | Hamming media: 15.62

Tiempo total de ejecución (s): 12298.19758605957
Tiempo total de ejecución (mins): 204.9699597676595