-- RESULTADOS DEL EXPERIMENTO 2.1. --

Número de mensajes = 10000
Número de bits = 32
Tamaño del batch = 512
Adam optimizer learning rate = 0.001
Epochs totales = 6000
Epochs iniciales = 500
alfa = 1.0
beta = 2.0
gamma = 7.0

EVALUACIÓN CON 500:

[1] Original  --> [0 0 0 0 1 1 0 1 0 1 0 1 0 0 0 1 1 0 1 1 0 0 1 1 0 1 0 1 1 1 0 0]
     Bob       --> [0 0 0 0 1 1 0 1 0 1 0 1 0 0 0 1 0 0 1 1 0 0 1 1 0 1 0 1 1 1 0 0]   | Precisión: 0.97 | Hamming: 1
     Eve       --> [1 0 0 1 1 1 0 0 1 0 0 1 1 0 1 0 1 0 0 1 1 1 0 0 0 0 0 0 0 1 1 0]   | Precisión: 0.47 | Hamming: 17
------------------------------------------------------------
[2] Original  --> [1 0 0 1 1 1 1 0 1 0 0 0 1 0 0 1 0 1 0 1 1 0 1 1 1 1 1 0 0 1 1 1]
     Bob       --> [0 0 0 1 1 1 1 0 1 0 0 0 1 0 0 0 0 0 0 1 1 0 1 1 1 1 1 0 0 1 1 1]   | Precisión: 0.91 | Hamming: 3
     Eve       --> [0 1 1 0 1 0 0 0 1 0 1 0 1 0 1 0 1 1 1 0 0 1 1 0 0 0 0 1 0 0 0 0]   | Precisión: 0.31 | Hamming: 22
------------------------------------------------------------
[3] Original  --> [1 1 1 1 0 0 0 1 0 1 0 1 1 1 1 1 0 1 1 0 1 1 0 1 1 0 0 1 1 0 0 0]
     Bob       --> [0 1 1 1 0 0 0 1 0 1 0 1 1 0 0 1 0 1 1 0 0 1 0 1 1 0 0 1 1 0 0 0]   | Precisión: 0.88 | Hamming: 4
     Eve       --> [1 1 0 0 0 0 1 0 0 1 0 1 0 0 1 0 1 0 1 1 1 1 0 0 0 1 0 0 0 1 1 0]   | Precisión: 0.47 | Hamming: 17
------------------------------------------------------------
[4] Original  --> [0 0 1 0 1 1 1 1 0 0 0 0 1 0 0 0 1 0 1 0 1 0 1 0 0 0 1 1 0 1 0 1]
     Bob       --> [0 0 1 0 1 1 1 1 0 0 0 0 1 0 0 0 1 1 0 0 1 0 1 0 0 0 1 1 0 1 0 1]   | Precisión: 0.94 | Hamming: 2
     Eve       --> [0 1 0 0 0 1 1 0 1 0 1 0 0 1 1 1 0 1 1 1 0 1 1 1 1 0 0 1 0 0 0 0]   | Precisión: 0.38 | Hamming: 20
------------------------------------------------------------
[5] Original  --> [0 1 0 0 0 1 0 0 1 0 1 1 0 1 0 0 0 0 0 1 1 1 1 0 1 1 1 0 1 1 1 0]
     Bob       --> [0 1 0 1 0 1 0 0 1 0 1 0 0 0 0 0 0 0 0 1 1 1 1 0 1 1 0 0 0 1 1 1]   | Precisión: 0.81 | Hamming: 6
     Eve       --> [0 0 1 1 1 0 0 0 1 0 1 0 1 0 1 1 1 1 0 0 1 1 0 0 0 0 1 1 0 0 0 0]   | Precisión: 0.38 | Hamming: 20
------------------------------------------------------------
[6] Original  --> [1 1 0 1 1 0 0 0 1 0 1 0 0 0 0 0 1 0 1 0 1 0 1 0 1 0 0 0 0 1 1 0]
     Bob       --> [1 1 0 1 1 0 0 0 1 0 1 0 0 0 0 0 1 0 1 0 0 0 1 0 1 0 0 0 0 1 1 0]   | Precisión: 0.97 | Hamming: 1
     Eve       --> [0 0 0 0 0 1 1 1 1 0 1 1 1 1 1 1 1 1 0 1 1 1 1 0 0 0 0 1 0 1 1 0]   | Precisión: 0.44 | Hamming: 18
------------------------------------------------------------
[7] Original  --> [1 0 0 1 0 1 1 0 0 1 1 1 1 0 0 0 1 1 0 0 1 0 1 0 0 0 1 1 0 1 0 1]
     Bob       --> [1 0 0 1 0 1 1 1 0 1 0 0 0 0 0 0 1 0 0 0 1 0 1 0 0 0 1 1 0 1 0 1]   | Precisión: 0.84 | Hamming: 5
     Eve       --> [0 1 0 0 0 1 1 0 0 1 1 0 0 1 0 1 0 1 1 1 0 1 1 1 1 0 0 1 0 1 0 0]   | Precisión: 0.50 | Hamming: 16
------------------------------------------------------------
[8] Original  --> [1 1 1 0 1 1 1 1 1 1 1 0 1 0 0 1 1 1 0 1 1 1 0 1 1 0 0 1 0 1 1 1]
     Bob       --> [1 1 1 0 1 0 1 1 1 1 1 0 1 1 0 1 1 1 0 1 1 1 0 0 1 0 0 1 0 1 1 1]   | Precisión: 0.91 | Hamming: 3
     Eve       --> [1 1 0 1 0 1 1 0 0 0 0 1 0 0 1 0 1 1 1 0 0 1 1 0 0 1 0 0 0 1 1 0]   | Precisión: 0.38 | Hamming: 20
------------------------------------------------------------
[9] Original  --> [1 0 1 1 1 1 1 0 0 1 0 0 0 1 0 0 0 0 0 0 1 1 0 1 1 0 0 1 1 1 0 1]
     Bob       --> [1 0 1 1 1 1 0 0 0 1 0 0 0 1 0 0 0 0 0 0 1 0 0 1 1 0 0 1 1 1 0 1]   | Precisión: 0.94 | Hamming: 2
     Eve       --> [1 0 0 0 0 0 1 1 1 0 0 0 1 1 1 1 1 1 0 1 1 1 1 0 0 0 0 0 0 1 1 0]   | Precisión: 0.38 | Hamming: 20
------------------------------------------------------------
[10] Original  --> [1 1 0 0 1 1 0 1 0 0 1 0 0 1 0 0 1 0 0 0 0 1 0 0 0 0 0 1 1 1 1 1]
     Bob       --> [1 0 0 1 0 1 0 1 0 0 1 0 0 1 0 0 1 0 0 0 0 1 0 0 0 0 0 1 1 1 1 0]   | Precisión: 0.88 | Hamming: 4
     Eve       --> [0 0 0 0 0 0 1 0 1 0 1 1 1 0 1 1 1 1 0 1 0 0 0 0 0 1 0 1 0 1 1 0]   | Precisión: 0.44 | Hamming: 18
------------------------------------------------------------

RESULTADOS FINALES

Bob -> Precisión media: 0.8640 | Hamming media: 4.35
Eve -> Precisión media: 0.4224 | Hamming media: 18.48
Bob -> Perfectas: 138 | Eve -> Perfectas: 0

EVALUACIÓN CON CLAVES ERRÓNEAS PARA BOB

[1] Bob (clave errada) --> [0 0 0 0 1 1 0 1 0 1 0 1 0 0 0 1 0 0 1 0 0 0 1 1 0 0 0 1 1 1 0 0] | Precisión: 0.91 | Hamming: 3
------------------------------------------------------------
[2] Bob (clave errada) --> [0 0 0 0 0 0 1 0 1 0 0 0 0 0 0 0 0 0 0 0 0 0 0 0 0 0 0 0 0 0 0 0] | Precisión: 0.47 | Hamming: 17
------------------------------------------------------------
[3] Bob (clave errada) --> [0 1 0 1 0 0 0 0 0 1 0 1 1 0 0 1 0 1 1 0 0 1 0 1 0 0 0 0 1 0 0 0] | Precisión: 0.75 | Hamming: 8
------------------------------------------------------------
[4] Bob (clave errada) --> [0 0 1 0 1 1 1 1 0 1 0 0 1 0 0 0 1 1 0 0 1 0 1 0 0 0 1 1 0 1 0 1] | Precisión: 0.91 | Hamming: 3
------------------------------------------------------------
[5] Bob (clave errada) --> [0 1 0 1 0 1 0 0 1 0 0 0 0 0 0 0 0 0 1 1 1 1 1 0 1 1 1 0 0 1 1 1] | Precisión: 0.78 | Hamming: 7
------------------------------------------------------------
[6] Bob (clave errada) --> [1 1 0 1 1 0 0 0 1 0 1 0 0 0 0 0 1 0 1 0 1 0 1 0 1 0 0 0 0 1 1 0] | Precisión: 1.00 | Hamming: 0
------------------------------------------------------------
[7] Bob (clave errada) --> [0 0 0 1 0 0 0 0 0 1 0 0 0 0 0 0 1 0 0 0 1 0 0 0 0 0 0 0 0 0 0 1] | Precisión: 0.66 | Hamming: 11
------------------------------------------------------------
[8] Bob (clave errada) --> [0 0 1 0 0 0 1 0 1 0 1 0 0 0 0 0 0 0 0 0 1 0 0 0 0 0 0 0 0 0 0 0] | Precisión: 0.44 | Hamming: 18
------------------------------------------------------------
[9] Bob (clave errada) --> [1 0 1 1 1 1 0 0 0 1 0 0 0 1 0 1 1 0 0 0 1 0 0 1 1 0 0 1 1 1 0 1] | Precisión: 0.88 | Hamming: 4
------------------------------------------------------------
[10] Bob (clave errada) --> [1 0 1 1 1 1 0 1 0 0 1 0 0 1 0 0 1 0 0 0 0 1 1 0 0 0 0 1 1 1 1 0] | Precisión: 0.84 | Hamming: 5
------------------------------------------------------------

RESULTADOS CON CLAVES ERRÓNEAS

Bob -> Precisión media (clave errada): 0.7096 | Hamming media: 9.29

EVALUACIÓN CON 1000:

[1] Original  --> [1 0 0 1 0 1 1 0 0 1 1 0 0 0 1 1 1 1 0 1 0 0 1 1 1 0 1 1 0 1 1 1]
     Bob       --> [1 0 0 1 0 1 1 0 1 1 1 1 1 0 1 1 1 1 0 1 0 0 1 1 1 0 1 1 0 0 1 1]   | Precisión: 0.88 | Hamming: 4
     Eve       --> [1 0 1 0 1 1 0 1 1 0 0 0 0 0 0 1 0 0 0 1 0 1 1 0 1 0 0 0 1 1 0 1]   | Precisión: 0.47 | Hamming: 17
------------------------------------------------------------
[2] Original  --> [1 0 0 0 0 0 1 1 1 0 1 1 1 0 1 0 0 1 0 0 1 0 0 0 0 0 1 0 1 1 1 0]
     Bob       --> [1 0 0 1 0 0 1 1 1 0 1 1 1 0 1 0 0 1 0 0 1 0 0 0 1 0 1 0 1 1 1 0]   | Precisión: 0.94 | Hamming: 2
     Eve       --> [1 1 1 0 1 1 0 1 1 1 0 1 1 0 1 1 0 0 0 1 1 0 1 1 1 0 1 1 1 1 0 1]   | Precisión: 0.50 | Hamming: 16
------------------------------------------------------------
[3] Original  --> [0 1 0 0 1 1 0 0 0 0 0 0 0 1 1 0 1 1 1 1 1 1 1 1 0 1 0 0 0 1 1 0]
     Bob       --> [0 1 0 0 1 1 0 0 1 0 0 1 1 1 1 0 1 1 1 1 1 0 1 1 0 1 0 0 0 1 1 0]   | Precisión: 0.88 | Hamming: 4
     Eve       --> [1 0 1 1 1 1 0 1 1 1 0 1 0 0 0 1 0 1 0 1 1 1 1 1 0 0 1 1 1 1 0 1]   | Precisión: 0.41 | Hamming: 19
------------------------------------------------------------
[4] Original  --> [0 0 1 1 0 0 0 0 1 0 0 0 1 0 0 1 1 0 1 0 0 1 1 1 0 1 0 1 1 1 1 0]
     Bob       --> [0 0 1 1 0 0 0 0 1 0 0 0 1 0 0 1 1 0 1 0 0 1 1 1 0 1 0 1 1 1 1 0]   | Precisión: 1.00 | Hamming: 0
     Eve       --> [1 0 0 1 1 1 1 0 1 1 0 1 0 0 1 1 0 0 0 1 0 0 0 0 1 0 0 1 1 1 0 1]   | Precisión: 0.41 | Hamming: 19
------------------------------------------------------------
[5] Original  --> [0 1 1 0 1 0 0 1 0 1 1 1 0 1 1 1 1 0 0 0 1 0 1 0 1 0 1 1 0 0 0 0]
     Bob       --> [0 1 0 0 1 0 1 1 0 1 1 1 0 1 1 1 1 0 0 0 1 0 1 0 1 0 1 1 0 0 0 1]   | Precisión: 0.91 | Hamming: 3
     Eve       --> [1 0 1 0 1 1 0 1 1 0 0 0 0 0 0 1 0 0 1 1 0 1 1 0 0 0 1 0 1 0 0 1]   | Precisión: 0.44 | Hamming: 18
------------------------------------------------------------
[6] Original  --> [1 0 0 1 0 0 0 1 1 1 0 0 0 1 1 0 1 1 1 1 0 0 1 1 1 0 1 1 1 1 0 1]
     Bob       --> [1 0 0 1 0 0 0 1 0 1 0 1 0 1 1 0 1 1 1 1 0 0 1 1 1 0 1 1 1 1 0 1]   | Precisión: 0.94 | Hamming: 2
     Eve       --> [1 0 0 0 0 1 1 0 1 1 0 1 0 0 1 1 0 0 0 1 1 1 1 0 0 0 0 1 0 1 0 1]   | Precisión: 0.50 | Hamming: 16
------------------------------------------------------------
[7] Original  --> [1 0 0 1 0 0 1 1 0 0 1 0 0 0 1 1 1 1 1 1 0 0 0 0 0 0 1 0 0 1 1 0]
     Bob       --> [1 0 1 1 0 0 1 1 0 0 1 0 1 0 1 0 1 0 1 1 0 0 0 0 0 0 1 0 0 1 1 0]   | Precisión: 0.88 | Hamming: 4
     Eve       --> [1 0 0 0 1 0 1 0 1 1 0 1 0 0 1 1 0 0 0 1 1 0 1 1 0 0 0 1 1 1 0 1]   | Precisión: 0.44 | Hamming: 18
------------------------------------------------------------
[8] Original  --> [0 0 1 0 0 1 0 0 0 1 0 0 1 1 0 0 0 1 0 1 1 1 1 0 0 0 1 0 1 0 0 0]
     Bob       --> [1 0 1 0 0 1 0 0 0 1 0 0 1 1 0 0 0 1 0 1 1 0 1 0 0 0 1 0 1 0 0 0]   | Precisión: 0.94 | Hamming: 2
     Eve       --> [1 0 1 0 1 1 0 1 1 0 0 1 0 0 0 1 0 0 0 1 1 0 1 1 0 0 0 1 1 1 0 1]   | Precisión: 0.50 | Hamming: 16
------------------------------------------------------------
[9] Original  --> [1 0 1 0 1 0 0 1 0 0 0 1 0 0 0 0 0 1 0 1 0 1 1 0 0 1 0 1 0 0 1 0]
     Bob       --> [1 0 1 0 1 0 0 1 0 0 0 1 0 0 0 0 0 1 0 1 0 1 1 0 0 1 0 1 0 0 1 0]   | Precisión: 1.00 | Hamming: 0
     Eve       --> [1 0 1 0 1 1 1 1 1 1 0 1 0 0 0 1 1 1 0 1 1 0 1 1 1 0 0 1 1 1 0 1]   | Precisión: 0.53 | Hamming: 15
------------------------------------------------------------
[10] Original  --> [0 1 0 1 1 0 0 1 1 1 0 0 1 0 1 1 0 1 0 1 1 1 1 1 0 1 0 0 0 1 0 1]
     Bob       --> [1 0 0 1 1 0 0 1 1 1 0 0 0 0 1 1 0 1 0 1 1 1 1 1 0 1 0 0 0 1 0 0]   | Precisión: 0.88 | Hamming: 4
     Eve       --> [1 0 1 0 1 1 0 1 1 0 0 1 1 0 1 1 0 0 0 1 1 1 1 0 1 0 1 1 1 1 0 1]   | Precisión: 0.56 | Hamming: 14
------------------------------------------------------------

RESULTADOS FINALES

Bob -> Precisión media: 0.9168 | Hamming media: 2.66
Eve -> Precisión media: 0.4556 | Hamming media: 17.42
Bob -> Perfectas: 924 | Eve -> Perfectas: 0

EVALUACIÓN CON CLAVES ERRÓNEAS PARA BOB

[1] Bob (clave errada) --> [1 0 0 1 0 1 1 0 0 1 0 0 1 0 1 1 1 1 0 1 0 0 1 1 1 0 1 1 0 0 1 1] | Precisión: 0.91 | Hamming: 3
------------------------------------------------------------
[2] Bob (clave errada) --> [0 0 0 0 0 0 1 0 1 0 0 0 1 0 0 0 0 0 0 0 0 0 0 0 0 0 1 0 0 0 1 0] | Precisión: 0.72 | Hamming: 9
------------------------------------------------------------
[3] Bob (clave errada) --> [0 0 0 0 1 0 0 0 0 0 0 0 0 1 0 0 0 0 0 0 0 0 0 0 0 1 0 0 0 0 0 0] | Precisión: 0.59 | Hamming: 13
------------------------------------------------------------
[4] Bob (clave errada) --> [0 0 0 0 0 0 0 0 0 0 0 0 0 0 0 0 0 0 0 0 0 0 0 0 0 0 0 0 0 0 0 0] | Precisión: 0.53 | Hamming: 15
------------------------------------------------------------
[5] Bob (clave errada) --> [0 0 0 0 0 0 0 0 0 0 0 0 0 0 0 0 0 0 0 0 0 0 0 0 0 0 0 0 0 0 0 0] | Precisión: 0.50 | Hamming: 16
------------------------------------------------------------
[6] Bob (clave errada) --> [0 0 0 0 0 0 0 0 0 0 0 0 0 0 0 0 0 0 0 0 0 0 0 0 0 0 0 0 0 0 0 0] | Precisión: 0.41 | Hamming: 19
------------------------------------------------------------
[7] Bob (clave errada) --> [0 0 0 0 0 0 0 0 0 0 0 0 0 0 0 0 0 0 0 0 0 0 0 0 0 0 0 0 0 0 0 0] | Precisión: 0.56 | Hamming: 14
------------------------------------------------------------
[8] Bob (clave errada) --> [0 0 0 0 0 0 0 0 0 0 0 0 0 0 0 0 0 0 0 0 0 0 0 0 0 0 0 0 0 0 0 0] | Precisión: 0.62 | Hamming: 12
------------------------------------------------------------
[9] Bob (clave errada) --> [0 0 0 0 0 0 0 0 0 0 0 0 0 0 0 0 0 0 0 0 0 0 0 0 0 0 0 0 0 0 0 0] | Precisión: 0.62 | Hamming: 12
------------------------------------------------------------
[10] Bob (clave errada) --> [0 0 0 0 1 0 0 0 0 0 0 0 0 0 0 0 0 0 0 0 0 0 1 0 0 1 0 0 0 0 0 0] | Precisión: 0.53 | Hamming: 15
------------------------------------------------------------

RESULTADOS CON CLAVES ERRÓNEAS

Bob -> Precisión media (clave errada): 0.5549 | Hamming media: 14.24

EVALUACIÓN CON 1500:

[1] Original  --> [0 0 1 0 1 1 0 0 0 0 1 0 0 1 1 1 1 0 0 1 1 1 0 1 0 0 1 1 0 1 0 0]
     Bob       --> [1 0 0 0 1 1 0 1 0 0 1 0 0 1 1 1 1 0 0 1 1 1 0 1 0 0 1 1 0 1 0 0]   | Precisión: 0.91 | Hamming: 3
     Eve       --> [0 0 1 1 0 1 1 0 1 1 0 1 1 0 0 0 0 1 1 0 0 0 1 1 0 1 1 1 1 0 0 0]   | Precisión: 0.34 | Hamming: 21
------------------------------------------------------------
[2] Original  --> [0 1 1 0 0 0 1 0 0 0 1 1 0 0 0 0 0 1 0 1 0 0 0 0 1 1 1 0 1 0 1 0]
     Bob       --> [0 1 1 0 0 0 1 0 0 0 1 1 0 0 0 0 0 1 0 1 0 0 0 0 1 0 1 0 1 0 0 0]   | Precisión: 0.94 | Hamming: 2
     Eve       --> [1 0 1 0 1 0 1 1 1 1 0 0 1 1 1 1 0 1 0 0 1 0 0 1 0 0 1 1 1 1 1 1]   | Precisión: 0.38 | Hamming: 20
------------------------------------------------------------
[3] Original  --> [1 1 0 1 0 0 1 0 0 0 0 0 1 0 0 0 1 1 1 1 1 0 0 1 1 0 1 1 0 0 1 0]
     Bob       --> [1 1 0 1 0 0 1 0 0 0 0 0 1 0 0 1 1 1 1 1 1 0 0 1 1 0 1 1 0 0 1 0]   | Precisión: 0.97 | Hamming: 1
     Eve       --> [1 0 1 0 1 0 0 1 1 1 0 1 0 1 1 0 0 1 1 1 1 0 1 1 0 1 1 1 0 1 0 1]   | Precisión: 0.41 | Hamming: 19
------------------------------------------------------------
[4] Original  --> [1 1 1 1 1 1 0 0 0 0 0 0 0 0 0 0 1 1 0 1 0 1 0 0 1 0 1 1 1 0 1 0]
     Bob       --> [1 1 1 1 1 1 0 0 0 0 0 0 0 0 0 0 1 1 0 1 0 1 0 0 1 0 1 1 1 0 1 0]   | Precisión: 1.00 | Hamming: 0
     Eve       --> [0 0 1 1 1 0 1 1 1 0 0 0 1 0 1 0 0 1 1 0 1 0 1 1 0 1 1 1 1 1 0 1]   | Precisión: 0.38 | Hamming: 20
------------------------------------------------------------
[5] Original  --> [1 0 0 1 0 1 1 1 0 1 0 1 1 0 0 0 0 1 0 0 1 0 0 1 0 1 1 0 1 0 0 1]
     Bob       --> [0 0 0 1 0 1 1 0 0 1 0 1 1 0 0 0 0 1 0 0 1 0 0 1 0 1 1 0 1 0 0 1]   | Precisión: 0.94 | Hamming: 2
     Eve       --> [1 1 1 0 1 0 1 1 0 0 0 1 1 1 1 0 0 1 1 1 1 0 1 1 0 1 1 0 1 1 1 1]   | Precisión: 0.59 | Hamming: 13
------------------------------------------------------------
[6] Original  --> [0 0 1 0 0 1 0 0 1 0 0 1 0 0 0 1 0 0 1 1 0 1 1 0 0 1 0 0 0 1 1 0]
     Bob       --> [0 0 1 0 0 1 0 0 1 0 0 1 0 0 0 1 0 0 1 1 0 1 1 0 0 1 0 0 0 1 1 0]   | Precisión: 1.00 | Hamming: 0
     Eve       --> [0 1 1 1 1 0 1 1 1 0 1 1 1 1 1 1 1 1 1 0 1 0 1 1 0 0 1 1 1 0 1 1]   | Precisión: 0.31 | Hamming: 22
------------------------------------------------------------
[7] Original  --> [1 1 0 1 0 0 1 0 0 0 1 0 0 0 0 0 0 1 0 1 1 0 0 1 1 0 0 0 1 1 0 1]
     Bob       --> [1 1 0 1 0 0 1 0 0 0 1 0 0 0 0 0 1 1 0 1 1 0 0 1 1 0 0 0 1 1 0 1]   | Precisión: 0.97 | Hamming: 1
     Eve       --> [0 0 1 1 0 1 0 1 1 1 0 0 1 1 1 0 0 1 1 1 1 1 1 1 0 0 1 1 0 1 0 1]   | Precisión: 0.41 | Hamming: 19
------------------------------------------------------------
[8] Original  --> [0 1 0 0 0 0 1 0 0 0 1 0 0 1 0 1 0 0 1 0 1 0 0 0 0 0 1 0 0 0 1 0]
     Bob       --> [0 0 0 0 0 0 1 0 0 0 1 0 0 1 0 1 0 0 1 0 0 0 0 0 0 0 1 0 0 0 1 0]   | Precisión: 0.94 | Hamming: 2
     Eve       --> [1 0 1 1 0 1 1 1 1 1 0 1 1 0 1 0 0 1 0 0 0 0 1 1 0 1 0 1 0 1 0 1]   | Precisión: 0.22 | Hamming: 25
------------------------------------------------------------
[9] Original  --> [0 1 1 0 0 0 0 0 1 1 1 0 1 0 1 0 0 0 0 0 1 1 0 1 1 0 0 1 1 0 0 0]
     Bob       --> [0 1 0 0 0 0 0 0 1 0 1 0 1 0 1 0 0 0 0 0 1 1 0 1 1 0 0 0 1 0 0 0]   | Precisión: 0.91 | Hamming: 3
     Eve       --> [1 0 1 1 0 1 0 1 1 0 0 1 1 1 1 0 0 1 1 1 1 1 1 1 0 1 1 0 1 1 0 1]   | Precisión: 0.41 | Hamming: 19
------------------------------------------------------------
[10] Original  --> [1 0 1 0 0 1 0 1 1 0 0 0 1 1 1 1 0 0 1 0 1 1 0 1 1 1 0 0 1 1 0 1]
     Bob       --> [1 0 1 0 0 1 0 1 1 0 0 0 1 1 1 0 0 0 1 1 1 1 0 1 1 1 0 0 1 1 0 1]   | Precisión: 0.94 | Hamming: 2
     Eve       --> [0 1 1 1 0 1 1 1 0 0 1 1 1 1 1 0 0 1 1 1 1 0 1 1 0 1 1 1 1 0 1 0]   | Precisión: 0.44 | Hamming: 18
------------------------------------------------------------

RESULTADOS FINALES

Bob -> Precisión media: 0.9309 | Hamming media: 2.21
Eve -> Precisión media: 0.4108 | Hamming media: 18.86
Bob -> Perfectas: 1439 | Eve -> Perfectas: 0

EVALUACIÓN CON CLAVES ERRÓNEAS PARA BOB

[1] Bob (clave errada) --> [0 0 0 0 0 0 0 0 0 0 0 0 0 0 0 0 0 0 0 0 0 0 0 0 0 0 0 0 0 0 0 0] | Precisión: 0.53 | Hamming: 15
------------------------------------------------------------
[2] Bob (clave errada) --> [0 0 0 0 0 0 0 0 0 0 0 0 0 0 0 0 0 0 0 0 0 0 0 0 0 0 0 0 0 0 0 0] | Precisión: 0.62 | Hamming: 12
------------------------------------------------------------
[3] Bob (clave errada) --> [0 0 0 0 0 0 0 0 0 0 0 0 0 0 0 0 0 0 0 0 0 0 0 0 0 0 0 0 0 0 0 0] | Precisión: 0.53 | Hamming: 15
------------------------------------------------------------
[4] Bob (clave errada) --> [1 1 1 1 1 1 0 0 0 0 0 0 0 0 0 0 1 1 0 1 0 0 0 0 1 0 1 0 0 0 1 0] | Precisión: 0.91 | Hamming: 3
------------------------------------------------------------
[5] Bob (clave errada) --> [0 0 0 0 0 0 0 0 0 0 0 0 0 0 0 0 0 0 0 0 0 0 0 0 0 0 0 0 0 0 0 0] | Precisión: 0.53 | Hamming: 15
------------------------------------------------------------
[6] Bob (clave errada) --> [0 0 0 0 0 0 0 0 0 0 0 0 0 0 0 0 0 0 0 0 0 0 0 0 0 0 0 0 0 0 0 0] | Precisión: 0.62 | Hamming: 12
------------------------------------------------------------
[7] Bob (clave errada) --> [0 0 0 0 0 0 0 0 0 0 0 0 0 0 0 0 0 0 0 0 0 0 0 0 0 0 0 0 0 0 0 0] | Precisión: 0.59 | Hamming: 13
------------------------------------------------------------
[8] Bob (clave errada) --> [0 0 0 0 0 0 0 0 0 0 0 0 0 0 0 0 0 0 0 0 0 0 0 0 0 0 0 0 0 0 0 0] | Precisión: 0.72 | Hamming: 9
------------------------------------------------------------
[9] Bob (clave errada) --> [0 0 0 0 0 0 0 0 0 0 0 0 0 0 0 0 0 0 0 0 0 0 0 0 0 0 0 0 0 0 0 0] | Precisión: 0.59 | Hamming: 13
------------------------------------------------------------
[10] Bob (clave errada) --> [0 0 0 0 0 0 0 0 0 0 0 0 0 0 0 0 0 0 0 0 0 0 0 0 0 0 0 0 0 0 0 0] | Precisión: 0.44 | Hamming: 18
------------------------------------------------------------

RESULTADOS CON CLAVES ERRÓNEAS

Bob -> Precisión media (clave errada): 0.5159 | Hamming media: 15.49

EVALUACIÓN CON 2000:

[1] Original  --> [0 1 0 1 0 1 1 0 1 0 1 0 0 0 0 1 0 1 0 1 0 0 0 0 1 1 0 0 0 1 0 1]
     Bob       --> [0 1 0 1 0 1 0 0 1 0 1 0 0 0 0 1 0 1 0 1 0 0 0 0 1 1 0 0 0 1 0 1]   | Precisión: 0.97 | Hamming: 1
     Eve       --> [0 1 1 0 1 1 1 0 0 0 1 1 0 1 1 0 0 1 1 0 0 1 1 0 0 1 0 1 0 1 1 1]   | Precisión: 0.53 | Hamming: 15
------------------------------------------------------------
[2] Original  --> [1 1 0 0 0 0 0 0 0 1 0 1 1 0 0 1 1 0 0 0 1 1 1 1 1 1 1 1 1 0 0 0]
     Bob       --> [1 1 0 0 0 0 0 0 0 1 0 1 1 0 0 1 1 0 1 0 0 1 1 1 1 0 1 1 1 0 0 0]   | Precisión: 0.91 | Hamming: 3
     Eve       --> [1 0 1 0 1 1 1 0 0 0 0 0 0 0 0 0 0 0 1 0 0 1 1 0 1 0 1 0 0 0 1 1]   | Precisión: 0.44 | Hamming: 18
------------------------------------------------------------
[3] Original  --> [0 0 0 1 1 0 1 0 0 0 1 0 1 1 0 0 1 1 0 1 1 0 0 1 1 1 0 1 0 0 0 1]
     Bob       --> [0 0 0 1 0 0 1 0 0 0 1 0 1 1 0 0 1 1 0 1 1 0 0 1 1 1 0 1 0 0 0 1]   | Precisión: 0.97 | Hamming: 1
     Eve       --> [0 0 1 0 1 1 1 0 0 0 1 0 0 0 0 0 0 1 1 0 0 1 1 0 0 1 1 0 0 1 1 1]   | Precisión: 0.47 | Hamming: 17
------------------------------------------------------------
[4] Original  --> [0 1 0 0 1 0 1 0 1 1 1 0 0 0 1 0 0 1 1 0 0 1 0 1 0 1 0 1 1 0 0 1]
     Bob       --> [0 1 0 0 0 0 1 0 1 1 1 0 0 0 1 0 0 1 0 0 0 1 0 1 0 1 0 1 1 0 0 1]   | Precisión: 0.94 | Hamming: 2
     Eve       --> [1 0 0 1 1 1 1 0 0 0 0 0 1 0 0 0 0 1 1 0 0 1 1 0 0 0 1 0 1 0 1 1]   | Precisión: 0.53 | Hamming: 15
------------------------------------------------------------
[5] Original  --> [1 0 1 0 1 1 0 0 0 1 0 0 1 0 0 1 1 1 1 1 1 1 1 0 0 0 0 1 0 1 1 1]
     Bob       --> [1 0 1 0 1 1 0 0 1 1 0 0 0 1 0 1 1 1 1 1 1 1 1 0 1 0 0 1 0 1 1 1]   | Precisión: 0.88 | Hamming: 4
     Eve       --> [0 0 1 1 1 1 1 0 0 0 1 1 0 0 1 0 0 1 1 0 0 0 1 0 0 1 1 0 0 1 1 0]   | Precisión: 0.47 | Hamming: 17
------------------------------------------------------------
[6] Original  --> [1 1 1 1 1 1 0 0 0 0 1 1 0 1 0 1 1 1 0 1 0 1 1 0 0 1 1 0 0 0 0 0]
     Bob       --> [1 1 1 1 0 1 0 0 0 0 1 1 0 1 0 1 1 1 1 1 0 1 1 0 0 1 0 0 0 0 0 0]   | Precisión: 0.91 | Hamming: 3
     Eve       --> [1 0 1 0 1 1 1 0 0 0 1 1 1 0 0 1 0 1 1 0 0 1 1 0 0 1 0 1 0 1 1 1]   | Precisión: 0.59 | Hamming: 13
------------------------------------------------------------
[7] Original  --> [0 1 0 1 1 1 0 1 1 0 1 1 1 1 0 0 1 1 1 0 1 0 1 0 0 1 0 1 1 1 0 1]
     Bob       --> [0 1 0 1 1 1 0 1 1 0 1 0 1 1 0 0 1 1 1 0 1 0 1 0 0 1 0 1 0 0 0 1]   | Precisión: 0.91 | Hamming: 3
     Eve       --> [0 0 1 1 1 1 1 0 0 1 1 0 0 0 0 0 0 0 1 0 0 1 1 0 0 1 0 0 0 1 1 0]   | Precisión: 0.47 | Hamming: 17
------------------------------------------------------------
[8] Original  --> [1 0 0 1 1 1 1 1 1 0 1 0 1 0 1 1 1 0 0 0 1 0 1 1 1 0 0 0 0 0 1 1]
     Bob       --> [0 0 0 1 1 1 1 1 1 0 0 0 1 0 1 1 1 0 1 0 1 0 1 1 1 0 0 0 0 0 1 1]   | Precisión: 0.91 | Hamming: 3
     Eve       --> [0 1 1 0 1 1 1 1 0 0 0 1 0 1 1 0 0 1 0 0 0 1 1 1 0 1 1 0 1 0 1 1]   | Precisión: 0.44 | Hamming: 18
------------------------------------------------------------
[9] Original  --> [0 1 0 0 1 0 1 0 1 0 1 1 1 1 1 1 1 1 0 0 0 1 1 1 0 0 1 0 1 0 0 0]
     Bob       --> [0 1 0 0 0 0 1 0 1 0 1 1 1 1 1 1 1 1 1 0 0 1 1 1 0 0 1 0 1 0 0 0]   | Precisión: 0.94 | Hamming: 2
     Eve       --> [1 0 1 0 1 1 0 0 0 0 1 0 0 0 0 0 0 1 1 0 0 0 1 0 1 0 1 0 0 0 0 1]   | Precisión: 0.44 | Hamming: 18
------------------------------------------------------------
[10] Original  --> [1 0 1 0 0 1 0 1 0 1 1 0 0 0 1 1 0 0 1 0 1 1 0 0 0 1 1 1 1 1 0 1]
     Bob       --> [1 0 1 0 0 1 0 1 0 1 1 0 0 0 1 1 0 0 1 0 1 1 0 0 0 1 1 1 1 1 0 1]   | Precisión: 1.00 | Hamming: 0
     Eve       --> [0 0 1 0 1 1 1 0 0 0 1 1 0 0 0 0 1 0 1 0 0 1 1 0 0 0 1 0 0 1 1 0]   | Precisión: 0.50 | Hamming: 16
------------------------------------------------------------

RESULTADOS FINALES

Bob -> Precisión media: 0.9437 | Hamming media: 1.80
Eve -> Precisión media: 0.4465 | Hamming media: 17.71
Bob -> Perfectas: 1753 | Eve -> Perfectas: 0

EVALUACIÓN CON CLAVES ERRÓNEAS PARA BOB

[1] Bob (clave errada) --> [0 0 0 0 0 0 0 0 0 0 0 0 0 0 0 0 0 0 0 0 0 0 0 0 0 0 0 0 0 0 0 0] | Precisión: 0.59 | Hamming: 13
------------------------------------------------------------
[2] Bob (clave errada) --> [0 0 0 0 0 0 0 0 0 0 0 0 0 0 0 0 0 0 0 0 0 0 0 0 0 0 0 0 0 0 0 0] | Precisión: 0.50 | Hamming: 16
------------------------------------------------------------
[3] Bob (clave errada) --> [0 0 0 0 0 0 0 0 0 0 0 0 0 0 0 0 0 0 0 0 0 0 0 0 0 0 0 0 0 0 0 0] | Precisión: 0.53 | Hamming: 15
------------------------------------------------------------
[4] Bob (clave errada) --> [0 0 0 0 0 0 0 0 0 0 0 0 0 0 0 0 0 0 0 0 0 0 0 0 0 0 0 0 0 0 0 0] | Precisión: 0.53 | Hamming: 15
------------------------------------------------------------
[5] Bob (clave errada) --> [0 0 0 0 0 0 0 0 0 0 0 0 0 0 0 0 0 0 0 0 0 0 0 0 0 0 0 0 0 0 0 0] | Precisión: 0.44 | Hamming: 18
------------------------------------------------------------
[6] Bob (clave errada) --> [0 0 0 0 0 0 0 0 0 0 0 0 0 0 0 0 0 0 0 0 0 0 0 0 0 0 0 0 0 0 0 0] | Precisión: 0.47 | Hamming: 17
------------------------------------------------------------
[7] Bob (clave errada) --> [0 0 0 0 0 0 0 0 0 0 0 0 0 0 0 0 0 0 0 0 0 0 0 0 0 0 0 0 0 0 0 0] | Precisión: 0.38 | Hamming: 20
------------------------------------------------------------
[8] Bob (clave errada) --> [0 0 0 0 0 0 0 0 0 0 0 0 0 0 0 0 0 0 0 0 0 0 0 0 0 0 0 0 0 0 0 0] | Precisión: 0.44 | Hamming: 18
------------------------------------------------------------
[9] Bob (clave errada) --> [0 0 0 0 0 0 0 0 0 0 0 0 0 0 0 0 0 0 0 0 0 0 0 0 0 0 0 0 0 0 0 0] | Precisión: 0.47 | Hamming: 17
------------------------------------------------------------
[10] Bob (clave errada) --> [0 0 1 0 0 0 0 0 0 0 0 0 0 0 0 0 0 0 0 0 0 0 0 0 0 0 0 0 0 0 0 0] | Precisión: 0.50 | Hamming: 16
------------------------------------------------------------

RESULTADOS CON CLAVES ERRÓNEAS

Bob -> Precisión media (clave errada): 0.5143 | Hamming media: 15.54

EVALUACIÓN CON 2500:

[1] Original  --> [1 1 0 1 0 0 1 0 1 0 1 1 0 1 1 0 0 0 1 1 1 0 0 1 0 0 0 1 0 0 0 1]
     Bob       --> [0 1 0 0 0 0 0 0 1 0 0 1 0 1 1 0 0 0 0 0 0 0 0 0 0 0 0 0 0 0 0 1]   | Precisión: 0.72 | Hamming: 9
     Eve       --> [0 1 1 1 0 0 1 0 0 0 1 0 1 0 0 1 1 1 1 1 0 1 1 1 1 1 0 0 1 0 1 1]   | Precisión: 0.44 | Hamming: 18
------------------------------------------------------------
[2] Original  --> [1 1 0 0 1 1 1 1 0 0 1 1 0 0 1 0 0 1 1 1 1 1 1 0 1 0 1 0 0 0 1 1]
     Bob       --> [0 0 0 0 0 0 0 0 0 0 0 0 0 0 0 0 0 0 0 0 0 0 0 0 0 0 0 0 0 0 0 0]   | Precisión: 0.41 | Hamming: 19
     Eve       --> [0 0 1 1 1 1 1 0 0 1 1 1 1 0 0 1 0 1 0 0 0 0 1 1 1 1 0 0 1 0 1 0]   | Precisión: 0.44 | Hamming: 18
------------------------------------------------------------
[3] Original  --> [0 1 0 0 1 1 1 0 1 1 0 0 0 0 0 0 0 0 1 1 0 1 0 0 1 0 0 0 0 0 0 1]
     Bob       --> [0 1 0 0 0 0 0 0 0 0 0 0 0 0 0 0 0 0 0 0 0 0 0 0 0 0 0 0 0 0 0 0]   | Precisión: 0.69 | Hamming: 10
     Eve       --> [1 0 1 1 0 0 1 1 0 0 1 1 1 0 0 1 0 1 0 0 0 0 1 1 1 1 0 0 1 0 1 1]   | Precisión: 0.31 | Hamming: 22
------------------------------------------------------------
[4] Original  --> [1 1 0 1 0 1 0 0 1 1 0 0 0 0 1 0 1 0 0 0 1 0 1 0 0 1 0 0 0 1 1 1]
     Bob       --> [0 1 0 0 0 0 0 0 0 0 0 0 0 0 1 0 1 0 0 0 1 0 0 0 0 1 0 0 0 0 0 1]   | Precisión: 0.75 | Hamming: 8
     Eve       --> [0 1 1 1 1 0 1 0 0 0 1 1 1 1 1 1 0 1 0 1 0 1 1 1 1 1 0 0 1 0 1 0]   | Precisión: 0.31 | Hamming: 22
------------------------------------------------------------
[5] Original  --> [1 1 1 0 1 0 0 0 0 1 0 1 0 1 0 1 1 1 0 0 0 0 0 1 1 1 0 0 0 0 0 0]
     Bob       --> [0 0 1 0 0 0 0 0 0 1 0 0 0 0 0 0 0 1 0 0 0 0 0 0 0 0 0 0 0 0 0 0]   | Precisión: 0.69 | Hamming: 10
     Eve       --> [0 1 1 1 1 0 1 0 0 1 1 1 1 1 0 1 0 1 0 0 0 1 1 0 1 1 0 0 1 0 1 0]   | Precisión: 0.66 | Hamming: 11
------------------------------------------------------------
[6] Original  --> [1 0 0 1 0 1 0 0 1 1 1 1 1 1 0 1 0 0 0 1 1 0 1 1 1 0 1 1 1 0 1 0]
     Bob       --> [0 0 0 1 0 1 0 0 0 0 0 1 1 0 0 1 0 0 0 0 1 0 0 1 1 0 0 0 0 0 0 0]   | Precisión: 0.66 | Hamming: 11
     Eve       --> [1 1 0 1 1 1 1 0 0 0 1 1 1 0 0 1 1 1 1 0 0 0 0 1 1 1 1 1 1 1 1 1]   | Precisión: 0.53 | Hamming: 15
------------------------------------------------------------
[7] Original  --> [1 1 0 1 0 0 0 0 0 0 1 1 1 1 1 1 1 1 1 1 1 0 1 1 0 1 0 1 1 0 0 1]
     Bob       --> [0 0 0 1 0 0 0 0 0 0 0 0 0 0 1 0 0 1 1 0 1 0 1 0 0 1 0 0 1 0 0 0]   | Precisión: 0.62 | Hamming: 12
     Eve       --> [0 0 1 0 1 1 1 0 0 0 1 0 1 0 0 1 1 1 0 0 0 1 1 1 1 1 0 0 1 1 1 0]   | Precisión: 0.41 | Hamming: 19
------------------------------------------------------------
[8] Original  --> [0 0 1 0 1 1 0 1 0 1 0 0 0 0 0 0 0 0 1 1 1 1 0 1 0 0 1 0 0 0 1 1]
     Bob       --> [0 0 0 0 0 1 0 1 0 1 0 0 0 0 0 0 0 0 0 0 0 0 0 0 0 0 0 0 0 0 0 0]   | Precisión: 0.69 | Hamming: 10
     Eve       --> [1 0 1 1 1 0 1 0 0 0 1 1 1 0 1 1 0 1 1 0 0 0 1 1 1 1 0 0 1 0 1 1]   | Precisión: 0.38 | Hamming: 20
------------------------------------------------------------
[9] Original  --> [1 1 1 1 1 1 1 0 1 0 1 0 1 1 1 1 0 0 0 0 1 0 1 1 0 0 0 0 1 1 0 0]
     Bob       --> [0 0 1 0 0 0 0 0 0 0 0 0 1 0 0 1 0 0 0 0 0 0 0 0 0 0 0 0 0 0 0 0]   | Precisión: 0.53 | Hamming: 15
     Eve       --> [0 1 0 0 1 0 1 0 0 0 1 1 0 0 0 1 0 1 1 0 0 1 1 1 1 1 0 0 1 1 1 0]   | Precisión: 0.50 | Hamming: 16
------------------------------------------------------------
[10] Original  --> [0 1 1 1 1 0 0 0 1 1 0 1 0 0 0 0 0 0 0 1 0 0 0 0 0 0 0 1 0 1 0 0]
     Bob       --> [0 1 1 0 0 0 0 0 1 1 0 0 0 0 0 0 0 0 0 0 0 0 0 0 0 0 0 0 0 1 0 0]   | Precisión: 0.84 | Hamming: 5
     Eve       --> [1 0 0 0 1 0 1 0 0 1 1 1 1 1 0 1 1 1 0 1 0 0 1 1 0 1 0 0 1 0 1 1]   | Precisión: 0.38 | Hamming: 20
------------------------------------------------------------

RESULTADOS FINALES

Bob -> Precisión media: 0.6074 | Hamming media: 12.56
Eve -> Precisión media: 0.4542 | Hamming media: 17.47
Bob -> Perfectas: 2 | Eve -> Perfectas: 0

EVALUACIÓN CON CLAVES ERRÓNEAS PARA BOB

[1] Bob (clave errada) --> [0 0 0 0 0 0 0 0 0 0 0 0 0 0 0 0 0 0 0 0 0 0 0 0 0 0 0 0 0 0 0 0] | Precisión: 0.53 | Hamming: 15
------------------------------------------------------------
[2] Bob (clave errada) --> [0 0 0 0 0 0 0 0 0 0 0 0 0 0 0 0 0 0 0 0 0 0 0 0 0 0 0 0 0 0 0 0] | Precisión: 0.41 | Hamming: 19
------------------------------------------------------------
[3] Bob (clave errada) --> [0 0 0 0 0 0 0 0 0 0 0 0 0 0 0 0 0 0 0 0 0 0 0 0 0 0 0 0 0 0 0 0] | Precisión: 0.66 | Hamming: 11
------------------------------------------------------------
[4] Bob (clave errada) --> [0 0 0 0 0 0 0 0 0 0 0 0 0 0 0 0 0 0 0 0 0 0 0 0 0 0 0 0 0 0 0 0] | Precisión: 0.56 | Hamming: 14
------------------------------------------------------------
[5] Bob (clave errada) --> [0 0 0 0 0 0 0 0 0 0 0 0 0 0 0 0 0 0 0 0 0 0 0 0 0 0 0 0 0 0 0 0] | Precisión: 0.59 | Hamming: 13
------------------------------------------------------------
[6] Bob (clave errada) --> [0 0 0 1 0 1 0 0 1 0 1 1 1 1 0 1 0 0 0 0 1 1 1 1 1 0 0 1 1 0 0 0] | Precisión: 0.81 | Hamming: 6
------------------------------------------------------------
[7] Bob (clave errada) --> [0 0 0 0 0 0 0 0 0 0 0 0 0 0 0 0 0 0 0 0 0 0 0 0 0 0 0 0 0 0 0 0] | Precisión: 0.38 | Hamming: 20
------------------------------------------------------------
[8] Bob (clave errada) --> [0 0 0 0 0 0 0 0 0 0 0 0 0 0 0 0 0 0 0 0 0 0 0 0 0 0 0 0 0 0 0 0] | Precisión: 0.59 | Hamming: 13
------------------------------------------------------------
[9] Bob (clave errada) --> [0 0 0 0 0 0 0 0 0 0 0 0 0 0 0 0 0 0 0 0 0 0 0 0 0 0 0 0 0 0 0 0] | Precisión: 0.44 | Hamming: 18
------------------------------------------------------------
[10] Bob (clave errada) --> [0 0 0 0 0 0 0 0 0 0 0 0 0 0 0 0 0 0 0 0 0 0 0 0 0 0 0 0 0 0 0 0] | Precisión: 0.69 | Hamming: 10
------------------------------------------------------------

RESULTADOS CON CLAVES ERRÓNEAS

Bob -> Precisión media (clave errada): 0.5298 | Hamming media: 15.05

EVALUACIÓN CON 3000:

[1] Original  --> [0 0 0 1 1 0 1 0 1 1 0 0 0 1 1 0 1 0 0 0 0 1 1 1 0 0 0 1 0 1 0 0]
     Bob       --> [1 1 0 1 1 0 1 0 1 0 0 0 0 1 1 0 1 0 0 0 0 1 1 0 0 0 0 1 0 1 0 0]   | Precisión: 0.88 | Hamming: 4
     Eve       --> [0 1 1 1 0 1 1 0 1 0 1 1 0 0 0 1 0 0 0 0 1 0 0 0 0 0 1 1 0 0 1 1]   | Precisión: 0.41 | Hamming: 19
------------------------------------------------------------
[2] Original  --> [0 0 0 0 1 0 1 0 1 0 0 0 0 1 1 0 1 1 1 1 1 0 0 0 0 0 0 0 1 0 1 1]
     Bob       --> [0 0 1 0 1 0 1 0 1 0 0 0 0 1 1 0 1 1 1 1 1 0 0 0 0 0 0 0 1 0 1 1]   | Precisión: 0.97 | Hamming: 1
     Eve       --> [1 1 1 1 1 0 0 0 0 0 0 0 1 0 0 1 0 0 0 1 0 0 0 1 1 0 0 0 0 0 1 0]   | Precisión: 0.44 | Hamming: 18
------------------------------------------------------------
[3] Original  --> [0 0 0 1 0 0 0 0 0 0 0 0 1 1 1 1 1 1 0 1 0 0 0 0 0 0 0 1 0 0 1 0]
     Bob       --> [0 0 1 1 0 0 0 0 0 0 0 0 1 1 1 0 1 1 0 1 0 0 0 0 0 0 0 1 0 0 1 0]   | Precisión: 0.94 | Hamming: 2
     Eve       --> [1 1 0 1 1 1 0 0 1 0 0 1 1 0 0 1 0 0 0 0 0 0 1 0 1 0 0 1 1 0 1 0]   | Precisión: 0.56 | Hamming: 14
------------------------------------------------------------
[4] Original  --> [1 1 1 0 1 0 0 0 1 1 0 1 1 1 0 0 1 0 1 0 0 1 1 1 0 1 0 1 1 1 0 1]
     Bob       --> [1 1 1 0 1 0 0 0 1 1 0 1 1 1 0 0 1 0 1 0 0 1 0 1 0 1 0 1 1 1 0 1]   | Precisión: 0.97 | Hamming: 1
     Eve       --> [0 1 1 1 1 1 1 1 0 0 1 0 0 0 0 1 1 1 1 0 0 0 0 0 1 0 0 1 0 0 1 0]   | Precisión: 0.31 | Hamming: 22
------------------------------------------------------------
[5] Original  --> [0 0 1 1 0 0 0 0 0 0 1 0 1 1 0 0 0 0 0 0 0 1 0 1 1 1 0 1 0 1 0 0]
     Bob       --> [0 0 0 1 0 0 0 0 0 0 1 0 1 1 0 0 0 0 0 0 0 1 0 1 1 1 0 1 0 1 0 0]   | Precisión: 0.97 | Hamming: 1
     Eve       --> [0 1 1 0 0 1 1 1 1 0 0 1 0 0 0 1 1 1 1 0 0 0 0 1 1 0 0 1 0 0 1 0]   | Precisión: 0.44 | Hamming: 18
------------------------------------------------------------
[6] Original  --> [0 0 0 1 0 0 0 0 1 1 0 1 0 1 1 0 0 0 1 1 1 1 0 1 1 1 1 0 0 0 0 0]
     Bob       --> [0 0 0 1 0 0 0 0 1 0 0 1 0 1 0 0 0 0 1 1 1 1 0 1 1 1 1 0 0 0 0 0]   | Precisión: 0.94 | Hamming: 2
     Eve       --> [0 1 1 0 1 0 1 1 1 0 0 1 0 0 0 1 1 1 1 0 0 0 0 0 1 0 0 1 0 1 1 0]   | Precisión: 0.34 | Hamming: 21
------------------------------------------------------------
[7] Original  --> [0 1 1 0 0 1 1 0 0 0 0 1 1 0 0 0 1 1 0 0 1 1 1 1 0 1 1 1 1 0 0 1]
     Bob       --> [0 1 1 0 1 1 1 1 0 0 0 1 1 0 0 0 1 1 0 0 1 1 1 1 0 1 1 1 1 0 1 1]   | Precisión: 0.91 | Hamming: 3
     Eve       --> [1 1 1 0 0 0 0 0 0 0 1 1 0 0 1 1 1 1 1 0 0 0 0 0 0 0 0 1 0 0 1 1]   | Precisión: 0.50 | Hamming: 16
------------------------------------------------------------
[8] Original  --> [1 0 1 0 0 1 1 1 1 1 0 0 1 0 0 1 0 0 1 0 0 0 0 1 0 1 1 0 0 0 0 0]
     Bob       --> [1 1 0 0 0 1 1 1 1 1 0 0 1 0 0 1 0 0 1 0 0 0 0 0 0 1 1 0 0 0 0 0]   | Precisión: 0.91 | Hamming: 3
     Eve       --> [0 1 1 1 1 0 0 0 0 0 0 1 0 0 0 1 0 1 1 0 0 0 0 0 1 0 0 0 0 0 0 0]   | Precisión: 0.50 | Hamming: 16
------------------------------------------------------------
[9] Original  --> [1 1 0 1 0 1 0 0 1 1 1 0 1 0 1 0 1 1 1 1 0 1 1 1 1 0 1 0 0 0 1 1]
     Bob       --> [1 1 0 1 0 1 0 0 1 0 1 0 1 0 1 0 1 0 1 1 0 1 1 1 1 0 1 0 0 0 1 1]   | Precisión: 0.94 | Hamming: 2
     Eve       --> [1 1 1 0 0 0 0 0 0 0 0 1 0 0 0 1 0 1 1 1 0 0 0 0 0 0 0 1 0 1 0 1]   | Precisión: 0.41 | Hamming: 19
------------------------------------------------------------
[10] Original  --> [0 1 1 1 0 1 0 0 1 1 1 0 0 0 0 0 0 1 0 0 1 0 1 0 0 1 1 1 0 0 1 1]
     Bob       --> [0 1 1 1 0 1 0 0 1 1 1 0 0 0 0 0 0 1 0 0 1 0 1 0 0 1 1 1 0 0 1 1]   | Precisión: 1.00 | Hamming: 0
     Eve       --> [1 1 1 1 0 0 1 1 0 0 1 0 1 0 1 1 1 1 1 0 0 0 0 0 0 0 0 1 0 0 1 0]   | Precisión: 0.50 | Hamming: 16
------------------------------------------------------------

RESULTADOS FINALES

Bob -> Precisión media: 0.9358 | Hamming media: 2.05
Eve -> Precisión media: 0.4275 | Hamming media: 18.32
Bob -> Perfectas: 1559 | Eve -> Perfectas: 0

EVALUACIÓN CON CLAVES ERRÓNEAS PARA BOB

[1] Bob (clave errada) --> [0 0 0 0 0 0 0 0 0 0 0 0 0 0 0 0 0 0 0 0 0 0 0 0 0 0 0 0 0 0 0 0] | Precisión: 0.59 | Hamming: 13
------------------------------------------------------------
[2] Bob (clave errada) --> [0 0 0 0 0 0 0 0 0 0 0 0 0 0 0 0 0 0 0 0 0 0 0 0 0 0 0 0 0 0 0 0] | Precisión: 0.59 | Hamming: 13
------------------------------------------------------------
[3] Bob (clave errada) --> [0 0 0 0 0 0 0 0 0 0 0 0 0 0 0 0 0 0 0 0 0 0 0 0 0 0 0 0 0 0 0 0] | Precisión: 0.69 | Hamming: 10
------------------------------------------------------------
[4] Bob (clave errada) --> [0 0 0 0 0 0 0 0 0 0 0 0 0 0 0 0 0 0 0 0 0 0 0 0 0 0 0 0 0 0 0 0] | Precisión: 0.41 | Hamming: 19
------------------------------------------------------------
[5] Bob (clave errada) --> [0 0 0 0 0 0 0 0 0 0 0 0 0 0 0 0 0 0 0 0 0 0 0 0 0 0 0 0 0 0 0 0] | Precisión: 0.66 | Hamming: 11
------------------------------------------------------------
[6] Bob (clave errada) --> [0 0 0 0 0 0 0 0 0 0 0 0 0 0 0 0 0 0 1 1 1 0 0 1 0 1 0 0 0 0 0 0] | Precisión: 0.72 | Hamming: 9
------------------------------------------------------------
[7] Bob (clave errada) --> [0 0 0 0 0 0 0 0 0 0 0 0 0 0 0 0 0 0 0 0 0 0 0 0 0 0 0 0 0 0 0 0] | Precisión: 0.47 | Hamming: 17
------------------------------------------------------------
[8] Bob (clave errada) --> [0 0 0 0 0 0 0 0 0 0 0 0 0 0 0 0 0 0 0 0 0 0 0 0 0 0 0 0 0 0 0 0] | Precisión: 0.59 | Hamming: 13
------------------------------------------------------------
[9] Bob (clave errada) --> [0 0 0 0 0 0 0 0 0 0 0 0 0 0 0 0 0 0 0 0 0 0 0 0 0 0 0 0 0 0 0 0] | Precisión: 0.38 | Hamming: 20
------------------------------------------------------------
[10] Bob (clave errada) --> [0 0 0 0 0 0 0 0 0 0 0 0 0 0 0 0 0 0 0 0 0 0 0 0 0 0 0 0 0 0 0 0] | Precisión: 0.53 | Hamming: 15
------------------------------------------------------------

RESULTADOS CON CLAVES ERRÓNEAS

Bob -> Precisión media (clave errada): 0.5265 | Hamming media: 15.15

EVALUACIÓN CON 3500:

[1] Original  --> [0 0 0 1 1 1 0 1 0 0 1 1 0 0 1 0 0 0 1 1 0 0 1 1 1 0 0 0 0 0 1 1]
     Bob       --> [0 0 0 1 1 1 0 0 0 0 1 1 0 0 1 0 0 0 1 1 0 0 1 1 1 0 0 0 0 0 1 1]   | Precisión: 0.97 | Hamming: 1
     Eve       --> [1 0 1 1 0 0 1 0 1 0 0 1 0 1 0 0 0 1 1 0 0 1 0 1 0 0 1 1 1 0 1 1]   | Precisión: 0.44 | Hamming: 18
------------------------------------------------------------
[2] Original  --> [1 1 1 1 0 1 0 1 1 0 0 1 1 0 0 1 1 0 1 0 1 1 0 1 1 0 0 0 0 0 1 0]
     Bob       --> [1 1 1 1 0 1 0 1 1 0 0 1 1 0 0 1 1 0 1 0 1 1 0 1 1 0 0 0 0 0 1 0]   | Precisión: 1.00 | Hamming: 0
     Eve       --> [0 0 1 1 0 0 1 0 1 0 1 1 0 0 0 0 0 0 1 0 0 1 1 1 0 1 1 1 0 0 1 0]   | Precisión: 0.53 | Hamming: 15
------------------------------------------------------------
[3] Original  --> [1 1 0 0 0 0 0 1 0 0 1 1 1 0 0 0 0 1 0 0 1 0 1 1 1 0 1 0 1 1 1 0]
     Bob       --> [1 1 0 0 0 0 0 1 0 0 1 1 1 0 0 0 0 1 0 0 1 0 0 1 1 1 1 0 1 1 1 0]   | Precisión: 0.94 | Hamming: 2
     Eve       --> [0 0 1 0 1 0 1 0 1 0 0 0 0 0 0 0 1 0 1 1 0 0 0 1 0 0 1 1 0 0 1 0]   | Precisión: 0.38 | Hamming: 20
------------------------------------------------------------
[4] Original  --> [0 0 1 0 0 0 1 1 1 0 0 0 1 0 1 1 0 0 0 0 0 0 0 0 0 1 0 0 1 1 0 0]
     Bob       --> [0 0 1 0 0 0 1 0 1 0 0 0 0 0 1 0 0 0 0 0 0 0 0 0 0 1 0 0 1 1 0 0]   | Precisión: 0.91 | Hamming: 3
     Eve       --> [0 1 0 1 1 1 0 1 1 0 1 1 0 1 0 0 0 0 0 0 1 0 0 0 0 0 1 1 0 0 1 0]   | Precisión: 0.41 | Hamming: 19
------------------------------------------------------------
[5] Original  --> [1 1 0 1 0 1 1 1 1 1 0 0 0 1 1 0 0 1 1 1 1 0 1 0 1 0 1 0 1 0 1 1]
     Bob       --> [1 1 0 1 0 1 1 0 1 1 0 0 1 1 1 1 0 1 1 1 1 0 0 0 1 0 0 0 1 0 1 1]   | Precisión: 0.84 | Hamming: 5
     Eve       --> [1 0 1 1 0 0 0 0 1 0 1 1 0 1 0 0 1 0 1 1 1 1 0 1 0 0 1 1 0 0 0 0]   | Precisión: 0.41 | Hamming: 19
------------------------------------------------------------
[6] Original  --> [1 0 1 0 0 0 0 1 1 1 1 0 1 1 1 0 1 1 1 0 1 1 0 0 0 0 1 0 1 0 1 1]
     Bob       --> [1 0 1 0 0 0 0 1 1 1 1 0 1 1 1 1 1 1 1 0 1 1 0 0 0 0 1 0 1 0 1 1]   | Precisión: 0.97 | Hamming: 1
     Eve       --> [0 0 1 1 1 1 1 0 1 0 0 1 0 1 0 0 0 1 1 0 0 0 0 1 0 1 1 1 0 1 1 0]   | Precisión: 0.38 | Hamming: 20
------------------------------------------------------------
[7] Original  --> [0 1 0 0 1 1 0 1 1 1 1 1 1 1 0 1 0 0 0 1 0 0 1 1 1 0 0 1 1 1 1 0]
     Bob       --> [0 1 0 1 1 1 0 1 1 1 1 1 0 1 0 0 0 0 0 1 0 0 1 1 1 0 0 1 1 1 1 0]   | Precisión: 0.91 | Hamming: 3
     Eve       --> [0 0 0 1 0 0 0 1 1 0 0 1 0 1 0 0 1 1 1 1 1 1 0 1 0 0 1 1 0 0 1 1]   | Precisión: 0.41 | Hamming: 19
------------------------------------------------------------
[8] Original  --> [1 1 0 0 0 1 0 0 0 1 1 0 0 0 0 0 0 1 1 1 0 1 1 1 1 0 0 0 1 0 1 0]
     Bob       --> [1 1 0 1 0 1 0 0 0 1 1 0 0 0 0 1 0 1 1 1 0 1 1 1 1 0 0 0 1 0 1 0]   | Precisión: 0.94 | Hamming: 2
     Eve       --> [0 0 1 1 1 0 0 1 1 0 0 1 0 1 1 0 1 1 1 1 0 1 0 1 0 0 1 1 1 0 0 1]   | Precisión: 0.38 | Hamming: 20
------------------------------------------------------------
[9] Original  --> [1 0 1 1 1 1 0 1 1 0 1 0 1 1 0 1 1 0 1 1 0 1 1 0 1 0 1 0 1 0 1 1]
     Bob       --> [1 0 1 1 1 1 0 1 1 0 1 0 1 1 0 1 1 0 1 1 1 1 1 0 1 0 1 0 1 0 1 1]   | Precisión: 0.97 | Hamming: 1
     Eve       --> [0 0 0 1 1 1 1 0 1 1 0 1 0 0 0 0 0 1 1 0 0 1 0 1 0 1 1 1 1 1 0 0]   | Precisión: 0.34 | Hamming: 21
------------------------------------------------------------
[10] Original  --> [1 1 0 0 0 0 1 1 1 0 1 1 0 0 1 1 1 1 0 1 0 0 1 1 0 0 0 0 0 1 1 0]
     Bob       --> [1 1 0 1 0 0 1 1 1 0 1 1 0 0 1 1 1 1 0 1 0 0 1 1 0 0 0 0 0 1 1 0]   | Precisión: 0.97 | Hamming: 1
     Eve       --> [0 0 0 1 0 1 1 1 1 0 1 1 0 1 0 0 0 0 1 0 1 0 0 0 0 0 1 1 0 0 1 0]   | Precisión: 0.47 | Hamming: 17
------------------------------------------------------------

RESULTADOS FINALES

Bob -> Precisión media: 0.9425 | Hamming media: 1.84
Eve -> Precisión media: 0.4415 | Hamming media: 17.87
Bob -> Perfectas: 1367 | Eve -> Perfectas: 0

EVALUACIÓN CON CLAVES ERRÓNEAS PARA BOB

[1] Bob (clave errada) --> [0 0 0 0 0 0 0 0 0 0 0 0 0 0 0 0 0 0 0 0 0 0 0 0 0 0 0 0 0 0 0 0] | Precisión: 0.56 | Hamming: 14
------------------------------------------------------------
[2] Bob (clave errada) --> [0 0 0 0 0 0 0 0 0 0 0 0 0 0 0 0 0 0 0 0 0 0 0 0 0 0 0 0 0 0 0 0] | Precisión: 0.47 | Hamming: 17
------------------------------------------------------------
[3] Bob (clave errada) --> [0 0 0 0 0 0 0 0 0 0 0 0 0 0 0 0 0 0 0 0 0 0 0 0 0 0 0 0 0 0 0 0] | Precisión: 0.53 | Hamming: 15
------------------------------------------------------------
[4] Bob (clave errada) --> [0 0 0 0 0 0 0 0 0 0 0 0 0 0 0 0 0 0 0 0 0 0 0 0 0 0 0 0 0 0 0 0] | Precisión: 0.69 | Hamming: 10
------------------------------------------------------------
[5] Bob (clave errada) --> [0 0 0 0 0 0 0 0 0 0 0 0 0 0 0 0 0 0 0 0 0 0 0 0 0 0 0 0 0 0 0 0] | Precisión: 0.38 | Hamming: 20
------------------------------------------------------------
[6] Bob (clave errada) --> [0 0 0 0 0 0 0 0 0 0 0 0 0 0 0 0 0 0 0 0 0 0 0 0 0 0 0 0 0 0 0 0] | Precisión: 0.44 | Hamming: 18
------------------------------------------------------------
[7] Bob (clave errada) --> [0 0 0 0 0 0 0 0 0 0 0 0 0 0 0 0 0 0 0 0 0 0 0 0 0 0 0 0 0 0 0 0] | Precisión: 0.41 | Hamming: 19
------------------------------------------------------------
[8] Bob (clave errada) --> [0 0 0 0 0 0 0 0 0 0 0 0 0 0 0 0 0 0 0 0 0 0 0 0 0 0 0 0 0 0 0 0] | Precisión: 0.56 | Hamming: 14
------------------------------------------------------------
[9] Bob (clave errada) --> [0 0 0 0 0 0 0 0 0 0 0 0 0 0 0 0 0 0 0 0 0 0 0 0 0 0 0 0 0 0 0 0] | Precisión: 0.34 | Hamming: 21
------------------------------------------------------------
[10] Bob (clave errada) --> [0 0 0 0 0 0 0 0 0 0 0 0 0 0 0 0 0 0 0 0 0 0 0 0 0 0 0 0 0 0 0 0] | Precisión: 0.50 | Hamming: 16
------------------------------------------------------------

RESULTADOS CON CLAVES ERRÓNEAS

Bob -> Precisión media (clave errada): 0.5271 | Hamming media: 15.13

EVALUACIÓN CON 4000:

[1] Original  --> [0 1 1 1 0 0 0 0 1 0 0 1 1 1 0 0 0 1 1 1 1 1 0 1 0 1 0 0 1 1 0 0]
     Bob       --> [0 1 1 1 0 0 0 0 1 0 0 1 1 1 0 0 0 1 1 1 1 1 0 0 0 1 0 0 1 0 0 0]   | Precisión: 0.94 | Hamming: 2
     Eve       --> [1 0 0 0 1 0 1 0 1 0 1 1 0 1 0 1 0 0 1 0 1 1 0 0 1 0 0 1 1 0 0 0]   | Precisión: 0.50 | Hamming: 16
------------------------------------------------------------
[2] Original  --> [0 1 0 0 1 0 0 0 0 0 0 0 0 1 1 0 0 0 1 1 0 0 0 0 1 1 1 0 1 1 0 0]
     Bob       --> [0 1 0 0 1 0 0 0 0 0 0 0 0 1 1 0 0 0 1 1 0 0 0 0 1 1 1 0 1 1 0 0]   | Precisión: 1.00 | Hamming: 0
     Eve       --> [1 0 0 0 1 0 1 0 1 1 1 1 0 1 1 0 0 0 0 1 1 1 0 0 1 0 0 1 0 1 0 0]   | Precisión: 0.56 | Hamming: 14
------------------------------------------------------------
[3] Original  --> [1 0 1 1 1 0 0 1 1 0 1 1 1 1 0 1 0 1 0 1 1 0 0 0 0 0 1 0 1 0 1 0]
     Bob       --> [1 1 1 0 1 0 0 1 1 0 1 1 1 1 0 1 0 1 0 1 1 0 0 0 0 0 1 0 1 0 1 0]   | Precisión: 0.94 | Hamming: 2
     Eve       --> [1 0 0 0 1 0 1 0 1 0 1 0 0 1 1 1 1 0 1 0 1 1 1 0 1 0 0 1 1 1 0 0]   | Precisión: 0.44 | Hamming: 18
------------------------------------------------------------
[4] Original  --> [0 0 1 1 0 1 1 0 0 0 1 0 1 1 0 1 0 0 0 1 1 0 0 1 1 1 1 0 0 0 0 0]
     Bob       --> [0 1 1 1 0 1 1 0 0 0 1 0 1 1 0 1 0 0 0 1 1 0 0 1 1 1 1 0 0 0 0 0]   | Precisión: 0.97 | Hamming: 1
     Eve       --> [1 0 0 0 1 0 1 0 0 0 0 1 1 1 0 0 0 0 0 0 1 1 1 0 1 0 0 1 0 0 0 0]   | Precisión: 0.53 | Hamming: 15
------------------------------------------------------------
[5] Original  --> [0 0 0 0 0 0 0 0 0 0 0 1 1 0 0 1 1 1 1 1 1 1 1 0 0 0 1 0 0 0 0 1]
     Bob       --> [0 0 0 0 0 0 0 0 0 0 0 1 1 0 0 1 1 1 1 1 1 0 1 0 0 0 1 0 0 0 0 1]   | Precisión: 0.97 | Hamming: 1
     Eve       --> [1 0 0 0 1 0 1 0 1 1 1 1 0 1 1 1 0 0 0 1 0 1 1 0 1 0 0 1 1 1 1 0]   | Precisión: 0.38 | Hamming: 20
------------------------------------------------------------
[6] Original  --> [1 0 0 0 0 0 1 1 1 1 0 1 1 1 0 1 0 0 1 0 0 1 0 0 1 1 1 1 1 1 0 0]
     Bob       --> [1 1 0 0 0 0 1 1 1 1 0 1 1 1 0 1 0 0 1 0 0 1 0 0 1 1 1 1 1 1 0 0]   | Precisión: 0.97 | Hamming: 1
     Eve       --> [1 0 0 0 1 0 1 0 1 0 1 0 0 1 1 0 0 0 1 0 1 1 0 0 1 0 0 1 1 0 0 0]   | Precisión: 0.62 | Hamming: 12
------------------------------------------------------------
[7] Original  --> [0 1 0 0 0 1 0 1 1 1 0 1 0 0 0 1 0 1 1 0 1 0 1 0 1 1 0 1 1 0 0 0]
     Bob       --> [0 1 0 0 0 1 0 1 1 1 0 1 0 0 0 1 0 1 1 0 1 0 1 0 1 1 0 1 1 0 0 0]   | Precisión: 1.00 | Hamming: 0
     Eve       --> [1 1 0 0 1 0 1 0 1 1 1 1 0 1 1 0 0 0 0 1 1 1 0 0 1 0 0 1 0 0 0 0]   | Precisión: 0.50 | Hamming: 16
------------------------------------------------------------
[8] Original  --> [1 1 0 1 0 1 1 1 1 0 1 1 1 1 1 0 0 0 1 1 1 1 0 0 0 0 0 1 0 1 1 1]
     Bob       --> [1 1 0 1 0 1 1 1 1 0 1 1 1 1 1 0 0 0 1 1 1 1 0 0 0 0 0 1 0 1 1 1]   | Precisión: 1.00 | Hamming: 0
     Eve       --> [0 1 0 0 1 0 0 0 1 1 1 0 1 1 1 1 1 1 1 0 1 1 1 0 1 0 0 1 0 0 0 0]   | Precisión: 0.47 | Hamming: 17
------------------------------------------------------------
[9] Original  --> [1 1 1 0 0 1 0 1 0 0 0 0 0 0 1 1 0 0 0 1 1 0 0 0 0 1 0 0 0 0 1 0]
     Bob       --> [1 1 1 0 0 1 0 1 0 0 0 0 0 0 1 1 0 0 0 1 1 0 0 0 0 1 0 0 0 0 1 0]   | Precisión: 1.00 | Hamming: 0
     Eve       --> [1 1 0 0 1 0 0 0 1 0 1 1 0 1 1 0 1 1 0 1 1 1 0 0 1 0 0 1 0 0 1 0]   | Precisión: 0.53 | Hamming: 15
------------------------------------------------------------
[10] Original  --> [1 0 0 0 0 1 1 0 1 1 0 0 0 1 0 0 0 0 0 0 0 1 1 0 0 0 1 1 1 1 1 1]
     Bob       --> [1 0 0 0 0 1 1 0 1 1 0 0 0 1 0 0 0 0 0 0 0 1 1 0 0 0 1 1 1 1 1 1]   | Precisión: 1.00 | Hamming: 0
     Eve       --> [1 1 1 0 1 0 1 0 1 1 1 0 0 1 1 0 1 1 1 0 0 1 1 0 1 0 0 1 1 0 0 0]   | Precisión: 0.56 | Hamming: 14
------------------------------------------------------------

RESULTADOS FINALES

Bob -> Precisión media: 0.9668 | Hamming media: 1.06
Eve -> Precisión media: 0.4467 | Hamming media: 17.71
Bob -> Perfectas: 3972 | Eve -> Perfectas: 0

EVALUACIÓN CON CLAVES ERRÓNEAS PARA BOB

[1] Bob (clave errada) --> [0 0 0 0 0 0 0 0 0 0 0 0 0 0 0 0 0 0 0 0 0 0 0 0 0 0 0 0 0 0 0 0] | Precisión: 0.50 | Hamming: 16
------------------------------------------------------------
[2] Bob (clave errada) --> [0 1 0 0 1 0 0 0 0 0 0 0 0 1 1 0 0 0 1 0 0 0 0 0 1 1 1 0 1 1 0 0] | Precisión: 0.97 | Hamming: 1
------------------------------------------------------------
[3] Bob (clave errada) --> [0 0 0 0 0 0 0 0 0 0 0 0 0 0 0 0 0 0 0 0 0 0 0 0 0 0 0 0 0 0 0 0] | Precisión: 0.47 | Hamming: 17
------------------------------------------------------------
[4] Bob (clave errada) --> [0 0 0 0 0 0 0 0 0 0 0 0 0 0 0 0 0 0 0 0 0 0 0 0 0 0 0 0 0 0 0 0] | Precisión: 0.56 | Hamming: 14
------------------------------------------------------------
[5] Bob (clave errada) --> [0 0 0 0 0 0 0 0 0 0 0 1 0 0 0 1 1 1 0 0 1 0 0 0 0 0 1 0 0 0 0 1] | Precisión: 0.84 | Hamming: 5
------------------------------------------------------------
[6] Bob (clave errada) --> [0 0 0 0 0 0 0 0 0 0 0 0 0 0 0 0 0 0 0 0 0 0 0 0 0 0 0 0 0 0 0 0] | Precisión: 0.47 | Hamming: 17
------------------------------------------------------------
[7] Bob (clave errada) --> [0 0 0 0 0 1 0 1 1 1 0 1 0 0 0 1 0 0 1 0 1 0 1 0 1 0 0 1 1 0 0 0] | Precisión: 0.91 | Hamming: 3
------------------------------------------------------------
[8] Bob (clave errada) --> [0 0 0 0 0 1 1 0 0 0 0 1 1 1 1 0 0 0 1 1 1 1 0 0 0 0 0 1 0 0 1 1] | Precisión: 0.78 | Hamming: 7
------------------------------------------------------------
[9] Bob (clave errada) --> [0 0 0 0 0 0 0 0 0 0 0 0 0 0 0 0 0 0 0 0 0 0 0 0 0 0 0 0 0 0 0 0] | Precisión: 0.66 | Hamming: 11
------------------------------------------------------------
[10] Bob (clave errada) --> [0 0 0 0 0 0 0 0 0 0 0 0 0 0 0 0 0 0 0 0 0 0 0 0 0 0 0 0 0 0 0 0] | Precisión: 0.56 | Hamming: 14
------------------------------------------------------------

RESULTADOS CON CLAVES ERRÓNEAS

Bob -> Precisión media (clave errada): 0.5401 | Hamming media: 14.72

EVALUACIÓN CON 4500:

[1] Original  --> [1 1 0 1 1 1 1 1 0 0 0 0 0 1 0 0 1 1 0 1 0 0 1 1 0 0 1 0 1 0 0 0]
     Bob       --> [1 0 0 1 1 1 1 1 0 0 0 0 0 1 0 0 1 1 0 1 0 0 1 1 0 0 1 0 1 0 0 0]   | Precisión: 0.97 | Hamming: 1
     Eve       --> [0 0 1 0 0 1 0 1 0 1 1 0 1 0 0 0 0 0 0 0 1 0 0 0 0 1 0 1 0 1 1 0]   | Precisión: 0.31 | Hamming: 22
------------------------------------------------------------
[2] Original  --> [1 1 1 1 1 1 0 0 0 0 1 1 0 1 0 0 0 0 0 1 0 1 1 1 0 0 1 1 0 0 1 1]
     Bob       --> [1 1 1 1 1 1 1 0 0 0 1 1 0 1 0 0 0 0 0 1 0 1 1 1 0 0 1 1 0 0 1 1]   | Precisión: 0.97 | Hamming: 1
     Eve       --> [1 0 1 1 1 0 0 1 1 0 1 1 1 1 0 0 0 0 0 1 1 0 0 1 1 1 0 1 0 1 0 0]   | Precisión: 0.56 | Hamming: 14
------------------------------------------------------------
[3] Original  --> [0 0 0 1 0 1 0 1 0 0 0 1 0 1 0 0 0 0 1 1 0 1 1 1 0 0 1 0 1 0 0 1]
     Bob       --> [0 0 0 1 1 1 1 1 0 0 0 1 0 1 0 0 0 0 1 1 0 1 1 1 0 0 1 0 1 0 0 1]   | Precisión: 0.94 | Hamming: 2
     Eve       --> [1 0 0 1 1 1 0 1 0 1 1 1 1 1 0 0 0 0 1 1 1 0 1 1 0 1 0 1 0 1 1 0]   | Precisión: 0.56 | Hamming: 14
------------------------------------------------------------
[4] Original  --> [1 0 0 1 1 1 0 0 1 0 1 1 1 0 1 1 0 0 1 1 1 0 0 0 1 1 1 0 1 1 0 1]
     Bob       --> [1 0 0 1 1 1 1 1 1 0 0 1 1 0 1 0 0 1 1 1 1 0 0 1 0 1 1 0 1 1 0 1]   | Precisión: 0.78 | Hamming: 7
     Eve       --> [1 0 1 1 0 0 0 1 0 0 1 1 0 1 0 0 0 1 0 1 1 1 1 1 1 0 0 1 1 1 1 0]   | Precisión: 0.41 | Hamming: 19
------------------------------------------------------------
[5] Original  --> [1 1 0 1 1 1 1 1 0 1 0 0 0 0 0 1 1 0 0 0 0 1 0 0 1 1 0 1 1 1 1 1]
     Bob       --> [1 1 0 1 1 1 0 1 0 1 0 0 0 0 0 1 1 0 0 0 0 1 0 0 1 1 0 1 1 1 1 1]   | Precisión: 0.97 | Hamming: 1
     Eve       --> [0 0 1 0 0 1 0 1 0 1 1 0 1 0 0 0 0 0 0 0 1 0 0 1 0 0 0 1 0 1 0 0]   | Precisión: 0.44 | Hamming: 18
------------------------------------------------------------
[6] Original  --> [0 1 1 1 1 1 0 1 0 1 1 1 0 0 0 0 0 0 1 0 1 0 0 1 1 0 1 0 0 1 1 0]
     Bob       --> [0 1 1 1 1 1 0 1 0 1 1 1 0 0 0 0 0 0 1 0 1 0 0 1 1 0 1 0 0 1 1 0]   | Precisión: 1.00 | Hamming: 0
     Eve       --> [1 0 1 1 1 0 0 0 0 0 1 0 1 1 0 0 0 1 1 1 1 1 1 1 1 1 1 1 0 1 0 0]   | Precisión: 0.53 | Hamming: 15
------------------------------------------------------------
[7] Original  --> [1 0 1 0 1 0 1 0 1 1 0 0 0 0 1 1 1 0 1 1 0 1 1 1 1 1 0 1 0 1 0 1]
     Bob       --> [1 0 1 0 1 0 1 0 1 1 0 0 0 0 1 1 1 0 1 1 0 1 1 1 1 1 0 1 0 1 0 1]   | Precisión: 1.00 | Hamming: 0
     Eve       --> [1 0 1 1 0 1 0 1 0 0 1 0 0 1 0 0 0 0 0 1 1 0 1 1 0 0 0 1 1 1 1 0]   | Precisión: 0.38 | Hamming: 20
------------------------------------------------------------
[8] Original  --> [0 0 1 1 0 0 0 0 1 1 1 0 0 0 0 1 1 0 1 1 1 0 0 0 1 1 1 0 0 1 0 1]
     Bob       --> [0 0 1 1 0 0 0 0 1 1 1 0 0 0 0 1 1 0 1 1 1 0 0 0 1 1 1 0 0 1 0 1]   | Precisión: 1.00 | Hamming: 0
     Eve       --> [1 0 1 0 0 0 0 1 0 0 1 0 0 1 0 0 0 1 0 1 1 1 1 1 1 0 1 1 0 1 1 1]   | Precisión: 0.50 | Hamming: 16
------------------------------------------------------------
[9] Original  --> [0 1 0 1 1 0 0 1 1 0 0 0 0 1 0 0 0 0 1 0 1 0 0 0 0 1 1 1 1 0 0 0]
     Bob       --> [0 0 0 1 1 0 0 1 1 0 0 0 0 1 0 0 0 0 1 0 1 0 0 0 0 1 1 1 1 0 0 0]   | Precisión: 0.97 | Hamming: 1
     Eve       --> [0 0 1 0 0 1 0 1 0 1 1 0 1 0 0 1 0 1 0 1 1 0 1 1 0 0 0 1 0 1 1 0]   | Precisión: 0.34 | Hamming: 21
------------------------------------------------------------
[10] Original  --> [1 0 0 0 1 1 0 0 0 0 1 0 1 0 1 0 1 0 0 1 0 1 1 0 1 0 0 1 0 1 1 1]
     Bob       --> [1 0 0 0 1 0 0 0 0 0 1 0 1 0 1 0 1 0 0 1 0 1 1 0 1 0 0 1 0 1 1 1]   | Precisión: 0.97 | Hamming: 1
     Eve       --> [1 0 1 1 1 0 0 1 0 0 1 0 1 1 0 0 0 0 1 1 1 1 1 1 0 1 0 1 0 1 0 0]   | Precisión: 0.56 | Hamming: 14
------------------------------------------------------------

RESULTADOS FINALES

Bob -> Precisión media: 0.9628 | Hamming media: 1.19
Eve -> Precisión media: 0.4512 | Hamming media: 17.56
Bob -> Perfectas: 3037 | Eve -> Perfectas: 0

EVALUACIÓN CON CLAVES ERRÓNEAS PARA BOB

[1] Bob (clave errada) --> [0 0 0 0 0 0 0 0 0 0 0 0 0 0 0 0 0 0 0 0 0 0 0 0 0 0 0 0 0 0 0 0] | Precisión: 0.53 | Hamming: 15
------------------------------------------------------------
[2] Bob (clave errada) --> [0 0 0 0 0 0 0 0 0 0 0 0 0 0 0 0 0 0 0 0 0 0 0 0 0 0 0 0 0 0 0 0] | Precisión: 0.47 | Hamming: 17
------------------------------------------------------------
[3] Bob (clave errada) --> [0 0 0 0 0 0 0 0 0 0 0 0 0 0 0 0 0 0 0 0 0 0 0 0 0 0 0 0 0 0 0 0] | Precisión: 0.59 | Hamming: 13
------------------------------------------------------------
[4] Bob (clave errada) --> [0 0 0 0 0 1 0 0 0 0 0 0 0 0 0 0 0 0 0 0 0 0 0 0 0 0 0 0 0 0 0 0] | Precisión: 0.44 | Hamming: 18
------------------------------------------------------------
[5] Bob (clave errada) --> [0 0 0 0 0 0 0 0 0 0 0 0 0 0 0 0 0 0 0 0 0 0 0 0 0 0 0 0 0 0 0 0] | Precisión: 0.44 | Hamming: 18
------------------------------------------------------------
[6] Bob (clave errada) --> [0 0 0 0 0 0 0 0 0 0 0 0 0 0 0 0 0 0 0 0 0 0 0 0 0 0 0 0 0 0 0 0] | Precisión: 0.50 | Hamming: 16
------------------------------------------------------------
[7] Bob (clave errada) --> [0 0 0 0 0 0 0 0 0 0 0 0 0 0 0 0 0 0 0 0 0 0 0 0 0 0 0 0 0 0 0 0] | Precisión: 0.41 | Hamming: 19
------------------------------------------------------------
[8] Bob (clave errada) --> [0 0 0 0 0 0 0 0 0 0 0 0 0 0 0 0 0 0 0 0 0 0 0 0 0 0 0 0 0 0 0 0] | Precisión: 0.53 | Hamming: 15
------------------------------------------------------------
[9] Bob (clave errada) --> [0 0 0 0 0 0 0 0 0 0 0 0 0 0 0 0 0 0 0 0 0 0 0 0 0 0 0 0 0 0 0 0] | Precisión: 0.62 | Hamming: 12
------------------------------------------------------------
[10] Bob (clave errada) --> [0 0 0 0 0 0 0 0 0 0 0 0 0 0 0 0 0 0 0 0 0 0 0 0 0 0 0 0 0 0 0 0] | Precisión: 0.53 | Hamming: 15
------------------------------------------------------------

RESULTADOS CON CLAVES ERRÓNEAS

Bob -> Precisión media (clave errada): 0.5204 | Hamming media: 15.35

EVALUACIÓN CON 5000:

[1] Original  --> [1 1 0 1 1 0 0 1 1 0 1 0 1 1 0 0 0 0 0 0 1 0 0 1 0 0 0 0 1 1 0 0]
     Bob       --> [0 0 0 0 0 0 0 0 0 0 0 0 1 0 0 0 0 0 0 0 1 0 0 1 0 0 0 0 0 0 0 0]   | Precisión: 0.69 | Hamming: 10
     Eve       --> [0 0 0 0 0 0 0 0 1 1 0 1 0 1 1 1 1 0 1 1 0 1 0 0 0 0 0 0 1 1 1 1]   | Precisión: 0.41 | Hamming: 19
------------------------------------------------------------
[2] Original  --> [0 1 0 0 0 0 1 0 1 0 1 0 0 1 1 0 0 1 0 1 0 0 1 0 0 0 0 1 0 0 1 0]
     Bob       --> [0 0 0 0 0 0 0 0 1 0 0 0 0 0 0 0 0 0 0 1 0 0 1 0 0 0 0 1 0 0 1 0]   | Precisión: 0.81 | Hamming: 6
     Eve       --> [0 1 0 1 1 0 1 1 1 0 0 1 1 1 1 1 0 1 1 1 1 0 0 1 1 1 0 0 0 0 0 1]   | Precisión: 0.50 | Hamming: 16
------------------------------------------------------------
[3] Original  --> [0 1 1 1 1 0 1 0 1 0 0 0 0 0 0 0 0 0 0 1 0 0 1 0 1 0 1 1 1 0 1 0]
     Bob       --> [0 1 0 0 0 0 0 0 0 0 0 0 0 0 0 0 0 0 0 0 0 0 0 0 0 0 0 1 0 0 0 0]   | Precisión: 0.66 | Hamming: 11
     Eve       --> [0 1 0 0 0 0 0 1 1 1 0 1 0 1 1 1 1 0 1 1 0 1 0 0 0 0 0 0 1 0 0 1]   | Precisión: 0.41 | Hamming: 19
------------------------------------------------------------
[4] Original  --> [1 1 0 0 0 1 0 0 0 1 1 0 0 1 0 0 0 1 0 0 0 0 1 0 0 0 1 1 1 1 1 0]
     Bob       --> [1 0 0 0 0 1 0 0 0 0 1 0 0 0 0 0 0 0 0 0 0 0 1 0 0 0 1 1 0 0 0 0]   | Precisión: 0.78 | Hamming: 7
     Eve       --> [0 1 0 0 1 0 1 1 0 0 1 1 1 1 1 1 1 1 1 1 0 0 0 1 1 1 0 0 0 0 1 1]   | Precisión: 0.31 | Hamming: 22
------------------------------------------------------------
[5] Original  --> [1 0 1 1 0 1 1 1 1 1 0 1 1 0 0 0 0 0 0 1 0 0 1 1 1 0 0 1 1 0 0 0]
     Bob       --> [1 0 0 0 0 1 0 0 1 1 0 0 1 0 0 0 0 0 0 1 0 0 1 1 1 0 0 1 1 0 0 0]   | Precisión: 0.84 | Hamming: 5
     Eve       --> [0 1 0 1 1 1 1 1 1 0 0 1 0 1 1 1 1 0 1 1 0 1 0 0 0 1 0 0 0 0 1 1]   | Precisión: 0.38 | Hamming: 20
------------------------------------------------------------
[6] Original  --> [1 1 0 0 0 0 0 0 1 0 0 0 0 0 0 1 0 0 0 1 0 0 1 1 0 0 1 0 0 0 0 1]
     Bob       --> [1 1 0 0 0 0 0 0 1 0 0 0 0 0 0 1 0 0 0 1 0 0 1 1 0 0 1 0 0 0 0 1]   | Precisión: 1.00 | Hamming: 0
     Eve       --> [0 0 0 1 1 0 1 1 1 0 1 1 0 1 1 1 1 1 1 1 0 0 0 1 0 0 0 0 0 0 1 0]   | Precisión: 0.47 | Hamming: 17
------------------------------------------------------------
[7] Original  --> [0 0 1 1 1 0 1 1 0 1 1 1 1 1 0 0 0 0 0 1 1 1 1 0 0 0 0 1 1 0 1 1]
     Bob       --> [0 0 0 0 1 0 0 0 0 1 0 0 1 0 0 0 0 0 0 0 1 1 0 0 0 0 0 1 1 0 1 0]   | Precisión: 0.69 | Hamming: 10
     Eve       --> [0 0 0 0 0 0 1 1 1 1 0 1 0 1 1 1 1 0 1 1 0 1 1 0 0 0 0 0 1 0 1 1]   | Precisión: 0.62 | Hamming: 12
------------------------------------------------------------
[8] Original  --> [1 1 0 0 0 1 0 1 1 0 1 0 1 1 1 1 1 0 0 0 1 1 0 0 1 0 1 0 0 0 1 0]
     Bob       --> [0 1 0 0 0 0 0 1 0 0 1 0 0 0 0 1 0 0 0 0 0 1 0 0 0 0 0 0 0 0 0 0]   | Precisión: 0.66 | Hamming: 11
     Eve       --> [0 1 0 1 1 0 1 1 1 1 1 1 1 1 1 1 1 1 1 1 0 0 1 1 1 1 0 0 0 0 0 1]   | Precisión: 0.44 | Hamming: 18
------------------------------------------------------------
[9] Original  --> [1 1 0 0 0 0 1 0 1 0 0 0 1 1 0 1 1 1 1 1 0 0 1 1 0 1 1 1 0 1 0 0]
     Bob       --> [0 0 0 0 0 0 1 0 0 0 0 0 1 0 0 1 1 1 0 1 0 0 1 1 0 0 0 1 0 1 0 0]   | Precisión: 0.78 | Hamming: 7
     Eve       --> [0 1 1 0 1 1 1 1 1 1 1 1 0 1 1 1 0 1 1 0 0 1 0 0 0 0 0 0 0 0 0 1]   | Precisión: 0.38 | Hamming: 20
------------------------------------------------------------
[10] Original  --> [1 1 0 0 1 0 1 1 1 1 0 1 1 1 0 0 1 1 0 1 0 1 0 0 0 0 0 0 0 0 1 1]
     Bob       --> [0 1 0 0 0 0 0 1 1 1 0 0 1 0 0 0 1 1 0 1 0 1 0 0 0 0 0 0 0 0 0 1]   | Precisión: 0.81 | Hamming: 6
     Eve       --> [0 1 1 1 0 0 1 0 1 1 0 0 0 1 1 0 0 1 1 1 0 0 1 0 1 1 0 0 1 0 0 1]   | Precisión: 0.50 | Hamming: 16
------------------------------------------------------------

RESULTADOS FINALES

Bob -> Precisión media: 0.7788 | Hamming media: 7.08
Eve -> Precisión media: 0.4225 | Hamming media: 18.48
Bob -> Perfectas: 148 | Eve -> Perfectas: 0

EVALUACIÓN CON CLAVES ERRÓNEAS PARA BOB

[1] Bob (clave errada) --> [0 0 0 0 0 0 0 0 0 0 0 0 0 0 0 0 0 0 0 0 0 0 0 0 0 0 0 0 0 0 0 0] | Precisión: 0.59 | Hamming: 13
------------------------------------------------------------
[2] Bob (clave errada) --> [0 0 0 0 0 0 0 0 0 0 0 0 0 0 0 0 0 0 0 0 0 0 0 0 0 0 0 0 0 0 0 0] | Precisión: 0.66 | Hamming: 11
------------------------------------------------------------
[3] Bob (clave errada) --> [0 0 0 0 0 0 0 0 0 0 0 0 0 0 0 0 0 0 0 0 0 0 0 0 0 0 0 0 0 0 0 0] | Precisión: 0.59 | Hamming: 13
------------------------------------------------------------
[4] Bob (clave errada) --> [0 0 0 0 0 0 0 0 0 0 0 0 0 0 0 0 0 0 0 0 0 0 0 0 0 0 0 0 0 0 0 0] | Precisión: 0.59 | Hamming: 13
------------------------------------------------------------
[5] Bob (clave errada) --> [0 0 0 0 0 0 0 0 0 0 0 0 0 0 0 0 0 0 0 0 0 0 0 0 0 0 0 0 0 0 0 0] | Precisión: 0.50 | Hamming: 16
------------------------------------------------------------
[6] Bob (clave errada) --> [0 0 0 0 0 0 0 0 0 0 0 0 0 0 0 0 0 0 0 0 0 0 0 0 0 0 0 0 0 0 0 0] | Precisión: 0.72 | Hamming: 9
------------------------------------------------------------
[7] Bob (clave errada) --> [0 0 0 0 0 0 0 0 0 0 0 0 0 0 0 0 0 0 0 0 0 0 0 0 0 0 0 0 0 0 0 0] | Precisión: 0.44 | Hamming: 18
------------------------------------------------------------
[8] Bob (clave errada) --> [1 1 0 0 0 1 0 1 1 0 1 0 1 1 1 1 1 0 0 0 1 1 0 0 0 0 0 0 0 0 1 0] | Precisión: 0.94 | Hamming: 2
------------------------------------------------------------
[9] Bob (clave errada) --> [0 0 0 0 0 0 0 0 0 0 0 0 0 0 0 0 0 0 0 0 0 0 0 0 0 0 0 0 0 0 0 0] | Precisión: 0.47 | Hamming: 17
------------------------------------------------------------
[10] Bob (clave errada) --> [0 0 0 0 0 0 0 0 0 0 0 0 0 0 0 0 0 0 0 0 0 0 0 0 0 0 0 0 0 0 0 0] | Precisión: 0.50 | Hamming: 16
------------------------------------------------------------

RESULTADOS CON CLAVES ERRÓNEAS

Bob -> Precisión media (clave errada): 0.5461 | Hamming media: 14.53

EVALUACIÓN CON 5500:

[1] Original  --> [1 0 1 1 0 1 0 0 1 0 0 0 0 1 0 0 1 0 1 0 1 1 1 1 0 1 1 0 0 1 0 1]
     Bob       --> [1 0 1 1 0 1 0 0 1 0 0 0 0 1 0 0 1 0 1 0 1 1 1 1 0 1 1 0 0 1 0 1]   | Precisión: 1.00 | Hamming: 0
     Eve       --> [0 1 0 0 1 0 0 1 0 1 1 1 0 1 1 1 0 1 0 0 0 1 0 1 0 0 0 1 1 0 0 0]   | Precisión: 0.25 | Hamming: 24
------------------------------------------------------------
[2] Original  --> [0 1 0 0 0 0 0 1 0 1 0 0 0 1 0 0 0 0 1 1 1 0 0 1 0 1 0 0 0 0 0 1]
     Bob       --> [0 1 0 0 0 0 0 1 0 1 0 0 0 1 0 0 0 0 1 1 1 0 0 0 0 1 0 0 0 0 0 1]   | Precisión: 0.97 | Hamming: 1
     Eve       --> [0 0 0 0 1 0 0 0 0 1 0 1 0 1 1 0 1 1 1 0 0 1 1 0 0 0 1 1 1 1 1 0]   | Precisión: 0.41 | Hamming: 19
------------------------------------------------------------
[3] Original  --> [0 1 0 0 1 0 1 1 1 1 0 0 0 1 0 1 1 0 0 1 0 1 0 0 0 0 1 0 1 0 1 1]
     Bob       --> [0 1 0 0 1 0 1 1 1 1 0 0 0 1 0 1 1 0 0 1 0 1 0 0 0 0 1 0 1 0 1 1]   | Precisión: 1.00 | Hamming: 0
     Eve       --> [1 1 0 1 1 1 0 0 0 1 1 1 0 0 0 0 0 1 1 0 0 1 1 1 1 1 1 1 1 1 0 0]   | Precisión: 0.31 | Hamming: 22
------------------------------------------------------------
[4] Original  --> [1 0 1 0 0 0 1 0 1 1 1 0 0 0 1 1 0 1 1 0 1 0 0 1 1 1 0 0 0 0 1 1]
     Bob       --> [1 0 1 0 0 0 1 0 1 1 1 0 0 0 1 1 0 1 1 1 1 0 0 1 1 1 0 0 0 0 1 1]   | Precisión: 0.97 | Hamming: 1
     Eve       --> [1 1 0 1 1 1 0 0 0 1 0 1 0 1 1 0 0 1 0 0 0 1 1 0 0 0 1 0 0 1 0 0]   | Precisión: 0.31 | Hamming: 22
------------------------------------------------------------
[5] Original  --> [0 1 1 1 1 0 0 1 0 1 0 0 1 1 0 1 1 0 0 0 1 0 0 0 1 0 1 1 0 0 1 1]
     Bob       --> [0 1 1 0 1 0 0 1 0 1 0 0 1 1 0 1 1 0 0 0 1 0 0 1 1 0 1 1 0 0 1 1]   | Precisión: 0.94 | Hamming: 2
     Eve       --> [0 1 0 0 1 1 0 0 0 1 1 1 0 1 1 0 0 1 1 0 0 1 1 0 1 1 0 1 1 1 0 0]   | Precisión: 0.34 | Hamming: 21
------------------------------------------------------------
[6] Original  --> [1 0 0 1 0 0 0 0 1 0 1 1 0 1 1 1 0 1 0 1 0 0 1 1 0 0 0 0 1 1 0 0]
     Bob       --> [1 0 0 1 0 0 0 0 1 0 1 1 0 1 1 1 0 1 0 1 0 0 1 1 0 0 0 0 1 1 0 0]   | Precisión: 1.00 | Hamming: 0
     Eve       --> [0 0 0 0 1 1 1 0 0 1 1 1 0 1 1 0 0 1 1 0 0 1 1 1 1 0 1 1 0 0 0 1]   | Precisión: 0.47 | Hamming: 17
------------------------------------------------------------
[7] Original  --> [1 1 1 1 0 1 0 0 0 1 1 1 1 0 0 1 1 1 0 0 0 1 1 1 0 0 1 0 1 1 0 0]
     Bob       --> [1 1 1 1 0 1 0 0 0 1 1 1 1 0 0 1 1 1 0 0 0 1 1 0 0 0 1 0 1 1 0 0]   | Precisión: 0.97 | Hamming: 1
     Eve       --> [0 0 0 0 0 1 1 0 0 1 1 1 0 1 1 0 0 1 1 0 1 1 0 1 0 0 1 0 0 0 0 0]   | Precisión: 0.53 | Hamming: 15
------------------------------------------------------------
[8] Original  --> [1 0 1 0 0 0 0 1 0 0 0 0 1 1 1 0 1 0 0 0 1 1 0 0 0 1 1 1 1 1 1 1]
     Bob       --> [1 0 1 0 0 0 0 1 0 0 0 0 1 1 1 0 1 0 0 0 1 1 0 0 0 1 1 1 1 1 1 1]   | Precisión: 1.00 | Hamming: 0
     Eve       --> [0 1 0 0 1 1 0 0 0 1 1 1 0 1 1 0 0 1 1 0 0 1 1 1 1 0 1 0 1 0 0 0]   | Precisión: 0.31 | Hamming: 22
------------------------------------------------------------
[9] Original  --> [1 1 0 1 1 1 0 1 0 0 1 0 0 0 0 0 1 1 0 1 0 1 0 0 0 1 0 0 0 1 1 0]
     Bob       --> [1 1 0 0 1 1 0 1 0 0 1 0 0 0 0 0 1 1 0 1 0 1 0 0 0 1 0 0 0 1 1 0]   | Precisión: 0.97 | Hamming: 1
     Eve       --> [0 0 0 0 1 1 0 0 0 1 0 1 0 1 1 0 0 1 1 0 0 1 1 1 1 0 1 0 0 0 0 0]   | Precisión: 0.41 | Hamming: 19
------------------------------------------------------------
[10] Original  --> [0 0 1 0 0 1 1 0 0 0 0 1 0 1 0 0 0 0 1 0 1 1 0 1 0 1 1 0 1 1 0 1]
     Bob       --> [0 1 1 1 0 1 1 0 0 0 0 1 0 1 0 0 0 0 1 0 1 1 0 1 0 1 1 0 1 0 0 1]   | Precisión: 0.91 | Hamming: 3
     Eve       --> [0 1 1 0 1 0 0 1 0 1 1 0 0 1 1 1 0 1 0 1 1 1 0 1 0 0 0 1 1 0 0 0]   | Precisión: 0.44 | Hamming: 18
------------------------------------------------------------

RESULTADOS FINALES

Bob -> Precisión media: 0.9688 | Hamming media: 1.00
Eve -> Precisión media: 0.4290 | Hamming media: 18.27
Bob -> Perfectas: 3967 | Eve -> Perfectas: 0

EVALUACIÓN CON CLAVES ERRÓNEAS PARA BOB

[1] Bob (clave errada) --> [0 0 0 0 0 0 0 0 0 0 0 0 0 0 0 0 0 0 0 0 0 0 0 0 0 0 0 0 0 0 0 0] | Precisión: 0.50 | Hamming: 16
------------------------------------------------------------
[2] Bob (clave errada) --> [0 0 0 0 0 0 0 0 0 0 0 0 0 0 0 0 0 0 0 0 0 0 0 0 0 0 0 0 0 0 0 0] | Precisión: 0.69 | Hamming: 10
------------------------------------------------------------
[3] Bob (clave errada) --> [0 0 0 0 0 0 0 0 0 0 0 0 0 0 0 0 0 0 0 0 0 0 0 0 0 0 0 0 0 0 0 0] | Precisión: 0.53 | Hamming: 15
------------------------------------------------------------
[4] Bob (clave errada) --> [0 0 0 0 0 0 0 0 0 0 0 0 0 0 0 0 0 0 0 0 0 0 0 0 0 0 0 0 0 0 0 0] | Precisión: 0.50 | Hamming: 16
------------------------------------------------------------
[5] Bob (clave errada) --> [0 0 0 0 0 0 0 0 0 0 0 0 0 0 0 0 0 0 0 0 0 0 0 0 0 0 0 0 0 0 0 0] | Precisión: 0.50 | Hamming: 16
------------------------------------------------------------
[6] Bob (clave errada) --> [0 0 0 0 0 0 0 0 0 0 0 0 0 0 0 0 0 0 0 1 0 0 0 0 0 0 0 0 0 0 0 0] | Precisión: 0.59 | Hamming: 13
------------------------------------------------------------
[7] Bob (clave errada) --> [0 0 0 0 0 0 0 0 0 0 0 0 0 0 0 0 0 0 0 0 0 0 0 0 0 0 0 0 0 0 0 0] | Precisión: 0.44 | Hamming: 18
------------------------------------------------------------
[8] Bob (clave errada) --> [0 0 0 0 0 0 0 0 0 0 0 0 0 0 0 0 0 0 0 0 0 0 0 0 0 0 0 0 0 0 0 0] | Precisión: 0.50 | Hamming: 16
------------------------------------------------------------
[9] Bob (clave errada) --> [0 0 0 0 0 0 0 0 0 0 0 0 0 0 0 0 0 0 0 0 0 0 0 0 0 0 0 0 0 0 0 0] | Precisión: 0.56 | Hamming: 14
------------------------------------------------------------
[10] Bob (clave errada) --> [0 0 0 0 0 0 0 0 0 0 0 0 0 0 0 0 0 0 0 0 0 0 0 0 0 0 0 0 0 0 0 0] | Precisión: 0.56 | Hamming: 14
------------------------------------------------------------

RESULTADOS CON CLAVES ERRÓNEAS

Bob -> Precisión media (clave errada): 0.5117 | Hamming media: 15.63

EVALUACIÓN CON 6000:

[1] Original  --> [1 1 1 0 1 1 0 0 0 1 1 0 1 0 0 1 1 1 1 1 1 0 1 1 1 0 0 1 1 0 0 0]
     Bob       --> [1 1 1 1 1 1 1 1 0 1 1 0 1 0 0 1 1 1 1 1 1 0 1 1 1 0 0 1 1 1 0 0]   | Precisión: 0.88 | Hamming: 4
     Eve       --> [1 1 0 0 1 1 0 1 1 1 1 1 0 1 1 1 1 1 0 0 0 0 1 0 0 1 1 1 1 1 1 1]   | Precisión: 0.47 | Hamming: 17
------------------------------------------------------------
[2] Original  --> [0 0 0 1 0 0 1 0 0 0 1 1 0 0 0 0 1 0 0 0 0 0 0 0 0 1 0 1 0 1 0 1]
     Bob       --> [0 0 0 1 0 0 1 0 0 0 1 1 0 0 0 0 1 1 0 0 0 0 0 1 0 1 0 1 0 1 0 1]   | Precisión: 0.94 | Hamming: 2
     Eve       --> [1 1 1 0 0 1 1 0 1 1 0 1 1 1 1 1 1 0 1 1 1 0 1 0 1 0 0 1 1 0 1 1]   | Precisión: 0.34 | Hamming: 21
------------------------------------------------------------
[3] Original  --> [0 0 0 1 0 0 1 1 0 0 0 0 1 1 1 0 0 0 0 0 1 1 0 0 0 0 1 1 1 1 1 1]
     Bob       --> [0 0 0 1 0 0 1 1 0 0 1 0 1 1 1 0 0 1 1 0 1 1 0 0 0 0 1 1 1 1 0 1]   | Precisión: 0.88 | Hamming: 4
     Eve       --> [0 0 1 0 1 1 1 0 1 1 1 1 0 1 1 0 1 0 1 0 1 0 1 1 0 0 0 1 1 1 1 0]   | Precisión: 0.47 | Hamming: 17
------------------------------------------------------------
[4] Original  --> [0 1 0 0 1 1 0 1 1 1 0 1 0 1 1 1 1 0 1 0 1 0 1 0 1 1 1 0 1 0 1 1]
     Bob       --> [1 1 0 1 1 1 1 1 1 1 0 1 0 1 1 1 1 1 1 0 1 1 1 0 1 1 1 0 1 1 1 1]   | Precisión: 0.81 | Hamming: 6
     Eve       --> [0 1 1 0 1 1 0 1 1 1 1 1 1 1 0 0 1 1 1 0 0 0 0 0 0 1 0 1 0 1 1 1]   | Precisión: 0.59 | Hamming: 13
------------------------------------------------------------
[5] Original  --> [1 1 0 1 1 1 0 1 0 1 0 1 1 1 1 0 0 0 1 0 0 0 0 0 1 1 0 1 0 0 0 1]
     Bob       --> [1 0 0 1 1 1 1 1 0 1 0 1 1 1 1 0 0 1 1 0 0 0 0 0 1 1 0 1 0 0 0 1]   | Precisión: 0.91 | Hamming: 3
     Eve       --> [0 1 1 0 1 1 0 0 1 1 1 1 0 1 1 0 1 1 1 1 1 0 1 0 0 0 0 1 0 1 1 1]   | Precisión: 0.50 | Hamming: 16
------------------------------------------------------------
[6] Original  --> [0 0 0 0 1 1 0 1 1 1 1 1 1 1 0 1 1 0 0 1 0 0 0 0 1 0 1 0 0 1 1 0]
     Bob       --> [0 0 0 0 1 1 0 1 1 1 1 1 1 0 0 1 1 0 0 1 0 0 0 0 0 0 1 0 0 1 0 0]   | Precisión: 0.91 | Hamming: 3
     Eve       --> [1 1 0 0 0 1 1 0 1 1 1 1 1 1 0 0 1 0 1 0 1 0 1 0 0 0 0 1 1 0 1 1]   | Precisión: 0.50 | Hamming: 16
------------------------------------------------------------
[7] Original  --> [1 1 1 0 0 1 1 0 0 1 0 0 1 0 1 1 1 0 1 1 0 1 0 0 1 1 1 1 0 0 0 0]
     Bob       --> [1 1 1 1 0 1 1 0 0 1 0 0 1 1 1 1 1 1 1 1 0 1 0 1 1 1 1 1 0 1 0 0]   | Precisión: 0.84 | Hamming: 5
     Eve       --> [0 1 0 1 1 1 0 0 1 1 1 1 0 1 0 0 0 1 1 0 0 0 1 0 0 1 0 0 1 0 1 1]   | Precisión: 0.28 | Hamming: 23
------------------------------------------------------------
[8] Original  --> [0 1 0 1 1 1 1 0 0 0 1 0 1 0 1 1 1 1 1 0 0 0 0 0 1 1 0 0 1 1 1 1]
     Bob       --> [0 1 0 1 1 1 1 0 0 0 1 0 1 0 1 1 1 1 1 0 0 0 0 0 1 1 0 0 1 1 1 1]   | Precisión: 1.00 | Hamming: 0
     Eve       --> [1 1 0 0 1 1 1 1 1 1 1 1 1 1 0 1 0 0 1 0 0 0 1 0 0 1 0 1 0 1 1 1]   | Precisión: 0.56 | Hamming: 14
------------------------------------------------------------
[9] Original  --> [0 1 1 1 0 0 1 1 0 1 0 0 0 0 1 1 0 1 0 1 0 0 1 1 0 0 1 0 0 1 0 1]
     Bob       --> [0 1 1 1 0 0 1 1 0 1 0 0 0 0 1 1 0 1 0 1 0 0 1 1 0 0 1 0 0 1 0 1]   | Precisión: 1.00 | Hamming: 0
     Eve       --> [1 0 1 0 1 1 0 0 1 0 0 1 1 1 1 0 1 0 1 1 1 0 1 0 0 0 0 1 1 0 1 0]   | Precisión: 0.25 | Hamming: 24
------------------------------------------------------------
[10] Original  --> [0 0 1 0 0 1 0 0 0 0 1 1 1 0 0 1 0 0 1 0 0 0 0 0 0 1 1 1 0 1 1 0]
     Bob       --> [0 0 1 1 0 1 1 0 0 1 1 1 1 0 0 1 0 1 1 0 0 0 0 0 0 1 1 1 1 1 1 1]   | Precisión: 0.81 | Hamming: 6
     Eve       --> [1 1 0 0 0 0 0 1 0 1 0 1 0 1 1 0 1 0 1 1 1 0 1 1 0 0 0 1 0 0 1 0]   | Precisión: 0.41 | Hamming: 19
------------------------------------------------------------

RESULTADOS FINALES

Bob -> Precisión media: 0.8870 | Hamming media: 3.62
Eve -> Precisión media: 0.4402 | Hamming media: 17.91
Bob -> Perfectas: 265 | Eve -> Perfectas: 0

EVALUACIÓN CON CLAVES ERRÓNEAS PARA BOB

[1] Bob (clave errada) --> [1 0 0 0 0 1 0 0 0 1 1 1 0 0 1 0 1 1 1 0 1 0 1 1 1 0 0 0 0 0 0 0] | Precisión: 0.69 | Hamming: 10
------------------------------------------------------------
[2] Bob (clave errada) --> [0 0 0 0 0 0 0 0 0 0 0 0 0 0 0 0 0 0 0 0 0 0 0 0 0 0 0 0 0 0 0 0] | Precisión: 0.72 | Hamming: 9
------------------------------------------------------------
[3] Bob (clave errada) --> [0 0 0 0 0 0 0 0 0 0 0 0 0 0 0 0 0 0 0 0 0 0 0 0 0 0 0 0 0 0 0 0] | Precisión: 0.56 | Hamming: 14
------------------------------------------------------------
[4] Bob (clave errada) --> [0 0 0 0 0 0 0 0 0 0 0 0 0 0 0 0 0 0 0 0 0 0 0 0 0 0 0 0 0 0 0 0] | Precisión: 0.38 | Hamming: 20
------------------------------------------------------------
[5] Bob (clave errada) --> [0 0 0 0 0 0 0 0 0 0 0 0 0 0 0 0 0 0 0 0 0 0 0 0 0 0 0 0 0 0 0 0] | Precisión: 0.50 | Hamming: 16
------------------------------------------------------------
[6] Bob (clave errada) --> [0 0 0 0 0 0 0 0 0 0 0 0 0 0 0 0 0 0 0 0 0 0 0 0 0 0 0 0 0 0 0 0] | Precisión: 0.50 | Hamming: 16
------------------------------------------------------------
[7] Bob (clave errada) --> [0 0 0 0 0 0 0 0 0 0 0 0 0 0 0 0 0 0 0 0 0 0 0 0 0 0 0 0 0 0 0 0] | Precisión: 0.47 | Hamming: 17
------------------------------------------------------------
[8] Bob (clave errada) --> [0 0 0 0 0 0 0 0 0 0 0 0 0 0 0 0 0 0 0 0 0 0 0 0 0 0 0 0 0 0 0 0] | Precisión: 0.44 | Hamming: 18
------------------------------------------------------------
[9] Bob (clave errada) --> [0 0 0 0 0 0 0 0 0 0 0 0 0 0 0 0 0 0 0 0 0 0 0 0 0 0 0 0 0 0 0 0] | Precisión: 0.53 | Hamming: 15
------------------------------------------------------------
[10] Bob (clave errada) --> [0 0 0 0 0 0 0 0 0 0 0 0 1 0 0 0 0 0 0 0 0 0 0 0 0 0 0 0 0 0 0 0] | Precisión: 0.66 | Hamming: 11
------------------------------------------------------------

RESULTADOS CON CLAVES ERRÓNEAS

Bob -> Precisión media (clave errada): 0.5292 | Hamming media: 15.07

Tiempo total de ejecución (s): 13148.903648853302
Tiempo total de ejecución (mins): 219.14839414755502