-- RESULTADOS DEL EXPERIMENTO 2.1. --

Número de mensajes = 10000
Número de bits = 32
Tamaño del batch = 512
Adam optimizer learning rate = 0.001
Epochs totales = 6000
Epochs iniciales = 500
alfa = 0.1
beta = 0.2
gamma = 0.7

EVALUACIÓN CON 500:

[1] Original  --> [0 1 1 1 0 1 1 1 0 1 1 1 1 1 1 0 1 1 1 1 0 1 0 0 1 1 0 0 1 0 1 1]
     Bob       --> [0 1 1 1 0 1 1 1 0 1 1 1 0 1 0 0 1 1 1 0 0 1 0 0 0 1 0 0 1 0 1 1]   | Precisión: 0.88 | Hamming: 4
     Eve       --> [1 0 0 1 1 1 1 1 1 0 0 1 1 0 0 1 0 0 1 1 1 0 1 0 1 1 0 0 1 1 0 1]   | Precisión: 0.47 | Hamming: 17
------------------------------------------------------------
[2] Original  --> [1 1 1 1 0 0 0 0 0 1 1 1 1 0 0 1 1 0 0 1 0 1 0 0 1 0 1 1 0 1 0 1]
     Bob       --> [1 1 0 0 0 0 0 0 0 1 1 0 1 0 0 0 0 0 0 0 0 0 0 0 0 0 0 1 0 0 0 1]   | Precisión: 0.69 | Hamming: 10
     Eve       --> [1 0 0 1 1 1 1 1 0 0 0 1 1 0 1 1 0 0 1 0 1 0 1 1 1 1 0 0 1 0 0 0]   | Precisión: 0.31 | Hamming: 22
------------------------------------------------------------
[3] Original  --> [1 1 1 1 1 0 0 0 0 1 0 1 1 1 0 0 0 0 0 0 0 0 1 0 1 1 0 0 1 1 0 0]
     Bob       --> [1 1 1 0 1 0 0 0 0 1 0 0 0 1 0 0 0 1 0 0 0 0 1 0 1 1 0 0 1 1 0 0]   | Precisión: 0.88 | Hamming: 4
     Eve       --> [0 0 0 1 1 0 1 1 1 1 0 1 1 0 0 0 0 0 1 1 0 0 1 0 1 0 0 1 1 0 0 1]   | Precisión: 0.59 | Hamming: 13
------------------------------------------------------------
[4] Original  --> [0 1 0 1 1 1 0 1 0 0 1 1 0 0 1 1 1 0 1 1 1 1 1 0 1 0 0 1 1 0 0 1]
     Bob       --> [0 1 0 1 1 1 0 1 0 0 0 1 0 0 0 1 1 0 1 0 1 1 1 0 0 0 0 0 1 0 0 0]   | Precisión: 0.81 | Hamming: 6
     Eve       --> [1 0 0 0 1 1 1 1 1 0 0 1 1 0 0 1 0 0 1 1 0 0 1 1 1 1 0 0 0 0 0 1]   | Precisión: 0.53 | Hamming: 15
------------------------------------------------------------
[5] Original  --> [1 1 0 0 1 1 1 1 0 0 0 1 1 0 0 1 0 1 0 0 0 0 0 0 1 0 0 1 1 1 0 0]
     Bob       --> [1 1 0 0 1 1 1 1 0 0 0 0 0 0 0 1 0 1 0 0 0 0 0 0 1 0 0 1 1 0 0 0]   | Precisión: 0.91 | Hamming: 3
     Eve       --> [1 0 0 1 1 0 1 1 0 0 0 0 1 0 0 1 0 0 1 1 0 0 1 1 1 1 0 1 1 0 0 1]   | Precisión: 0.62 | Hamming: 12
------------------------------------------------------------
[6] Original  --> [0 0 0 0 1 1 1 1 1 1 0 0 1 0 0 0 1 1 0 0 1 0 0 0 0 1 1 1 1 1 0 1]
     Bob       --> [0 0 0 0 1 0 1 0 1 1 0 0 0 0 0 0 1 0 0 0 0 0 0 0 0 1 1 1 1 1 0 1]   | Precisión: 0.84 | Hamming: 5
     Eve       --> [1 1 0 1 1 0 1 1 0 0 1 1 1 1 0 1 0 0 1 0 0 0 0 1 1 1 0 0 0 1 0 1]   | Precisión: 0.41 | Hamming: 19
------------------------------------------------------------
[7] Original  --> [0 1 1 1 0 1 0 1 1 0 1 1 0 1 0 0 0 0 1 0 1 1 1 1 1 0 0 0 0 0 0 1]
     Bob       --> [0 1 1 1 0 1 0 1 1 0 1 1 0 1 0 0 0 0 1 1 0 1 1 1 1 0 0 0 0 0 0 0]   | Precisión: 0.91 | Hamming: 3
     Eve       --> [1 0 0 1 1 1 1 1 1 0 1 1 1 0 0 0 0 0 0 1 1 0 0 0 1 1 0 0 1 1 0 0]   | Precisión: 0.50 | Hamming: 16
------------------------------------------------------------
[8] Original  --> [1 0 1 0 1 1 0 1 1 0 0 0 1 1 0 0 1 1 0 0 0 0 1 0 0 0 1 1 1 1 1 1]
     Bob       --> [1 0 1 0 1 1 0 1 1 0 0 0 1 0 0 0 1 1 0 0 0 1 1 0 1 0 1 1 1 1 0 1]   | Precisión: 0.88 | Hamming: 4
     Eve       --> [1 0 0 1 0 0 1 1 0 0 1 1 1 0 0 1 0 0 1 0 0 0 1 0 1 0 0 0 1 0 0 0]   | Precisión: 0.41 | Hamming: 19
------------------------------------------------------------
[9] Original  --> [0 0 1 1 1 1 1 0 1 0 1 0 1 0 1 1 0 1 1 1 1 0 1 1 0 1 1 0 0 0 0 0]
     Bob       --> [0 0 1 0 1 0 0 0 1 0 0 0 0 0 1 1 0 0 1 1 1 0 0 1 0 1 1 0 0 0 0 0]   | Precisión: 0.78 | Hamming: 7
     Eve       --> [1 0 0 0 1 1 1 1 1 0 1 1 1 1 0 0 0 0 1 0 1 0 0 1 0 1 0 0 1 0 0 1]   | Precisión: 0.56 | Hamming: 14
------------------------------------------------------------
[10] Original  --> [0 1 0 1 1 0 0 0 1 0 0 1 1 0 1 0 1 0 1 0 0 0 1 0 1 0 1 1 0 1 0 0]
     Bob       --> [0 1 0 0 1 0 0 0 1 0 0 0 1 0 1 0 1 0 0 0 0 0 1 0 0 0 1 0 0 0 0 0]   | Precisión: 0.81 | Hamming: 6
     Eve       --> [1 1 0 1 1 1 1 1 0 0 1 0 1 0 0 1 0 0 1 1 1 1 0 1 1 1 0 0 1 1 0 1]   | Precisión: 0.38 | Hamming: 20
------------------------------------------------------------

RESULTADOS FINALES

Bob -> Precisión media: 0.8225 | Hamming media: 5.68
Eve -> Precisión media: 0.4571 | Hamming media: 17.37
Bob -> Perfectas: 36 | Eve -> Perfectas: 0

EVALUACIÓN CON CLAVES ERRÓNEAS PARA BOB

[1] Bob (clave errada) --> [0 1 1 1 0 1 1 0 0 1 0 0 0 1 1 0 0 0 1 0 0 1 0 0 0 0 0 0 0 0 0 1] | Precisión: 0.66 | Hamming: 11
------------------------------------------------------------
[2] Bob (clave errada) --> [0 0 0 0 0 0 0 0 0 1 0 0 0 0 0 0 0 0 0 0 0 0 0 0 0 0 0 0 0 0 0 0] | Precisión: 0.50 | Hamming: 16
------------------------------------------------------------
[3] Bob (clave errada) --> [1 1 0 0 0 0 0 0 0 1 0 0 0 1 0 0 0 0 0 0 0 0 1 0 0 0 0 0 0 1 0 0] | Precisión: 0.75 | Hamming: 8
------------------------------------------------------------
[4] Bob (clave errada) --> [0 1 0 1 1 1 0 0 0 0 0 0 0 0 0 1 1 0 1 0 1 0 1 0 0 0 0 0 1 0 0 0] | Precisión: 0.72 | Hamming: 9
------------------------------------------------------------
[5] Bob (clave errada) --> [1 1 0 0 1 1 1 0 0 0 0 0 1 0 0 0 0 0 0 0 0 0 0 0 1 0 0 1 0 0 0 0] | Precisión: 0.81 | Hamming: 6
------------------------------------------------------------
[6] Bob (clave errada) --> [0 0 0 0 1 0 0 0 1 1 0 0 0 0 0 0 1 0 0 0 0 0 0 0 0 1 1 1 0 1 0 1] | Precisión: 0.78 | Hamming: 7
------------------------------------------------------------
[7] Bob (clave errada) --> [0 1 1 1 0 1 0 1 1 0 1 1 0 1 0 0 1 0 1 1 0 1 1 1 1 0 0 0 0 0 0 0] | Precisión: 0.88 | Hamming: 4
------------------------------------------------------------
[8] Bob (clave errada) --> [1 0 0 0 1 1 0 0 1 0 0 0 1 0 0 0 0 0 0 0 0 1 0 0 0 0 0 1 0 0 0 1] | Precisión: 0.66 | Hamming: 11
------------------------------------------------------------
[9] Bob (clave errada) --> [0 0 1 0 0 0 1 0 1 0 0 0 0 0 1 1 0 0 1 1 0 0 0 1 0 1 1 0 0 0 0 0] | Precisión: 0.75 | Hamming: 8
------------------------------------------------------------
[10] Bob (clave errada) --> [0 0 0 0 1 0 0 0 1 0 0 0 1 0 0 0 1 0 0 0 0 0 1 0 0 0 1 0 0 0 0 0] | Precisión: 0.75 | Hamming: 8
------------------------------------------------------------

RESULTADOS CON CLAVES ERRÓNEAS

Bob -> Precisión media (clave errada): 0.7145 | Hamming media: 9.14

EVALUACIÓN CON 1000:

[1] Original  --> [1 0 0 0 0 0 0 1 1 0 1 0 0 1 1 0 1 0 0 1 0 1 0 1 1 1 0 0 0 0 0 1]
     Bob       --> [1 0 1 0 0 0 0 1 1 0 1 0 0 1 1 0 1 0 0 1 0 1 0 1 1 1 0 0 0 0 0 1]   | Precisión: 0.97 | Hamming: 1
     Eve       --> [0 1 1 0 1 1 0 1 0 0 0 0 0 1 1 0 1 1 1 0 0 1 0 0 0 1 1 1 1 1 1 0]   | Precisión: 0.44 | Hamming: 18
------------------------------------------------------------
[2] Original  --> [0 1 0 1 1 0 0 1 1 0 1 1 0 1 0 0 1 1 0 0 0 1 1 1 1 1 1 0 0 1 1 0]
     Bob       --> [0 0 0 1 1 1 1 0 0 1 0 1 1 1 0 1 1 1 0 0 1 1 1 1 1 1 1 0 0 1 1 0]   | Precisión: 0.69 | Hamming: 10
     Eve       --> [0 0 0 0 1 1 0 0 1 0 1 1 0 1 1 0 1 0 0 0 0 0 0 0 0 1 0 1 1 1 1 1]   | Precisión: 0.56 | Hamming: 14
------------------------------------------------------------
[3] Original  --> [0 1 0 0 0 1 1 0 0 0 1 1 1 0 0 1 0 0 0 1 0 1 0 1 0 0 0 1 0 0 0 0]
     Bob       --> [1 1 0 0 0 1 1 0 1 0 1 1 1 0 0 1 0 0 0 1 0 1 0 1 0 0 0 1 0 0 0 0]   | Precisión: 0.94 | Hamming: 2
     Eve       --> [0 0 0 1 1 1 0 0 0 0 0 0 0 1 0 0 1 1 1 0 0 0 1 0 0 1 1 1 1 0 1 0]   | Precisión: 0.38 | Hamming: 20
------------------------------------------------------------
[4] Original  --> [1 1 0 1 0 0 1 1 0 0 1 1 1 0 0 1 0 0 0 0 0 0 0 1 1 1 1 1 0 0 1 0]
     Bob       --> [1 1 0 1 0 0 1 1 0 0 1 1 1 0 0 1 0 0 0 0 0 0 0 1 1 1 1 1 0 1 1 0]   | Precisión: 0.97 | Hamming: 1
     Eve       --> [0 1 0 1 0 1 0 1 1 1 1 0 0 1 1 0 1 1 1 0 0 1 0 0 0 1 1 1 0 0 1 0]   | Precisión: 0.50 | Hamming: 16
------------------------------------------------------------
[5] Original  --> [1 0 1 0 0 0 0 0 0 0 0 1 0 0 0 0 0 1 1 1 0 1 1 1 0 0 1 1 0 1 1 0]
     Bob       --> [1 0 0 0 0 0 0 0 0 0 0 1 0 0 0 1 0 1 1 1 0 1 1 1 0 0 1 1 0 1 1 1]   | Precisión: 0.91 | Hamming: 3
     Eve       --> [1 1 0 1 1 1 1 0 1 1 0 0 1 1 1 0 1 1 0 0 0 1 0 0 0 1 1 1 1 0 1 0]   | Precisión: 0.38 | Hamming: 20
------------------------------------------------------------
[6] Original  --> [1 1 1 1 0 0 0 0 0 0 1 1 0 0 1 1 0 1 1 0 1 1 0 1 0 1 1 1 0 1 1 1]
     Bob       --> [1 1 1 1 0 1 0 0 0 0 1 1 0 0 1 1 0 1 1 0 1 1 1 1 0 1 1 1 0 1 1 1]   | Precisión: 0.94 | Hamming: 2
     Eve       --> [0 0 0 0 1 1 0 0 1 1 1 0 0 1 1 1 1 1 0 0 0 1 0 0 1 1 0 1 1 1 1 1]   | Precisión: 0.47 | Hamming: 17
------------------------------------------------------------
[7] Original  --> [1 0 1 1 0 0 0 1 1 1 1 1 0 1 1 0 1 1 1 0 0 0 0 0 1 1 0 0 0 0 1 0]
     Bob       --> [1 0 1 1 0 1 1 1 1 1 1 0 0 1 1 1 1 1 0 0 1 1 0 1 1 1 0 0 0 0 0 0]   | Precisión: 0.72 | Hamming: 9
     Eve       --> [0 1 0 0 1 1 0 0 0 0 1 0 0 0 1 1 1 1 1 0 0 1 0 0 0 1 1 1 1 1 1 0]   | Precisión: 0.44 | Hamming: 18
------------------------------------------------------------
[8] Original  --> [1 1 1 0 0 0 1 0 1 1 1 1 1 0 1 0 0 0 0 0 1 1 0 1 1 1 0 1 0 1 0 1]
     Bob       --> [1 1 1 0 0 0 1 0 1 1 1 1 1 0 1 0 0 0 0 0 0 1 0 1 1 1 0 1 0 1 0 1]   | Precisión: 0.97 | Hamming: 1
     Eve       --> [0 1 0 1 1 1 0 1 0 1 0 0 0 0 0 0 1 1 1 0 0 1 0 0 0 1 1 0 1 0 1 0]   | Precisión: 0.25 | Hamming: 24
------------------------------------------------------------
[9] Original  --> [1 1 1 1 0 1 0 0 1 0 0 0 1 0 0 0 0 1 1 1 0 1 1 1 1 1 0 1 1 0 0 0]
     Bob       --> [0 1 1 1 0 0 1 0 1 0 0 0 1 0 0 1 0 1 1 1 0 1 0 1 1 1 0 1 1 0 0 0]   | Precisión: 0.84 | Hamming: 5
     Eve       --> [0 0 0 0 1 1 0 1 1 1 0 0 0 1 1 0 1 1 1 0 0 1 0 0 0 1 1 1 1 0 1 0]   | Precisión: 0.47 | Hamming: 17
------------------------------------------------------------
[10] Original  --> [0 0 1 0 0 1 0 0 1 1 1 1 1 0 0 1 1 1 0 0 1 0 0 0 0 0 1 0 1 0 1 1]
     Bob       --> [1 0 1 0 1 0 0 1 1 1 1 1 1 1 0 1 1 1 0 0 1 0 0 1 0 0 1 0 1 0 1 1]   | Precisión: 0.81 | Hamming: 6
     Eve       --> [0 1 0 1 1 1 0 0 1 0 1 0 0 0 1 1 1 1 1 0 0 1 0 0 0 1 1 1 0 0 1 0]   | Precisión: 0.53 | Hamming: 15
------------------------------------------------------------

RESULTADOS FINALES

Bob -> Precisión media: 0.8778 | Hamming media: 3.91
Eve -> Precisión media: 0.4510 | Hamming media: 17.57
Bob -> Perfectas: 252 | Eve -> Perfectas: 0

EVALUACIÓN CON CLAVES ERRÓNEAS PARA BOB

[1] Bob (clave errada) --> [0 0 0 0 0 0 0 0 1 1 1 0 0 1 1 0 1 0 0 1 0 1 0 1 1 1 0 0 0 0 0 1] | Precisión: 0.91 | Hamming: 3
------------------------------------------------------------
[2] Bob (clave errada) --> [0 0 0 0 0 0 0 0 0 0 0 0 0 0 0 0 0 0 0 0 0 0 0 0 0 0 0 0 0 0 0 0] | Precisión: 0.44 | Hamming: 18
------------------------------------------------------------
[3] Bob (clave errada) --> [0 1 0 0 0 1 0 0 0 0 1 1 1 0 0 1 1 0 0 1 0 1 0 1 0 0 1 1 1 0 0 0] | Precisión: 0.88 | Hamming: 4
------------------------------------------------------------
[4] Bob (clave errada) --> [1 1 0 1 0 1 1 1 0 0 1 1 1 0 0 1 0 0 0 0 0 0 0 1 1 1 1 1 0 1 0 0] | Precisión: 0.91 | Hamming: 3
------------------------------------------------------------
[5] Bob (clave errada) --> [0 0 1 0 0 1 0 0 0 0 0 1 0 1 0 1 0 1 1 1 0 1 1 0 0 0 1 1 0 1 1 0] | Precisión: 0.84 | Hamming: 5
------------------------------------------------------------
[6] Bob (clave errada) --> [0 0 0 0 0 0 0 0 0 0 0 0 0 0 0 0 0 0 0 0 0 0 0 0 0 0 0 0 0 0 0 0] | Precisión: 0.41 | Hamming: 19
------------------------------------------------------------
[7] Bob (clave errada) --> [0 0 0 0 0 0 0 1 0 0 0 0 0 1 0 0 0 0 0 0 0 0 0 0 0 0 0 0 0 0 0 0] | Precisión: 0.56 | Hamming: 14
------------------------------------------------------------
[8] Bob (clave errada) --> [1 1 1 0 0 0 1 0 1 1 1 1 1 0 1 0 0 0 0 0 0 1 0 1 1 1 0 1 0 1 0 1] | Precisión: 0.97 | Hamming: 1
------------------------------------------------------------
[9] Bob (clave errada) --> [0 0 0 0 0 0 0 0 0 0 0 0 0 0 0 0 0 0 0 0 0 0 0 0 0 0 0 0 0 0 0 0] | Precisión: 0.47 | Hamming: 17
------------------------------------------------------------
[10] Bob (clave errada) --> [0 0 0 0 0 0 0 0 0 0 0 0 0 0 0 0 0 0 0 0 0 0 0 0 0 0 0 0 0 0 0 0] | Precisión: 0.53 | Hamming: 15
------------------------------------------------------------

RESULTADOS CON CLAVES ERRÓNEAS

Bob -> Precisión media (clave errada): 0.5863 | Hamming media: 13.24

EVALUACIÓN CON 1500:

[1] Original  --> [1 0 1 1 0 0 1 0 0 1 0 0 0 1 1 0 0 1 0 0 0 1 1 1 1 1 0 1 1 0 0 0]
     Bob       --> [1 0 0 1 0 0 1 0 0 1 0 0 0 1 0 0 0 1 0 0 0 1 1 1 1 1 0 1 1 0 0 0]   | Precisión: 0.94 | Hamming: 2
     Eve       --> [1 1 0 0 0 0 1 0 0 1 1 0 1 1 1 1 1 1 0 1 1 1 1 0 1 0 1 0 0 0 0 0]   | Precisión: 0.56 | Hamming: 14
------------------------------------------------------------
[2] Original  --> [0 0 1 1 1 1 1 0 1 0 0 1 0 0 0 1 0 1 1 0 1 0 1 0 0 1 0 1 1 0 0 0]
     Bob       --> [0 0 1 1 1 1 0 1 1 1 0 1 1 0 0 1 0 0 1 0 1 0 1 0 0 1 0 1 1 0 0 0]   | Precisión: 0.84 | Hamming: 5
     Eve       --> [0 1 0 0 0 1 1 1 0 1 0 0 1 1 0 1 1 1 0 0 1 1 0 0 0 0 0 1 0 0 0 0]   | Precisión: 0.50 | Hamming: 16
------------------------------------------------------------
[3] Original  --> [0 0 1 1 1 0 1 1 0 0 1 1 0 1 0 1 0 0 1 0 0 0 0 0 1 0 0 1 1 1 0 1]
     Bob       --> [0 0 1 1 1 0 1 1 0 0 1 1 1 1 1 1 0 0 1 0 0 0 0 0 1 0 0 1 1 1 0 1]   | Precisión: 0.94 | Hamming: 2
     Eve       --> [1 0 0 0 0 0 1 0 0 1 0 0 1 1 0 1 1 1 0 0 1 1 1 0 1 1 1 0 0 0 0 0]   | Precisión: 0.34 | Hamming: 21
------------------------------------------------------------
[4] Original  --> [0 0 0 1 1 1 0 0 1 1 0 0 1 0 0 1 0 1 0 0 1 0 1 0 0 0 0 1 1 0 0 1]
     Bob       --> [0 0 0 1 1 1 0 0 1 1 0 0 1 0 0 1 0 1 0 0 1 1 1 0 0 1 0 1 1 0 0 1]   | Precisión: 0.94 | Hamming: 2
     Eve       --> [1 1 0 1 0 1 1 1 0 1 0 0 1 1 0 1 1 1 0 0 1 1 1 0 0 0 1 0 1 0 0 0]   | Precisión: 0.62 | Hamming: 12
------------------------------------------------------------
[5] Original  --> [1 1 0 1 1 0 0 1 1 1 0 1 1 0 0 0 0 1 1 0 0 1 0 0 1 1 0 1 1 0 0 0]
     Bob       --> [1 1 0 1 1 0 0 1 1 1 0 1 1 0 1 0 0 1 1 0 0 1 0 0 1 1 0 1 1 0 0 0]   | Precisión: 0.97 | Hamming: 1
     Eve       --> [0 1 1 0 0 0 1 0 0 1 1 0 1 1 1 1 1 0 0 0 1 1 1 0 1 0 0 1 0 0 0 0]   | Precisión: 0.41 | Hamming: 19
------------------------------------------------------------
[6] Original  --> [0 0 1 1 0 0 0 1 1 0 1 1 0 0 0 1 1 0 1 0 1 1 0 0 0 0 0 1 1 1 0 0]
     Bob       --> [0 0 1 1 0 0 0 1 1 1 1 1 1 0 1 1 0 0 1 0 1 1 0 0 0 0 0 1 1 1 0 0]   | Precisión: 0.88 | Hamming: 4
     Eve       --> [1 1 0 0 0 1 1 1 0 1 1 0 1 1 0 1 1 1 0 0 1 1 1 0 1 0 0 1 0 0 0 0]   | Precisión: 0.47 | Hamming: 17
------------------------------------------------------------
[7] Original  --> [0 0 0 0 0 1 0 1 1 0 1 0 1 1 1 0 1 1 1 1 1 0 1 1 0 1 1 1 0 1 0 1]
     Bob       --> [0 0 0 0 0 1 0 1 0 0 0 0 1 1 1 0 1 1 1 1 1 1 1 1 0 1 1 0 0 1 0 1]   | Precisión: 0.88 | Hamming: 4
     Eve       --> [1 1 0 0 0 0 1 0 0 1 0 0 1 1 0 1 1 1 0 0 1 1 1 0 1 0 1 0 0 1 0 0]   | Precisión: 0.44 | Hamming: 18
------------------------------------------------------------
[8] Original  --> [0 0 1 1 0 1 1 1 1 0 1 1 0 1 0 1 0 1 0 0 0 1 0 0 1 0 1 1 1 1 1 0]
     Bob       --> [0 1 1 1 0 1 0 1 1 1 1 1 0 1 0 1 1 1 0 0 1 0 0 0 1 0 1 1 1 1 1 0]   | Precisión: 0.81 | Hamming: 6
     Eve       --> [1 1 0 0 0 0 1 1 0 1 0 0 1 1 0 1 1 1 0 0 1 1 1 0 1 0 1 0 0 0 0 0]   | Precisión: 0.47 | Hamming: 17
------------------------------------------------------------
[9] Original  --> [1 1 0 1 1 0 0 1 0 0 0 1 0 1 1 0 1 1 1 1 1 1 1 0 0 0 1 0 1 1 1 0]
     Bob       --> [1 1 0 1 1 0 0 1 1 0 0 1 0 1 1 0 1 1 1 1 1 1 1 0 0 0 1 0 0 0 1 0]   | Precisión: 0.91 | Hamming: 3
     Eve       --> [0 1 1 0 0 0 1 0 0 1 1 0 1 1 0 1 1 0 0 0 1 1 1 0 1 0 1 1 1 0 0 0]   | Precisión: 0.41 | Hamming: 19
------------------------------------------------------------
[10] Original  --> [0 0 0 0 0 1 0 0 1 0 1 1 1 0 0 1 0 1 1 1 0 1 0 1 1 0 1 0 1 1 0 0]
     Bob       --> [0 0 1 0 0 1 0 1 1 1 1 0 1 1 0 1 1 1 1 1 0 1 0 1 0 0 1 0 1 1 0 0]   | Precisión: 0.78 | Hamming: 7
     Eve       --> [1 1 0 0 0 0 1 0 0 1 0 0 0 1 0 1 1 1 0 0 1 1 1 0 1 0 1 0 0 1 1 0]   | Precisión: 0.44 | Hamming: 18
------------------------------------------------------------

RESULTADOS FINALES

Bob -> Precisión media: 0.8619 | Hamming media: 4.42
Eve -> Precisión media: 0.4772 | Hamming media: 16.73
Bob -> Perfectas: 146 | Eve -> Perfectas: 0

EVALUACIÓN CON CLAVES ERRÓNEAS PARA BOB

[1] Bob (clave errada) --> [0 0 0 0 0 0 0 0 0 0 0 0 0 0 0 0 0 0 0 0 0 0 0 0 0 0 0 0 0 0 0 0] | Precisión: 0.53 | Hamming: 15
------------------------------------------------------------
[2] Bob (clave errada) --> [0 0 0 0 0 1 0 0 0 0 0 1 0 0 0 0 0 0 0 0 1 0 0 0 0 0 0 0 0 0 0 0] | Precisión: 0.62 | Hamming: 12
------------------------------------------------------------
[3] Bob (clave errada) --> [0 0 0 1 0 0 0 0 0 0 1 0 0 0 0 0 0 0 0 0 0 0 0 0 0 0 0 1 0 0 0 0] | Precisión: 0.62 | Hamming: 12
------------------------------------------------------------
[4] Bob (clave errada) --> [0 0 0 0 0 1 0 0 0 0 0 0 0 0 0 1 0 0 0 0 0 0 0 0 0 0 0 1 0 0 0 0] | Precisión: 0.69 | Hamming: 10
------------------------------------------------------------
[5] Bob (clave errada) --> [1 0 0 1 1 0 0 0 1 0 0 0 0 0 0 0 0 0 1 0 0 0 0 0 1 1 0 1 0 0 0 0] | Precisión: 0.75 | Hamming: 8
------------------------------------------------------------
[6] Bob (clave errada) --> [0 0 0 0 0 0 0 0 0 0 0 0 0 0 0 0 0 0 0 0 0 0 0 0 0 0 0 0 0 0 0 0] | Precisión: 0.56 | Hamming: 14
------------------------------------------------------------
[7] Bob (clave errada) --> [0 0 0 0 0 0 0 0 0 0 0 0 1 1 0 0 0 1 0 0 1 0 0 0 0 0 1 0 0 1 0 1] | Precisión: 0.62 | Hamming: 12
------------------------------------------------------------
[8] Bob (clave errada) --> [0 0 0 1 0 0 0 0 0 0 1 0 0 0 0 0 0 0 0 0 0 0 0 0 0 0 0 0 0 0 0 0] | Precisión: 0.50 | Hamming: 16
------------------------------------------------------------
[9] Bob (clave errada) --> [0 0 0 0 0 0 0 0 0 0 0 0 0 0 0 0 0 0 0 0 0 0 0 0 0 0 0 0 0 0 0 0] | Precisión: 0.41 | Hamming: 19
------------------------------------------------------------
[10] Bob (clave errada) --> [0 0 0 0 0 0 0 0 0 0 0 0 0 0 0 0 0 0 0 0 0 0 0 0 0 0 0 0 0 0 0 0] | Precisión: 0.53 | Hamming: 15
------------------------------------------------------------

RESULTADOS CON CLAVES ERRÓNEAS

Bob -> Precisión media (clave errada): 0.5340 | Hamming media: 14.91

EVALUACIÓN CON 2000:

[1] Original  --> [0 0 1 1 0 0 1 0 1 0 1 0 0 1 1 0 0 1 1 1 0 1 0 1 1 0 1 0 0 0 0 1]
     Bob       --> [0 0 1 1 0 0 0 0 1 0 0 0 0 0 1 0 0 1 0 0 0 0 0 0 0 0 0 0 0 0 0 0]   | Precisión: 0.69 | Hamming: 10
     Eve       --> [0 1 0 1 0 0 0 0 0 1 1 0 1 1 0 0 0 0 0 1 1 0 1 0 1 1 1 0 1 0 1 1]   | Precisión: 0.50 | Hamming: 16
------------------------------------------------------------
[2] Original  --> [0 1 0 0 0 0 1 0 0 1 0 1 1 1 0 1 0 1 0 1 1 0 0 1 1 0 1 0 1 1 1 0]
     Bob       --> [0 1 0 0 0 0 1 0 0 0 1 1 1 0 0 0 0 1 0 0 0 0 0 0 0 0 0 0 1 0 0 0]   | Precisión: 0.66 | Hamming: 11
     Eve       --> [0 0 1 1 1 0 0 1 0 1 1 0 0 1 0 1 0 0 0 1 1 0 1 0 0 1 0 0 1 0 1 1]   | Precisión: 0.47 | Hamming: 17
------------------------------------------------------------
[3] Original  --> [1 0 0 0 0 1 0 1 1 0 0 0 1 0 1 0 1 0 0 0 0 1 0 0 0 0 1 1 0 0 0 1]
     Bob       --> [0 0 0 0 0 0 0 0 1 0 0 0 0 0 1 0 0 0 0 0 0 1 0 0 0 0 0 0 0 0 0 0]   | Precisión: 0.75 | Hamming: 8
     Eve       --> [0 1 0 1 0 0 0 0 1 1 1 0 0 0 0 0 0 0 1 0 0 0 1 0 0 1 0 0 1 1 1 1]   | Precisión: 0.41 | Hamming: 19
------------------------------------------------------------
[4] Original  --> [1 0 0 0 1 1 0 0 1 0 0 1 1 1 1 0 1 1 0 0 0 1 1 1 0 1 0 0 1 0 0 1]
     Bob       --> [0 0 0 0 0 0 0 1 0 0 0 0 0 0 0 0 0 0 0 0 0 0 0 1 0 0 0 0 0 0 0 0]   | Precisión: 0.50 | Hamming: 16
     Eve       --> [0 1 0 1 0 0 0 1 0 1 1 0 0 0 0 1 0 0 1 0 1 0 1 0 0 1 0 0 1 0 1 1]   | Precisión: 0.34 | Hamming: 21
------------------------------------------------------------
[5] Original  --> [0 1 0 0 0 0 0 1 0 0 1 1 0 1 0 1 0 1 1 0 0 0 0 1 1 1 1 1 0 1 0 1]
     Bob       --> [0 1 0 0 0 0 0 0 0 0 0 0 0 0 0 0 0 1 0 0 0 0 0 0 0 1 0 0 0 0 1 0]   | Precisión: 0.59 | Hamming: 13
     Eve       --> [0 1 1 1 1 0 0 0 1 1 1 0 0 1 0 1 0 0 1 1 1 0 1 0 0 1 1 0 1 0 1 1]   | Precisión: 0.47 | Hamming: 17
------------------------------------------------------------
[6] Original  --> [1 1 1 0 1 1 1 0 0 1 0 0 0 0 0 0 1 1 1 0 0 1 1 0 1 1 0 1 0 0 0 1]
     Bob       --> [0 1 1 0 0 0 0 0 0 0 0 0 0 0 0 1 0 0 0 0 0 1 1 1 0 0 0 1 0 0 0 0]   | Precisión: 0.59 | Hamming: 13
     Eve       --> [0 1 1 0 1 0 1 0 1 0 1 0 0 1 0 1 0 0 1 1 1 0 0 0 1 1 1 0 1 0 1 1]   | Precisión: 0.47 | Hamming: 17
------------------------------------------------------------
[7] Original  --> [1 0 1 0 0 0 1 1 0 0 0 0 1 0 0 1 1 1 1 1 1 1 0 0 0 1 1 0 1 0 1 1]
     Bob       --> [0 0 0 0 0 0 0 0 0 0 0 0 0 0 0 0 0 1 0 0 1 0 0 1 0 0 0 0 1 0 0 0]   | Precisión: 0.53 | Hamming: 15
     Eve       --> [0 1 1 1 1 0 0 0 1 0 1 0 1 1 0 1 0 0 1 1 0 0 1 0 0 1 0 0 1 1 1 1]   | Precisión: 0.50 | Hamming: 16
------------------------------------------------------------
[8] Original  --> [0 1 0 0 1 0 0 1 1 0 0 0 0 1 0 0 1 0 0 1 1 1 1 1 0 1 1 0 1 1 1 1]
     Bob       --> [0 0 0 0 0 0 0 0 1 0 0 0 0 0 0 0 0 0 0 0 0 0 1 0 0 1 0 0 1 0 0 0]   | Precisión: 0.59 | Hamming: 13
     Eve       --> [0 0 0 1 1 0 0 0 0 0 1 0 0 1 0 0 0 0 1 0 1 0 1 0 0 1 0 0 1 0 1 1]   | Precisión: 0.62 | Hamming: 12
------------------------------------------------------------
[9] Original  --> [0 0 0 0 0 1 1 1 0 1 1 0 1 0 0 1 1 1 1 1 1 1 0 1 0 1 0 0 0 0 0 0]
     Bob       --> [0 0 0 0 0 0 1 1 0 1 0 0 0 0 0 0 0 0 0 0 0 0 0 0 0 0 0 0 0 0 0 0]   | Precisión: 0.62 | Hamming: 12
     Eve       --> [0 1 0 1 0 1 0 1 1 1 1 0 0 1 0 1 0 0 0 1 1 0 1 0 0 1 0 0 1 0 1 1]   | Precisión: 0.53 | Hamming: 15
------------------------------------------------------------
[10] Original  --> [1 1 0 0 1 1 1 0 0 0 0 1 0 1 0 0 0 0 0 0 1 0 1 1 0 1 1 1 0 0 1 1]
     Bob       --> [0 0 0 0 1 0 0 0 0 0 0 1 0 0 0 0 0 0 0 0 1 0 1 0 0 1 1 1 0 0 0 0]   | Precisión: 0.75 | Hamming: 8
     Eve       --> [0 1 0 1 0 1 0 0 1 1 1 0 0 0 0 1 0 0 1 1 1 0 1 0 0 1 0 0 1 1 1 1]   | Precisión: 0.47 | Hamming: 17
------------------------------------------------------------

RESULTADOS FINALES

Bob -> Precisión media: 0.6333 | Hamming media: 11.73
Eve -> Precisión media: 0.4713 | Hamming media: 16.92
Bob -> Perfectas: 0 | Eve -> Perfectas: 0

EVALUACIÓN CON CLAVES ERRÓNEAS PARA BOB

[1] Bob (clave errada) --> [0 0 0 0 0 0 0 0 0 0 0 0 0 0 0 0 0 0 0 0 0 0 0 0 0 0 0 0 0 0 0 0] | Precisión: 0.53 | Hamming: 15
------------------------------------------------------------
[2] Bob (clave errada) --> [0 1 0 0 0 0 1 0 0 1 1 1 1 1 0 0 0 1 0 1 1 0 0 0 1 0 0 0 1 0 1 0] | Precisión: 0.84 | Hamming: 5
------------------------------------------------------------
[3] Bob (clave errada) --> [0 0 0 0 0 0 0 0 0 0 0 0 0 0 0 0 0 0 0 0 0 0 0 0 0 0 0 0 0 0 0 0] | Precisión: 0.66 | Hamming: 11
------------------------------------------------------------
[4] Bob (clave errada) --> [0 0 0 0 0 0 0 0 1 0 0 0 0 1 0 0 0 0 0 0 0 0 1 1 0 1 0 0 1 0 0 1] | Precisión: 0.72 | Hamming: 9
------------------------------------------------------------
[5] Bob (clave errada) --> [0 0 0 0 0 0 0 0 0 0 0 0 0 0 0 0 0 0 0 0 0 0 0 0 0 0 0 0 0 0 0 0] | Precisión: 0.53 | Hamming: 15
------------------------------------------------------------
[6] Bob (clave errada) --> [0 0 0 0 0 0 0 0 0 0 0 0 0 0 0 0 0 0 0 0 0 0 0 0 0 0 0 0 0 0 0 0] | Precisión: 0.50 | Hamming: 16
------------------------------------------------------------
[7] Bob (clave errada) --> [1 0 1 0 0 1 1 1 1 0 0 1 1 0 1 1 1 1 1 1 1 1 0 1 1 1 1 0 1 0 1 1] | Precisión: 0.81 | Hamming: 6
------------------------------------------------------------
[8] Bob (clave errada) --> [0 0 0 0 0 0 0 0 0 0 0 0 0 0 0 0 0 0 0 0 0 0 0 0 0 0 0 0 0 0 0 0] | Precisión: 0.47 | Hamming: 17
------------------------------------------------------------
[9] Bob (clave errada) --> [0 0 0 0 0 0 1 0 0 1 0 0 1 0 0 1 0 1 1 0 0 0 0 1 0 1 0 0 0 0 0 0] | Precisión: 0.78 | Hamming: 7
------------------------------------------------------------
[10] Bob (clave errada) --> [0 0 0 0 0 0 0 0 0 0 0 0 0 0 0 0 0 0 0 0 0 0 0 0 0 0 0 0 0 0 0 0] | Precisión: 0.53 | Hamming: 15
------------------------------------------------------------

RESULTADOS CON CLAVES ERRÓNEAS

Bob -> Precisión media (clave errada): 0.5403 | Hamming media: 14.71

EVALUACIÓN CON 2500:

[1] Original  --> [0 1 0 0 1 0 0 1 0 1 0 0 1 0 1 0 0 0 1 1 1 0 1 1 0 1 0 0 0 1 0 1]
     Bob       --> [0 1 0 0 1 0 0 1 0 1 0 0 1 0 1 0 0 0 1 1 1 0 1 1 0 1 0 0 0 1 0 0]   | Precisión: 0.97 | Hamming: 1
     Eve       --> [1 0 0 0 0 1 0 1 1 0 1 0 0 1 0 1 1 1 0 0 1 0 0 1 1 0 0 1 1 0 0 1]   | Precisión: 0.34 | Hamming: 21
------------------------------------------------------------
[2] Original  --> [0 1 0 1 0 1 1 1 0 1 0 1 0 1 0 0 1 0 0 1 1 1 0 1 0 0 1 0 0 1 1 1]
     Bob       --> [1 1 1 0 0 1 0 1 0 0 1 1 1 1 1 0 1 0 1 1 1 1 0 0 0 0 1 1 0 1 0 1]   | Precisión: 0.62 | Hamming: 12
     Eve       --> [0 0 0 0 0 1 0 1 0 0 1 0 0 0 0 1 1 1 1 0 1 0 1 1 1 1 0 1 1 0 0 0]   | Precisión: 0.34 | Hamming: 21
------------------------------------------------------------
[3] Original  --> [1 1 0 0 0 0 1 0 1 1 1 0 1 1 0 0 1 0 1 1 1 1 0 0 0 0 0 1 0 1 1 1]
     Bob       --> [1 1 0 0 0 1 1 0 1 1 1 1 0 1 1 0 1 0 1 1 1 1 0 0 0 0 0 1 0 1 0 1]   | Precisión: 0.84 | Hamming: 5
     Eve       --> [0 1 0 0 0 1 0 1 0 0 1 0 0 0 0 1 1 1 0 0 1 0 1 1 0 1 0 1 1 0 0 0]   | Precisión: 0.38 | Hamming: 20
------------------------------------------------------------
[4] Original  --> [0 1 0 1 0 0 1 0 1 0 1 0 0 0 1 0 1 1 0 0 1 1 0 0 1 0 0 1 0 0 0 1]
     Bob       --> [0 1 0 1 0 0 1 0 1 0 0 0 1 0 1 0 1 1 0 0 1 1 0 0 1 0 0 1 0 0 0 1]   | Precisión: 0.94 | Hamming: 2
     Eve       --> [0 0 0 0 0 1 0 1 1 0 0 1 1 1 0 1 0 1 0 0 0 0 1 1 1 1 0 1 1 1 0 0]   | Precisión: 0.38 | Hamming: 20
------------------------------------------------------------
[5] Original  --> [0 0 0 0 1 1 0 1 1 1 1 0 0 0 0 0 1 0 0 0 1 0 1 0 0 1 0 1 0 0 1 0]
     Bob       --> [1 0 0 1 1 1 0 1 1 0 0 0 0 0 0 0 0 0 0 0 1 0 1 0 0 1 0 1 0 0 1 0]   | Precisión: 0.84 | Hamming: 5
     Eve       --> [1 1 0 1 0 1 0 1 1 0 1 0 0 0 0 1 0 1 0 0 1 0 0 1 0 1 0 1 1 1 0 1]   | Precisión: 0.56 | Hamming: 14
------------------------------------------------------------
[6] Original  --> [0 1 0 0 0 1 0 1 1 1 1 0 0 0 1 0 0 0 1 0 1 0 0 1 0 0 0 1 0 0 1 0]
     Bob       --> [0 1 0 1 0 1 0 1 1 0 1 0 0 1 1 0 0 0 1 0 1 0 0 1 0 0 0 1 0 1 0 1]   | Precisión: 0.81 | Hamming: 6
     Eve       --> [0 0 0 0 0 1 0 1 0 0 1 0 0 1 0 1 1 1 0 0 1 0 0 1 0 1 0 1 1 0 0 1]   | Precisión: 0.59 | Hamming: 13
------------------------------------------------------------
[7] Original  --> [0 1 0 0 0 1 0 0 1 1 0 0 0 0 1 0 1 1 0 1 1 1 1 0 1 1 0 0 0 1 0 1]
     Bob       --> [0 1 1 0 0 1 0 0 1 1 0 0 1 0 1 0 1 0 0 1 1 1 1 0 1 1 0 0 0 1 0 1]   | Precisión: 0.91 | Hamming: 3
     Eve       --> [0 1 0 1 0 1 0 1 1 0 1 0 1 1 0 1 0 1 0 0 1 0 0 1 0 1 0 1 1 0 0 1]   | Precisión: 0.47 | Hamming: 17
------------------------------------------------------------
[8] Original  --> [0 0 0 1 1 0 1 1 1 0 0 1 1 0 0 0 1 1 1 1 0 1 1 1 0 1 0 0 0 1 1 1]
     Bob       --> [1 0 0 1 1 0 1 1 1 0 1 1 1 0 0 0 1 1 1 0 0 1 1 1 1 1 0 0 0 1 1 0]   | Precisión: 0.84 | Hamming: 5
     Eve       --> [0 1 1 0 0 1 0 0 0 0 0 0 0 1 0 1 1 1 0 0 1 0 0 1 0 1 0 1 1 0 0 1]   | Precisión: 0.34 | Hamming: 21
------------------------------------------------------------
[9] Original  --> [0 0 0 1 0 1 0 1 1 1 0 1 1 0 1 0 0 1 1 1 1 0 0 0 1 0 0 1 1 1 1 0]
     Bob       --> [0 0 0 1 0 1 0 1 1 1 0 1 1 0 1 0 0 1 1 1 1 0 0 0 1 0 0 1 1 1 0 1]   | Precisión: 0.94 | Hamming: 2
     Eve       --> [0 0 0 0 0 1 0 1 0 0 1 0 0 1 0 1 1 0 0 0 1 0 0 1 0 1 0 1 1 0 0 1]   | Precisión: 0.41 | Hamming: 19
------------------------------------------------------------
[10] Original  --> [1 0 1 1 0 0 1 0 0 1 0 1 0 0 1 1 1 0 1 0 1 0 1 1 0 1 1 1 1 1 0 1]
     Bob       --> [1 0 1 1 0 0 1 0 0 1 0 1 0 0 1 1 1 0 0 0 1 0 1 1 0 1 1 1 1 1 0 1]   | Precisión: 0.97 | Hamming: 1
     Eve       --> [0 0 0 0 0 1 0 1 1 0 1 0 1 1 0 1 0 1 0 0 1 0 1 1 1 0 0 1 1 0 0 1]   | Precisión: 0.38 | Hamming: 20
------------------------------------------------------------

RESULTADOS FINALES

Bob -> Precisión media: 0.9057 | Hamming media: 3.02
Eve -> Precisión media: 0.4527 | Hamming media: 17.51
Bob -> Perfectas: 643 | Eve -> Perfectas: 0

EVALUACIÓN CON CLAVES ERRÓNEAS PARA BOB

[1] Bob (clave errada) --> [0 0 0 0 0 0 0 0 0 0 0 0 0 0 0 0 0 0 0 0 0 0 0 0 0 0 0 0 0 0 0 0] | Precisión: 0.56 | Hamming: 14
------------------------------------------------------------
[2] Bob (clave errada) --> [0 0 0 0 0 0 0 0 0 0 0 0 0 0 0 0 0 0 0 0 0 0 0 0 0 0 0 0 0 0 0 0] | Precisión: 0.47 | Hamming: 17
------------------------------------------------------------
[3] Bob (clave errada) --> [1 1 0 0 0 0 1 0 1 1 1 1 1 1 1 0 1 0 1 0 0 1 0 0 1 0 1 1 0 1 0 1] | Precisión: 0.78 | Hamming: 7
------------------------------------------------------------
[4] Bob (clave errada) --> [0 0 0 0 0 0 0 0 0 0 0 0 0 0 0 0 0 0 0 0 0 0 0 0 0 0 0 0 0 0 0 0] | Precisión: 0.59 | Hamming: 13
------------------------------------------------------------
[5] Bob (clave errada) --> [0 0 0 0 0 0 0 0 0 0 0 0 0 0 0 0 0 0 0 0 0 0 0 0 0 0 0 0 0 0 0 0] | Precisión: 0.62 | Hamming: 12
------------------------------------------------------------
[6] Bob (clave errada) --> [0 0 0 0 0 0 0 0 0 0 0 0 0 0 0 0 0 0 0 0 0 0 0 0 0 0 0 0 0 0 0 0] | Precisión: 0.62 | Hamming: 12
------------------------------------------------------------
[7] Bob (clave errada) --> [0 0 0 0 0 0 0 0 0 0 0 0 0 0 0 0 0 0 0 0 0 1 0 0 0 0 0 0 0 0 0 0] | Precisión: 0.56 | Hamming: 14
------------------------------------------------------------
[8] Bob (clave errada) --> [0 0 0 0 0 0 0 0 0 0 0 0 0 0 0 0 0 0 0 0 0 0 0 0 0 0 0 0 0 0 0 0] | Precisión: 0.44 | Hamming: 18
------------------------------------------------------------
[9] Bob (clave errada) --> [0 0 0 0 0 0 0 0 0 0 0 0 0 0 0 0 0 0 0 0 0 0 0 0 0 0 0 0 0 0 0 0] | Precisión: 0.47 | Hamming: 17
------------------------------------------------------------
[10] Bob (clave errada) --> [0 0 0 0 0 0 0 0 0 0 0 0 0 0 0 0 0 0 0 0 0 0 0 0 0 0 0 0 0 0 0 0] | Precisión: 0.41 | Hamming: 19
------------------------------------------------------------

RESULTADOS CON CLAVES ERRÓNEAS

Bob -> Precisión media (clave errada): 0.5255 | Hamming media: 15.19

EVALUACIÓN CON 3000:

[1] Original  --> [0 0 1 1 0 0 1 0 0 0 0 0 1 0 1 1 1 1 1 1 1 1 1 1 0 1 1 1 0 0 1 0]
     Bob       --> [0 0 0 1 0 0 1 1 0 0 0 1 1 0 1 1 1 1 1 1 1 1 1 1 0 1 1 1 0 0 1 0]   | Precisión: 0.91 | Hamming: 3
     Eve       --> [1 0 0 0 0 0 0 1 0 0 1 0 0 1 0 1 0 1 1 1 1 1 1 0 0 0 1 0 1 1 1 0]   | Precisión: 0.53 | Hamming: 15
------------------------------------------------------------
[2] Original  --> [0 1 0 0 0 1 0 1 1 1 0 1 1 1 1 1 0 1 1 0 1 0 0 1 0 0 0 0 0 0 1 0]
     Bob       --> [0 1 0 0 0 1 0 1 1 1 0 1 1 1 1 1 0 1 1 1 1 0 0 1 0 0 0 0 0 0 1 0]   | Precisión: 0.97 | Hamming: 1
     Eve       --> [1 0 1 1 0 0 0 1 0 0 1 0 0 1 0 1 1 1 0 1 0 1 1 0 0 0 1 1 1 1 0 0]   | Precisión: 0.28 | Hamming: 23
------------------------------------------------------------
[3] Original  --> [0 1 0 0 0 1 1 1 0 1 1 0 0 1 0 1 0 1 0 1 1 0 0 1 0 0 0 0 1 0 1 0]
     Bob       --> [0 1 0 0 0 1 1 1 0 1 0 1 0 1 0 1 0 1 0 1 1 0 0 1 0 0 0 0 1 0 1 0]   | Precisión: 0.94 | Hamming: 2
     Eve       --> [1 0 1 0 0 1 0 0 0 0 0 0 0 1 0 1 0 0 0 1 1 1 1 0 0 1 1 1 1 1 0 1]   | Precisión: 0.47 | Hamming: 17
------------------------------------------------------------
[4] Original  --> [0 1 1 1 1 1 1 0 1 1 1 1 1 1 0 0 0 1 0 1 0 1 0 1 0 0 0 0 1 1 0 1]
     Bob       --> [0 1 1 1 1 1 1 0 1 1 1 1 1 1 0 0 0 1 0 1 1 1 0 1 0 0 0 0 1 1 0 1]   | Precisión: 0.97 | Hamming: 1
     Eve       --> [1 0 1 1 1 1 0 1 0 0 0 0 0 1 0 1 1 1 0 1 1 1 1 0 1 0 1 1 1 1 1 1]   | Precisión: 0.44 | Hamming: 18
------------------------------------------------------------
[5] Original  --> [0 1 0 0 0 0 1 0 1 1 0 1 0 1 0 0 1 0 0 1 1 1 0 0 1 0 0 1 0 0 1 1]
     Bob       --> [0 1 0 0 0 0 1 0 1 1 0 1 0 1 0 0 1 0 0 1 1 1 0 0 1 0 0 0 0 0 1 1]   | Precisión: 0.97 | Hamming: 1
     Eve       --> [1 0 1 1 0 1 0 1 0 0 1 1 0 1 0 1 0 1 0 1 0 0 1 0 0 1 1 1 1 1 0 1]   | Precisión: 0.31 | Hamming: 22
------------------------------------------------------------
[6] Original  --> [1 0 0 1 0 0 0 1 1 1 1 0 1 0 1 0 1 0 1 1 1 0 0 1 1 0 1 0 1 1 1 1]
     Bob       --> [1 0 0 1 0 0 0 1 0 1 1 0 1 0 1 0 1 0 1 1 1 1 0 1 1 0 1 1 1 1 1 1]   | Precisión: 0.91 | Hamming: 3
     Eve       --> [1 0 1 1 0 1 0 1 0 0 1 0 0 1 0 1 0 1 0 1 0 1 1 0 0 0 0 1 1 1 1 0]   | Precisión: 0.41 | Hamming: 19
------------------------------------------------------------
[7] Original  --> [1 1 0 1 0 0 1 1 1 1 1 0 1 0 0 0 0 0 0 0 1 0 1 1 0 1 1 0 1 0 1 1]
     Bob       --> [1 1 1 1 0 0 1 1 1 1 0 0 0 0 0 0 1 0 0 0 1 1 1 1 1 1 1 0 1 0 1 1]   | Precisión: 0.81 | Hamming: 6
     Eve       --> [1 0 1 1 0 0 0 1 0 0 1 0 0 1 0 1 1 1 1 1 0 1 1 0 0 0 0 1 1 1 1 0]   | Precisión: 0.38 | Hamming: 20
------------------------------------------------------------
[8] Original  --> [1 0 1 1 0 1 1 1 0 0 0 0 1 0 0 0 1 0 0 1 0 1 0 1 0 0 1 0 1 0 0 0]
     Bob       --> [1 0 1 1 0 1 1 1 0 0 1 0 1 0 0 0 1 0 0 1 1 1 0 1 0 0 1 1 1 0 0 0]   | Precisión: 0.91 | Hamming: 3
     Eve       --> [1 0 1 0 1 1 0 1 0 0 0 0 0 1 0 1 0 1 0 1 1 1 1 0 0 0 0 1 1 1 1 1]   | Precisión: 0.50 | Hamming: 16
------------------------------------------------------------
[9] Original  --> [0 1 0 1 0 1 0 0 0 0 1 0 0 0 0 0 1 1 0 1 1 0 1 1 1 1 0 0 0 1 1 1]
     Bob       --> [0 1 0 1 0 1 0 0 0 0 1 1 0 0 0 0 1 1 0 0 1 0 1 1 1 1 0 1 0 1 1 1]   | Precisión: 0.91 | Hamming: 3
     Eve       --> [1 0 1 0 0 0 0 0 0 0 0 0 0 0 0 1 1 1 1 1 0 1 1 0 0 0 0 1 1 1 1 0]   | Precisión: 0.50 | Hamming: 16
------------------------------------------------------------
[10] Original  --> [0 1 1 1 1 0 0 0 0 0 0 1 0 0 1 1 0 1 0 1 1 1 0 1 1 0 0 0 0 1 0 0]
     Bob       --> [0 1 0 1 1 0 0 0 0 0 1 1 0 1 1 1 0 1 0 1 1 1 0 1 1 0 0 0 1 0 0 0]   | Precisión: 0.84 | Hamming: 5
     Eve       --> [1 0 1 1 0 1 0 1 0 0 1 0 0 1 0 1 1 1 0 1 1 1 1 0 0 0 1 1 1 1 1 1]   | Precisión: 0.44 | Hamming: 18
------------------------------------------------------------

RESULTADOS FINALES

Bob -> Precisión media: 0.9013 | Hamming media: 3.16
Eve -> Precisión media: 0.4526 | Hamming media: 17.52
Bob -> Perfectas: 545 | Eve -> Perfectas: 0

EVALUACIÓN CON CLAVES ERRÓNEAS PARA BOB

[1] Bob (clave errada) --> [0 0 0 0 0 0 0 0 0 0 0 0 0 0 0 0 0 0 0 0 0 0 0 0 0 0 0 0 0 0 0 0] | Precisión: 0.44 | Hamming: 18
------------------------------------------------------------
[2] Bob (clave errada) --> [0 0 0 0 0 0 0 0 0 0 0 0 0 0 0 0 0 0 0 0 0 0 0 0 0 0 0 0 0 0 0 0] | Precisión: 0.53 | Hamming: 15
------------------------------------------------------------
[3] Bob (clave errada) --> [0 0 0 0 0 0 0 0 0 0 0 0 0 0 0 0 0 0 0 0 0 0 0 0 0 0 0 0 0 0 0 0] | Precisión: 0.56 | Hamming: 14
------------------------------------------------------------
[4] Bob (clave errada) --> [0 0 0 0 0 0 0 0 0 0 0 0 0 0 0 0 0 0 0 0 0 0 0 0 0 0 0 0 0 0 0 0] | Precisión: 0.41 | Hamming: 19
------------------------------------------------------------
[5] Bob (clave errada) --> [0 0 0 0 0 0 0 0 0 0 0 0 0 0 0 0 0 0 0 0 0 0 0 0 0 0 0 0 0 0 0 0] | Precisión: 0.56 | Hamming: 14
------------------------------------------------------------
[6] Bob (clave errada) --> [0 0 0 0 0 0 0 0 0 0 0 0 0 0 0 0 0 0 0 0 0 0 0 0 0 0 0 0 0 0 0 0] | Precisión: 0.41 | Hamming: 19
------------------------------------------------------------
[7] Bob (clave errada) --> [0 0 0 0 0 0 0 0 0 0 0 0 0 0 0 0 0 0 0 0 0 0 0 0 0 0 0 0 0 0 0 0] | Precisión: 0.47 | Hamming: 17
------------------------------------------------------------
[8] Bob (clave errada) --> [0 0 0 0 0 0 0 0 0 0 0 0 0 0 0 0 0 0 0 0 0 0 0 0 0 0 0 0 0 0 0 0] | Precisión: 0.59 | Hamming: 13
------------------------------------------------------------
[9] Bob (clave errada) --> [0 0 0 0 0 0 0 0 0 0 0 0 0 0 0 0 0 0 0 0 0 0 0 0 0 0 0 0 0 0 0 0] | Precisión: 0.53 | Hamming: 15
------------------------------------------------------------
[10] Bob (clave errada) --> [0 0 0 0 0 0 0 0 0 0 0 0 0 0 0 0 0 0 0 0 0 0 0 0 0 0 0 0 0 0 0 0] | Precisión: 0.56 | Hamming: 14
------------------------------------------------------------

RESULTADOS CON CLAVES ERRÓNEAS

Bob -> Precisión media (clave errada): 0.5160 | Hamming media: 15.49

EVALUACIÓN CON 3500:

[1] Original  --> [1 1 0 1 0 1 1 0 0 1 1 1 1 0 0 0 1 0 1 0 0 0 1 1 1 0 1 1 0 0 1 0]
     Bob       --> [0 0 0 0 0 0 0 0 0 0 0 0 0 0 0 0 1 0 0 0 0 0 1 0 0 0 0 0 0 0 0 0]   | Precisión: 0.53 | Hamming: 15
     Eve       --> [1 1 0 1 0 0 0 0 0 0 1 0 0 1 1 0 0 1 1 1 1 1 0 0 1 0 0 0 0 0 0 0]   | Precisión: 0.47 | Hamming: 17
------------------------------------------------------------
[2] Original  --> [1 1 0 1 1 1 0 0 1 0 1 1 1 0 1 1 0 0 1 1 0 1 1 1 1 1 0 0 1 0 0 1]
     Bob       --> [0 0 0 0 1 1 0 0 0 0 1 0 0 0 0 0 0 0 0 0 0 0 1 1 0 0 0 0 0 0 0 0]   | Precisión: 0.53 | Hamming: 15
     Eve       --> [1 1 0 1 0 0 0 0 0 0 1 0 0 1 1 0 0 1 1 1 0 1 0 0 1 0 0 0 0 0 0 0]   | Precisión: 0.59 | Hamming: 13
------------------------------------------------------------
[3] Original  --> [1 0 0 1 1 0 0 1 1 0 0 0 0 1 1 0 1 1 0 1 0 0 0 1 0 0 1 1 0 1 1 0]
     Bob       --> [0 0 0 0 0 0 0 1 0 0 0 0 0 1 1 0 1 1 0 0 0 0 0 1 0 0 0 1 0 1 0 0]   | Precisión: 0.78 | Hamming: 7
     Eve       --> [0 1 0 1 0 0 0 0 0 0 1 0 1 1 1 1 0 1 1 1 1 1 0 0 1 0 0 0 1 0 0 0]   | Precisión: 0.41 | Hamming: 19
------------------------------------------------------------
[4] Original  --> [0 0 0 1 1 0 0 1 0 1 0 0 0 0 1 0 0 0 0 0 0 1 1 1 0 0 1 1 0 1 1 1]
     Bob       --> [0 0 0 0 1 0 0 0 0 0 0 0 0 0 1 0 0 0 0 0 0 0 1 0 0 0 0 1 0 1 0 0]   | Precisión: 0.75 | Hamming: 8
     Eve       --> [1 1 0 1 0 0 0 0 0 0 1 0 1 1 1 1 0 1 1 1 1 1 0 0 1 0 0 0 1 0 0 0]   | Precisión: 0.31 | Hamming: 22
------------------------------------------------------------
[5] Original  --> [1 0 0 0 0 1 0 0 1 0 0 1 0 0 0 1 1 0 1 0 0 0 1 0 1 1 0 1 0 0 1 0]
     Bob       --> [1 0 0 0 0 1 0 0 0 0 0 0 0 0 0 0 1 0 0 0 0 0 1 0 0 0 0 1 0 0 0 0]   | Precisión: 0.78 | Hamming: 7
     Eve       --> [0 1 0 1 0 0 0 0 0 0 1 0 0 1 1 0 0 1 1 1 1 1 0 0 1 0 0 0 0 0 0 0]   | Precisión: 0.41 | Hamming: 19
------------------------------------------------------------
[6] Original  --> [1 0 0 1 1 1 1 0 1 1 1 1 1 1 0 1 1 0 0 0 0 1 1 1 0 1 1 1 1 1 1 1]
     Bob       --> [0 0 0 0 1 0 1 0 1 1 1 1 0 0 0 0 1 0 0 0 0 0 1 1 0 1 0 1 1 0 0 1]   | Precisión: 0.69 | Hamming: 10
     Eve       --> [0 1 0 1 0 0 0 0 0 0 1 0 0 1 1 0 0 1 1 1 1 1 0 0 1 0 0 0 0 0 0 0]   | Precisión: 0.19 | Hamming: 26
------------------------------------------------------------
[7] Original  --> [0 0 0 1 1 1 1 0 0 1 1 1 0 0 0 1 0 0 0 1 1 1 0 0 1 1 0 0 0 1 1 0]
     Bob       --> [0 0 0 0 1 1 1 0 0 0 0 1 0 0 0 0 0 0 0 0 0 1 0 0 0 0 0 0 0 1 0 0]   | Precisión: 0.72 | Hamming: 9
     Eve       --> [0 1 0 1 0 0 0 1 0 0 1 0 0 1 1 0 0 1 1 1 0 1 0 0 1 0 0 0 0 0 0 0]   | Precisión: 0.50 | Hamming: 16
------------------------------------------------------------
[8] Original  --> [1 0 0 0 1 1 0 1 1 0 1 0 0 0 1 1 1 1 0 0 0 1 1 0 1 0 1 1 0 0 0 0]
     Bob       --> [1 0 0 0 0 1 0 1 0 0 0 0 0 0 0 0 0 0 0 0 0 1 0 0 0 0 0 1 0 0 0 0]   | Precisión: 0.69 | Hamming: 10
     Eve       --> [0 1 0 1 0 0 0 1 0 0 1 0 0 1 1 0 0 1 1 1 0 1 0 0 1 0 0 0 0 0 0 0]   | Precisión: 0.56 | Hamming: 14
------------------------------------------------------------
[9] Original  --> [0 0 1 0 1 0 1 0 1 1 1 0 0 1 1 1 1 0 0 0 1 0 1 0 1 0 0 0 0 1 1 1]
     Bob       --> [0 0 0 0 0 0 1 0 0 0 0 0 0 0 0 0 0 0 0 0 0 0 0 0 0 0 0 0 0 1 0 0]   | Precisión: 0.56 | Hamming: 14
     Eve       --> [0 1 0 1 0 0 0 0 0 0 1 0 1 1 0 1 0 1 1 1 1 1 0 0 1 0 0 0 1 0 0 0]   | Precisión: 0.41 | Hamming: 19
------------------------------------------------------------
[10] Original  --> [0 1 0 0 1 1 1 1 1 1 1 1 1 1 1 1 0 1 0 1 0 1 1 1 0 1 1 0 0 1 1 0]
     Bob       --> [0 0 0 0 0 0 0 1 0 0 1 1 0 0 1 0 0 0 0 0 0 1 0 0 0 0 0 0 0 1 0 0]   | Precisión: 0.50 | Hamming: 16
     Eve       --> [1 1 0 1 0 0 0 0 0 0 1 0 0 1 1 0 0 1 1 1 0 1 0 0 1 0 0 0 0 0 0 0]   | Precisión: 0.41 | Hamming: 19
------------------------------------------------------------

RESULTADOS FINALES

Bob -> Precisión media: 0.6492 | Hamming media: 11.22
Eve -> Precisión media: 0.4813 | Hamming media: 16.60
Bob -> Perfectas: 1 | Eve -> Perfectas: 0

EVALUACIÓN CON CLAVES ERRÓNEAS PARA BOB

[1] Bob (clave errada) --> [0 0 0 0 0 0 0 0 0 0 0 0 0 0 0 0 0 0 0 0 0 0 0 0 0 0 0 0 0 0 0 0] | Precisión: 0.47 | Hamming: 17
------------------------------------------------------------
[2] Bob (clave errada) --> [1 0 0 0 1 1 0 0 1 1 1 0 1 0 0 0 0 0 0 0 0 0 1 1 1 0 0 0 1 0 0 0] | Precisión: 0.66 | Hamming: 11
------------------------------------------------------------
[3] Bob (clave errada) --> [0 0 0 0 0 0 0 0 0 0 0 0 0 0 0 0 0 0 0 0 0 0 0 0 0 0 0 0 0 0 0 0] | Precisión: 0.53 | Hamming: 15
------------------------------------------------------------
[4] Bob (clave errada) --> [0 0 0 0 0 0 0 0 0 0 0 0 0 0 0 0 0 0 0 0 0 0 0 0 0 0 0 0 0 0 0 0] | Precisión: 0.59 | Hamming: 13
------------------------------------------------------------
[5] Bob (clave errada) --> [0 0 0 0 0 0 0 0 0 0 0 0 0 0 0 0 0 0 0 0 0 0 0 0 0 0 0 0 0 0 0 0] | Precisión: 0.62 | Hamming: 12
------------------------------------------------------------
[6] Bob (clave errada) --> [0 0 0 0 0 0 0 0 0 0 0 0 0 0 0 0 0 0 0 0 0 0 0 0 0 0 0 0 0 0 0 0] | Precisión: 0.28 | Hamming: 23
------------------------------------------------------------
[7] Bob (clave errada) --> [0 0 0 0 1 1 1 0 0 0 0 1 0 0 0 0 0 0 0 0 0 1 0 0 1 0 0 0 0 1 0 0] | Precisión: 0.75 | Hamming: 8
------------------------------------------------------------
[8] Bob (clave errada) --> [0 0 0 0 0 0 0 0 0 0 0 0 0 0 0 0 0 0 0 0 0 1 0 0 0 0 0 1 0 0 0 0] | Precisión: 0.59 | Hamming: 13
------------------------------------------------------------
[9] Bob (clave errada) --> [0 0 0 0 0 0 0 0 0 0 0 0 0 0 0 0 0 0 0 0 0 0 0 0 0 0 0 0 0 0 0 0] | Precisión: 0.50 | Hamming: 16
------------------------------------------------------------
[10] Bob (clave errada) --> [0 0 0 0 0 0 0 0 0 0 0 0 0 0 0 0 0 0 0 0 0 0 0 0 0 0 0 0 0 0 0 0] | Precisión: 0.31 | Hamming: 22
------------------------------------------------------------

RESULTADOS CON CLAVES ERRÓNEAS

Bob -> Precisión media (clave errada): 0.5534 | Hamming media: 14.29

EVALUACIÓN CON 4000:

[1] Original  --> [0 1 0 1 0 0 1 1 1 0 0 1 0 1 1 1 1 1 0 0 1 1 0 0 0 0 1 1 1 1 0 1]
     Bob       --> [1 1 0 1 0 0 1 1 1 0 0 1 0 1 1 1 1 1 0 0 1 1 0 1 0 0 1 1 1 1 1 1]   | Precisión: 0.91 | Hamming: 3
     Eve       --> [0 0 1 1 0 1 1 0 1 1 1 1 1 0 1 1 1 0 1 1 0 1 0 0 0 0 0 0 0 0 1 0]   | Precisión: 0.44 | Hamming: 18
------------------------------------------------------------
[2] Original  --> [0 0 1 0 0 0 1 1 1 1 1 1 0 0 0 1 1 0 0 1 0 0 1 0 1 0 1 1 1 0 0 1]
     Bob       --> [0 0 1 1 0 1 1 0 1 1 1 0 0 0 1 1 1 0 1 1 0 0 1 0 1 0 1 1 0 0 1 1]   | Precisión: 0.75 | Hamming: 8
     Eve       --> [0 0 1 1 0 1 1 0 1 1 1 1 1 0 0 1 1 0 0 1 0 0 0 0 0 0 0 0 0 0 1 0]   | Precisión: 0.66 | Hamming: 11
------------------------------------------------------------
[3] Original  --> [0 0 1 0 1 1 1 0 0 1 1 1 0 1 1 1 1 1 0 0 0 0 0 0 0 0 1 1 1 1 0 1]
     Bob       --> [1 0 1 1 1 1 1 1 0 1 1 1 0 1 1 1 1 1 0 0 0 0 0 0 0 0 1 1 1 1 1 1]   | Precisión: 0.88 | Hamming: 4
     Eve       --> [0 0 1 1 0 0 1 0 1 1 1 1 1 0 1 1 1 0 1 1 0 1 0 0 0 1 0 0 0 0 1 0]   | Precisión: 0.47 | Hamming: 17
------------------------------------------------------------
[4] Original  --> [1 1 0 1 1 0 0 0 1 1 0 0 1 1 1 1 0 1 1 0 0 0 0 1 1 1 0 0 1 1 1 0]
     Bob       --> [1 1 0 1 1 0 0 1 1 1 0 1 1 0 0 1 0 1 1 0 0 0 0 1 1 1 0 0 1 1 0 0]   | Precisión: 0.84 | Hamming: 5
     Eve       --> [0 1 1 1 0 0 1 0 1 1 1 1 1 1 1 1 1 0 0 1 1 1 0 0 0 0 0 0 0 0 1 0]   | Precisión: 0.47 | Hamming: 17
------------------------------------------------------------
[5] Original  --> [0 0 1 0 1 1 1 1 0 0 0 0 0 1 1 1 0 0 1 1 0 1 0 1 1 0 1 0 0 0 1 1]
     Bob       --> [1 0 1 0 1 1 1 1 0 0 0 0 0 1 1 1 0 0 1 0 0 1 0 0 1 1 1 0 1 0 1 1]   | Precisión: 0.84 | Hamming: 5
     Eve       --> [1 0 0 1 0 0 1 0 1 1 1 1 1 0 0 1 1 0 0 0 0 1 0 0 0 0 0 0 0 0 1 1]   | Precisión: 0.41 | Hamming: 19
------------------------------------------------------------
[6] Original  --> [1 1 0 0 0 1 1 0 0 0 0 1 0 1 0 1 0 1 0 1 1 0 1 1 0 0 0 1 0 1 0 1]
     Bob       --> [1 1 0 0 0 1 1 0 1 0 0 1 0 1 0 1 0 1 0 1 1 0 1 1 0 0 0 1 1 1 0 1]   | Precisión: 0.94 | Hamming: 2
     Eve       --> [0 0 1 1 1 0 1 0 1 1 1 1 0 0 1 1 1 0 0 1 0 1 0 0 0 1 1 0 0 0 1 1]   | Precisión: 0.31 | Hamming: 22
------------------------------------------------------------
[7] Original  --> [1 0 0 1 0 0 0 1 1 1 1 1 1 0 0 0 0 1 1 0 1 1 0 1 0 0 0 1 0 1 1 0]
     Bob       --> [1 0 0 1 0 0 0 1 1 1 1 0 1 0 0 0 0 1 0 0 1 1 0 1 0 0 0 1 1 1 0 0]   | Precisión: 0.88 | Hamming: 4
     Eve       --> [0 0 1 1 0 0 1 0 1 1 1 1 0 0 1 1 1 0 0 1 0 1 0 0 0 1 0 0 0 0 1 0]   | Precisión: 0.50 | Hamming: 16
------------------------------------------------------------
[8] Original  --> [0 1 1 0 0 1 1 0 0 1 1 0 1 0 0 1 1 1 0 1 1 1 0 0 1 1 1 1 1 0 0 1]
     Bob       --> [0 0 1 0 0 1 1 0 0 1 1 0 1 0 1 1 1 0 1 1 1 1 0 0 1 1 0 1 0 1 1 1]   | Precisión: 0.75 | Hamming: 8
     Eve       --> [0 0 1 1 1 0 1 0 1 1 1 1 1 0 1 1 1 0 0 1 0 1 0 0 0 1 0 0 0 0 1 1]   | Precisión: 0.56 | Hamming: 14
------------------------------------------------------------
[9] Original  --> [1 1 1 0 1 1 0 0 1 0 1 1 0 0 1 0 0 0 0 0 0 0 0 1 0 1 0 1 0 1 0 1]
     Bob       --> [1 1 1 0 1 0 0 0 0 0 1 1 0 0 0 0 0 0 0 0 0 0 0 1 1 1 0 1 1 1 0 1]   | Precisión: 0.84 | Hamming: 5
     Eve       --> [1 0 1 1 1 0 1 0 1 1 1 1 1 0 1 1 1 0 0 0 0 1 0 0 0 0 0 0 0 0 1 0]   | Precisión: 0.53 | Hamming: 15
------------------------------------------------------------
[10] Original  --> [1 0 0 0 1 1 0 1 0 0 0 1 1 0 1 1 1 1 0 1 1 1 1 0 0 1 0 1 1 1 1 1]
     Bob       --> [0 0 0 0 1 1 0 0 0 0 0 1 1 0 1 1 1 1 1 1 1 1 1 0 0 1 0 1 1 1 1 1]   | Precisión: 0.91 | Hamming: 3
     Eve       --> [0 0 1 1 1 0 1 0 1 1 1 1 0 0 0 1 1 0 0 0 1 1 0 0 0 0 0 0 0 0 1 0]   | Precisión: 0.41 | Hamming: 19
------------------------------------------------------------

RESULTADOS FINALES

Bob -> Precisión media: 0.8783 | Hamming media: 3.89
Eve -> Precisión media: 0.4811 | Hamming media: 16.61
Bob -> Perfectas: 157 | Eve -> Perfectas: 0

EVALUACIÓN CON CLAVES ERRÓNEAS PARA BOB

[1] Bob (clave errada) --> [0 0 0 0 0 0 0 0 0 0 0 0 0 0 0 0 0 0 0 0 0 0 0 0 0 0 0 0 0 0 0 0] | Precisión: 0.44 | Hamming: 18
------------------------------------------------------------
[2] Bob (clave errada) --> [0 0 0 0 0 0 0 0 0 0 0 0 0 0 0 0 0 0 0 0 0 0 0 0 0 0 0 0 0 0 0 0] | Precisión: 0.50 | Hamming: 16
------------------------------------------------------------
[3] Bob (clave errada) --> [0 0 0 0 0 0 0 0 0 0 0 0 0 0 0 0 0 0 0 0 0 0 0 0 0 0 0 0 0 0 0 0] | Precisión: 0.47 | Hamming: 17
------------------------------------------------------------
[4] Bob (clave errada) --> [0 0 0 0 0 0 0 0 0 0 0 0 0 0 0 0 0 0 0 0 0 0 0 0 0 0 0 0 0 0 0 0] | Precisión: 0.44 | Hamming: 18
------------------------------------------------------------
[5] Bob (clave errada) --> [0 0 0 0 0 0 0 0 0 0 0 0 0 0 0 0 0 0 0 0 0 0 0 0 0 0 0 0 0 0 0 0] | Precisión: 0.50 | Hamming: 16
------------------------------------------------------------
[6] Bob (clave errada) --> [0 0 0 0 0 0 0 0 0 0 0 0 0 0 0 0 0 0 0 0 0 0 0 0 0 0 0 0 0 0 0 0] | Precisión: 0.53 | Hamming: 15
------------------------------------------------------------
[7] Bob (clave errada) --> [0 0 0 0 0 0 0 0 0 0 0 0 0 0 0 0 0 0 0 0 0 0 0 0 0 0 0 0 0 0 0 0] | Precisión: 0.50 | Hamming: 16
------------------------------------------------------------
[8] Bob (clave errada) --> [0 0 0 0 0 0 0 0 0 0 0 0 0 0 0 0 0 0 0 0 0 0 0 0 0 0 0 0 0 0 0 0] | Precisión: 0.41 | Hamming: 19
------------------------------------------------------------
[9] Bob (clave errada) --> [0 0 0 0 0 0 0 0 0 0 0 0 0 0 0 0 0 0 0 0 0 0 0 0 0 0 0 0 0 0 0 0] | Precisión: 0.56 | Hamming: 14
------------------------------------------------------------
[10] Bob (clave errada) --> [0 0 0 0 0 0 0 0 0 0 0 0 0 0 0 0 0 0 0 0 0 0 0 0 0 0 0 0 0 0 0 0] | Precisión: 0.38 | Hamming: 20
------------------------------------------------------------

RESULTADOS CON CLAVES ERRÓNEAS

Bob -> Precisión media (clave errada): 0.5095 | Hamming media: 15.70

EVALUACIÓN CON 4500:

[1] Original  --> [1 1 1 1 0 1 0 0 1 1 1 0 0 1 1 1 0 0 0 0 0 1 1 1 0 1 1 0 1 0 0 1]
     Bob       --> [1 1 1 0 0 1 0 0 1 1 1 0 0 0 1 1 1 1 0 0 0 0 1 1 0 0 0 0 1 0 0 1]   | Precisión: 0.78 | Hamming: 7
     Eve       --> [0 0 0 0 0 1 0 1 0 0 1 1 0 1 0 1 0 0 0 0 0 1 0 1 0 0 0 1 0 1 1 0]   | Precisión: 0.47 | Hamming: 17
------------------------------------------------------------
[2] Original  --> [1 1 1 1 1 1 0 1 1 0 0 0 1 1 1 1 1 0 0 1 1 0 1 0 1 1 0 1 1 0 0 1]
     Bob       --> [1 1 1 1 0 1 0 1 1 0 0 0 1 1 1 1 1 0 0 1 1 1 1 0 1 1 0 1 1 0 0 0]   | Precisión: 0.91 | Hamming: 3
     Eve       --> [0 0 0 0 0 1 0 1 1 0 1 1 0 1 0 1 0 0 0 0 0 1 0 0 0 1 0 1 0 1 1 0]   | Precisión: 0.41 | Hamming: 19
------------------------------------------------------------
[3] Original  --> [0 0 1 1 0 0 1 0 1 1 1 0 0 1 1 0 1 1 0 1 1 1 1 0 0 0 1 0 0 1 0 0]
     Bob       --> [0 0 0 1 1 0 1 0 1 1 1 0 0 1 1 0 1 1 0 1 1 1 1 0 1 0 1 0 0 1 0 0]   | Precisión: 0.91 | Hamming: 3
     Eve       --> [0 1 0 0 0 1 0 1 1 0 1 1 1 1 0 1 0 1 0 0 0 1 0 0 0 1 0 1 0 1 1 0]   | Precisión: 0.41 | Hamming: 19
------------------------------------------------------------
[4] Original  --> [1 0 0 1 1 1 1 0 0 0 1 1 0 1 1 1 0 1 0 0 0 1 1 1 1 1 1 0 0 1 0 0]
     Bob       --> [1 0 0 1 0 1 1 0 0 0 1 1 0 1 1 1 0 1 0 0 0 1 1 1 1 1 1 0 0 1 1 0]   | Precisión: 0.94 | Hamming: 2
     Eve       --> [0 1 0 0 0 1 0 1 1 0 0 1 0 0 0 1 0 0 0 0 0 1 0 1 0 0 0 0 0 1 1 0]   | Precisión: 0.50 | Hamming: 16
------------------------------------------------------------
[5] Original  --> [0 0 1 1 1 0 1 0 0 1 1 1 0 1 0 1 0 1 1 1 1 0 0 1 0 1 0 0 1 0 0 0]
     Bob       --> [0 0 1 1 1 0 1 0 0 1 1 1 0 1 0 1 0 1 1 1 1 0 0 1 1 1 0 0 1 0 1 0]   | Precisión: 0.94 | Hamming: 2
     Eve       --> [0 0 0 0 0 1 0 1 1 0 0 1 0 1 0 1 1 0 0 0 0 1 0 1 0 1 1 1 0 1 1 0]   | Precisión: 0.38 | Hamming: 20
------------------------------------------------------------
[6] Original  --> [1 0 0 1 0 1 0 0 0 0 1 1 1 0 0 1 0 1 0 1 0 1 0 1 1 0 0 1 0 1 0 0]
     Bob       --> [1 1 0 1 0 1 0 0 0 0 1 1 1 0 0 1 1 1 0 1 0 1 0 1 1 0 0 1 0 1 0 0]   | Precisión: 0.94 | Hamming: 2
     Eve       --> [0 1 0 0 0 1 1 1 1 0 1 0 0 1 0 1 0 1 0 0 0 0 0 0 0 1 0 1 0 1 1 0]   | Precisión: 0.53 | Hamming: 15
------------------------------------------------------------
[7] Original  --> [0 1 1 0 1 0 0 1 1 0 1 1 0 1 0 1 0 0 1 1 1 1 1 0 0 0 0 1 1 1 0 0]
     Bob       --> [0 1 1 0 1 0 0 1 1 0 1 0 0 0 0 1 1 0 1 1 1 1 1 0 0 0 1 1 1 1 0 0]   | Precisión: 0.88 | Hamming: 4
     Eve       --> [0 0 0 0 0 1 0 1 1 0 0 1 0 1 0 1 0 0 0 0 1 1 0 1 0 0 0 0 0 1 1 0]   | Precisión: 0.62 | Hamming: 12
------------------------------------------------------------
[8] Original  --> [0 0 1 0 0 1 0 0 0 0 0 1 0 0 0 1 1 0 0 0 1 0 1 1 1 0 1 1 1 0 1 0]
     Bob       --> [0 0 1 0 0 1 0 0 0 0 1 1 0 0 0 1 0 0 0 0 1 0 1 1 1 0 0 1 1 0 1 0]   | Precisión: 0.91 | Hamming: 3
     Eve       --> [0 0 0 0 1 1 0 1 1 0 0 0 0 1 0 1 0 0 0 0 1 1 0 1 0 0 1 1 0 1 1 0]   | Precisión: 0.62 | Hamming: 12
------------------------------------------------------------
[9] Original  --> [0 0 0 0 0 0 1 1 0 1 0 0 0 1 1 1 1 1 0 1 1 1 1 0 1 1 0 1 1 1 0 0]
     Bob       --> [0 1 0 0 0 0 1 1 0 1 0 0 0 1 1 1 1 1 0 1 1 1 1 0 1 1 0 1 1 1 0 0]   | Precisión: 0.97 | Hamming: 1
     Eve       --> [0 0 0 0 0 0 0 1 1 0 0 0 1 0 0 1 1 0 0 0 1 1 0 1 1 0 0 1 0 1 1 0]   | Precisión: 0.59 | Hamming: 13
------------------------------------------------------------
[10] Original  --> [0 1 0 1 1 0 0 1 0 1 0 0 0 1 0 1 1 1 1 0 0 0 1 0 1 1 1 0 1 1 0 0]
     Bob       --> [1 1 1 0 1 0 0 1 0 1 0 0 0 1 1 0 1 1 1 1 0 0 0 0 1 1 1 0 1 1 1 0]   | Precisión: 0.75 | Hamming: 8
     Eve       --> [0 0 0 0 0 1 1 0 1 0 1 1 1 1 0 1 0 0 0 0 0 1 0 0 0 1 0 1 0 1 1 0]   | Precisión: 0.34 | Hamming: 21
------------------------------------------------------------

RESULTADOS FINALES

Bob -> Precisión media: 0.8871 | Hamming media: 3.61
Eve -> Precisión media: 0.4775 | Hamming media: 16.72
Bob -> Perfectas: 231 | Eve -> Perfectas: 0

EVALUACIÓN CON CLAVES ERRÓNEAS PARA BOB

[1] Bob (clave errada) --> [0 0 0 0 0 0 0 0 0 0 0 0 0 0 0 0 0 0 0 0 0 0 0 0 0 0 0 0 0 0 0 0] | Precisión: 0.44 | Hamming: 18
------------------------------------------------------------
[2] Bob (clave errada) --> [0 0 0 0 0 0 0 0 0 0 0 0 0 0 0 0 0 0 0 0 0 0 0 0 0 0 0 0 0 0 0 0] | Precisión: 0.34 | Hamming: 21
------------------------------------------------------------
[3] Bob (clave errada) --> [0 0 0 0 0 0 0 0 0 0 0 0 0 0 0 0 0 0 0 0 0 0 0 0 0 0 0 0 0 0 0 0] | Precisión: 0.50 | Hamming: 16
------------------------------------------------------------
[4] Bob (clave errada) --> [0 0 0 0 0 0 0 0 0 0 0 0 0 0 0 0 0 0 0 0 0 0 1 0 0 0 0 0 0 0 0 0] | Precisión: 0.47 | Hamming: 17
------------------------------------------------------------
[5] Bob (clave errada) --> [0 0 0 0 0 0 0 0 0 0 0 0 0 0 0 0 0 0 0 0 0 0 0 0 0 0 0 0 0 0 0 0] | Precisión: 0.50 | Hamming: 16
------------------------------------------------------------
[6] Bob (clave errada) --> [0 0 0 0 0 0 0 0 0 0 0 0 0 0 0 0 0 0 0 0 0 0 0 0 0 0 0 0 0 0 0 0] | Precisión: 0.56 | Hamming: 14
------------------------------------------------------------
[7] Bob (clave errada) --> [0 0 0 0 0 0 0 0 0 0 0 0 0 0 0 0 0 0 0 0 0 0 0 0 0 0 0 0 0 0 0 0] | Precisión: 0.47 | Hamming: 17
------------------------------------------------------------
[8] Bob (clave errada) --> [0 0 0 0 0 0 0 0 0 0 0 0 0 0 0 0 0 0 0 0 0 0 0 0 0 0 0 0 0 0 0 0] | Precisión: 0.59 | Hamming: 13
------------------------------------------------------------
[9] Bob (clave errada) --> [0 0 0 0 0 0 0 0 0 0 0 0 0 0 0 0 0 0 0 0 0 0 0 0 0 0 0 0 0 0 0 0] | Precisión: 0.47 | Hamming: 17
------------------------------------------------------------
[10] Bob (clave errada) --> [0 0 0 0 0 0 0 0 0 0 0 0 0 0 0 0 0 0 0 0 0 0 0 0 0 0 0 0 0 0 0 0] | Precisión: 0.50 | Hamming: 16
------------------------------------------------------------

RESULTADOS CON CLAVES ERRÓNEAS

Bob -> Precisión media (clave errada): 0.5208 | Hamming media: 15.33

EVALUACIÓN CON 5000:

[1] Original  --> [0 0 1 1 0 1 0 0 1 0 0 0 1 0 0 1 1 0 1 1 1 0 0 1 1 0 0 1 1 1 0 1]
     Bob       --> [0 0 1 1 0 1 0 0 1 0 0 0 1 0 0 1 1 0 1 1 1 1 0 1 1 0 0 1 1 1 0 1]   | Precisión: 0.97 | Hamming: 1
     Eve       --> [1 1 0 1 1 1 0 1 1 1 1 1 0 0 0 1 1 0 0 0 0 0 0 0 0 0 0 0 0 0 1 1]   | Precisión: 0.44 | Hamming: 18
------------------------------------------------------------
[2] Original  --> [0 1 0 0 0 1 1 1 1 1 1 0 1 0 1 0 0 0 0 0 1 1 0 1 1 0 0 0 1 0 0 1]
     Bob       --> [0 1 0 0 0 1 1 1 1 0 1 1 1 0 0 0 1 0 1 0 1 1 0 1 1 0 0 0 1 0 0 1]   | Precisión: 0.84 | Hamming: 5
     Eve       --> [1 1 0 1 1 1 0 1 1 1 1 1 0 1 0 1 1 0 0 0 0 0 0 0 0 0 0 1 0 0 0 0]   | Precisión: 0.47 | Hamming: 17
------------------------------------------------------------
[3] Original  --> [0 1 1 1 1 1 0 0 1 1 1 1 1 1 0 0 1 1 0 1 1 0 0 1 0 1 1 0 0 0 0 0]
     Bob       --> [0 1 1 1 1 1 1 0 1 1 1 1 1 1 0 0 1 1 1 1 1 0 0 1 0 1 1 1 1 1 0 0]   | Precisión: 0.84 | Hamming: 5
     Eve       --> [1 0 0 1 1 0 1 1 0 1 0 1 1 1 0 1 1 1 1 0 0 0 1 0 0 0 1 0 1 0 1 1]   | Precisión: 0.44 | Hamming: 18
------------------------------------------------------------
[4] Original  --> [1 1 1 0 0 0 1 1 1 1 1 0 0 1 1 0 1 1 0 0 0 0 0 0 0 1 1 1 1 0 1 1]
     Bob       --> [1 1 1 0 0 0 0 1 1 1 1 0 0 1 1 0 1 1 1 0 1 1 0 0 0 1 1 1 1 0 1 1]   | Precisión: 0.88 | Hamming: 4
     Eve       --> [0 0 0 1 1 1 0 1 0 1 1 1 0 1 0 1 1 0 1 0 0 0 0 1 1 0 0 1 0 0 0 1]   | Precisión: 0.41 | Hamming: 19
------------------------------------------------------------
[5] Original  --> [1 1 1 0 0 0 1 0 1 0 0 0 0 1 0 0 1 0 0 0 0 0 1 1 0 1 0 0 0 1 0 0]
     Bob       --> [1 1 1 0 0 0 1 0 1 0 0 0 0 1 0 0 1 0 1 0 0 1 1 1 0 1 0 0 0 1 0 1]   | Precisión: 0.91 | Hamming: 3
     Eve       --> [1 1 0 1 1 1 1 1 1 1 1 1 0 1 0 1 1 0 1 0 1 0 0 1 0 0 0 1 0 1 0 1]   | Precisión: 0.53 | Hamming: 15
------------------------------------------------------------
[6] Original  --> [0 1 0 0 1 0 1 0 1 0 0 1 0 1 1 0 1 1 1 1 0 1 1 1 0 0 1 1 1 1 0 0]
     Bob       --> [0 1 0 0 1 0 1 0 1 0 0 1 0 1 1 0 1 1 1 1 0 1 1 1 0 0 1 1 1 1 0 1]   | Precisión: 0.97 | Hamming: 1
     Eve       --> [1 1 0 1 1 1 1 1 1 1 1 1 0 0 0 1 1 0 0 0 0 0 0 0 0 0 0 1 0 0 0 1]   | Precisión: 0.41 | Hamming: 19
------------------------------------------------------------
[7] Original  --> [1 0 1 1 0 1 0 1 1 1 0 0 1 1 0 0 1 0 1 0 1 1 1 0 0 1 0 0 0 0 1 0]
     Bob       --> [1 0 1 1 0 1 1 1 1 1 0 0 1 1 0 0 1 0 1 0 0 0 1 0 0 1 0 0 0 1 1 0]   | Precisión: 0.88 | Hamming: 4
     Eve       --> [0 1 0 1 1 0 0 0 0 1 1 0 1 1 0 0 1 1 1 1 0 1 0 0 1 0 1 0 1 0 1 1]   | Precisión: 0.47 | Hamming: 17
------------------------------------------------------------
[8] Original  --> [0 1 1 0 0 1 1 1 1 0 0 0 0 1 0 0 1 1 1 1 0 1 0 1 1 1 0 0 0 0 1 1]
     Bob       --> [0 1 1 0 0 1 1 1 1 0 0 0 0 1 0 0 1 1 1 1 0 1 0 1 1 1 0 0 0 0 1 1]   | Precisión: 1.00 | Hamming: 0
     Eve       --> [1 1 0 1 1 1 1 1 1 1 1 1 0 1 0 1 1 0 1 0 0 0 0 1 0 0 1 1 0 0 0 1]   | Precisión: 0.50 | Hamming: 16
------------------------------------------------------------
[9] Original  --> [1 1 1 0 1 1 1 1 1 1 1 0 0 0 0 1 1 1 0 0 0 1 0 1 1 1 0 0 1 0 1 1]
     Bob       --> [0 1 1 0 1 1 1 1 1 1 1 0 0 0 0 1 1 1 1 0 1 1 0 1 1 1 0 0 0 0 1 1]   | Precisión: 0.88 | Hamming: 4
     Eve       --> [1 0 0 1 1 1 0 0 0 1 1 1 0 1 0 0 1 0 0 1 1 0 0 1 1 0 0 1 0 0 0 1]   | Precisión: 0.47 | Hamming: 17
------------------------------------------------------------
[10] Original  --> [0 0 0 1 1 0 0 1 0 1 0 1 0 0 1 0 0 0 1 0 1 1 0 0 1 0 1 1 1 0 0 0]
     Bob       --> [0 0 0 1 1 0 0 1 1 1 0 1 0 0 1 0 0 0 0 0 0 0 0 0 1 0 1 1 1 0 0 1]   | Precisión: 0.84 | Hamming: 5
     Eve       --> [1 0 0 1 1 0 0 0 1 1 0 1 0 1 0 0 1 1 0 0 0 0 1 0 0 0 0 0 1 0 1 1]   | Precisión: 0.50 | Hamming: 16
------------------------------------------------------------

RESULTADOS FINALES

Bob -> Precisión media: 0.8906 | Hamming media: 3.50
Eve -> Precisión media: 0.4542 | Hamming media: 17.46
Bob -> Perfectas: 212 | Eve -> Perfectas: 0

EVALUACIÓN CON CLAVES ERRÓNEAS PARA BOB

[1] Bob (clave errada) --> [0 0 0 0 0 0 0 0 0 0 0 0 0 0 0 0 0 0 0 0 0 0 0 0 0 0 0 0 0 0 0 0] | Precisión: 0.50 | Hamming: 16
------------------------------------------------------------
[2] Bob (clave errada) --> [0 0 0 0 0 0 0 0 0 0 0 0 0 0 0 0 0 0 0 0 0 0 0 0 0 0 0 0 0 0 0 0] | Precisión: 0.53 | Hamming: 15
------------------------------------------------------------
[3] Bob (clave errada) --> [0 0 0 0 0 0 0 0 0 0 0 0 0 0 0 0 0 0 0 0 0 0 0 0 0 0 0 0 0 0 0 0] | Precisión: 0.44 | Hamming: 18
------------------------------------------------------------
[4] Bob (clave errada) --> [0 0 0 0 0 0 0 0 0 0 0 0 0 0 0 0 0 0 0 0 0 0 0 0 0 0 0 0 0 0 0 0] | Precisión: 0.44 | Hamming: 18
------------------------------------------------------------
[5] Bob (clave errada) --> [0 0 0 0 0 0 0 0 0 0 0 0 0 0 0 0 0 0 0 0 0 0 0 0 0 0 0 0 0 0 0 0] | Precisión: 0.66 | Hamming: 11
------------------------------------------------------------
[6] Bob (clave errada) --> [0 0 0 0 0 0 0 0 0 0 0 0 0 0 1 0 0 0 0 0 0 0 0 0 0 0 0 0 0 0 0 0] | Precisión: 0.47 | Hamming: 17
------------------------------------------------------------
[7] Bob (clave errada) --> [0 0 0 0 0 0 0 0 0 0 0 0 0 0 0 0 0 0 0 0 0 0 0 0 0 0 0 0 0 0 0 0] | Precisión: 0.50 | Hamming: 16
------------------------------------------------------------
[8] Bob (clave errada) --> [0 0 0 0 0 0 0 0 0 0 0 0 0 0 0 0 0 0 0 0 0 0 0 0 0 0 0 0 0 0 0 0] | Precisión: 0.47 | Hamming: 17
------------------------------------------------------------
[9] Bob (clave errada) --> [0 0 0 0 1 0 0 1 0 0 0 0 0 0 0 0 0 0 0 0 0 0 0 0 0 1 0 0 0 0 0 0] | Precisión: 0.47 | Hamming: 17
------------------------------------------------------------
[10] Bob (clave errada) --> [0 0 0 0 0 0 0 0 0 0 0 0 0 0 0 0 0 0 0 0 0 0 0 0 0 0 0 0 0 0 0 0] | Precisión: 0.59 | Hamming: 13
------------------------------------------------------------

RESULTADOS CON CLAVES ERRÓNEAS

Bob -> Precisión media (clave errada): 0.5125 | Hamming media: 15.60

EVALUACIÓN CON 5500:

[1] Original  --> [1 0 1 0 1 1 0 0 0 1 1 0 1 0 1 1 1 0 0 1 0 1 0 1 1 1 1 1 1 1 0 1]
     Bob       --> [1 1 1 0 1 1 0 0 0 0 0 0 1 0 1 1 1 0 0 0 0 1 0 0 1 1 1 1 0 1 0 1]   | Precisión: 0.81 | Hamming: 6
     Eve       --> [0 1 0 0 1 1 1 1 0 1 1 1 1 1 0 0 0 1 0 1 1 0 1 0 0 0 1 1 1 1 0 1]   | Precisión: 0.47 | Hamming: 17
------------------------------------------------------------
[2] Original  --> [1 0 1 1 0 1 0 0 1 1 0 0 1 1 1 0 1 1 1 0 1 1 0 0 1 1 1 1 0 0 1 1]
     Bob       --> [1 0 1 1 0 1 0 0 0 0 0 0 1 0 1 0 1 1 1 0 1 1 0 0 1 1 0 0 0 0 1 1]   | Precisión: 0.84 | Hamming: 5
     Eve       --> [1 0 0 0 1 1 1 1 0 0 1 1 1 1 0 1 0 1 0 0 0 0 1 1 0 0 1 1 1 1 0 1]   | Precisión: 0.31 | Hamming: 22
------------------------------------------------------------
[3] Original  --> [1 1 1 1 1 0 0 1 0 0 0 0 0 0 0 0 1 0 0 1 1 1 1 1 0 1 1 1 0 1 0 0]
     Bob       --> [1 1 1 1 1 0 0 0 0 0 0 0 0 0 0 0 1 0 0 0 1 0 1 0 0 0 1 0 0 1 0 0]   | Precisión: 0.81 | Hamming: 6
     Eve       --> [0 0 0 0 1 1 1 1 0 0 1 1 1 1 0 0 0 1 0 0 0 0 0 0 0 0 1 1 0 1 0 1]   | Precisión: 0.41 | Hamming: 19
------------------------------------------------------------
[4] Original  --> [1 1 1 1 1 1 1 0 1 1 0 1 0 0 1 1 1 1 1 0 1 1 0 1 0 1 1 0 0 1 1 0]
     Bob       --> [1 1 1 0 1 0 1 0 0 0 0 1 0 0 1 0 1 1 1 0 1 1 0 1 0 1 1 0 0 1 1 0]   | Precisión: 0.84 | Hamming: 5
     Eve       --> [0 0 0 0 1 1 1 1 0 1 1 1 0 1 0 0 1 0 1 0 1 0 0 0 1 0 1 1 1 1 0 1]   | Precisión: 0.41 | Hamming: 19
------------------------------------------------------------
[5] Original  --> [1 1 1 0 1 0 0 0 1 1 0 1 0 0 0 1 1 1 0 1 1 0 0 0 0 0 0 1 1 1 1 1]
     Bob       --> [1 1 1 0 1 0 0 0 0 0 0 1 0 0 0 0 1 1 0 0 1 0 0 0 1 0 0 0 0 1 0 1]   | Precisión: 0.75 | Hamming: 8
     Eve       --> [0 0 1 0 1 1 0 0 1 0 1 1 1 1 0 0 1 1 1 0 0 0 1 0 0 0 1 1 1 1 1 1]   | Precisión: 0.59 | Hamming: 13
------------------------------------------------------------
[6] Original  --> [0 0 1 1 1 1 1 0 1 1 0 0 0 1 0 1 1 1 0 1 1 0 0 1 1 1 0 1 0 0 0 1]
     Bob       --> [0 0 1 1 1 0 1 0 1 0 0 0 0 0 0 0 1 1 0 0 1 0 0 0 1 1 0 0 0 0 0 1]   | Precisión: 0.78 | Hamming: 7
     Eve       --> [0 0 0 0 1 1 0 1 0 1 1 1 1 1 0 1 0 1 1 1 0 0 1 1 0 0 1 1 0 1 0 0]   | Precisión: 0.47 | Hamming: 17
------------------------------------------------------------
[7] Original  --> [1 1 1 1 0 0 1 0 0 1 1 0 0 1 0 1 1 0 0 1 0 0 1 0 1 1 1 1 1 0 0 1]
     Bob       --> [1 1 1 0 0 0 1 0 0 0 0 0 0 0 0 1 1 0 0 0 0 0 1 0 1 1 0 0 0 0 0 1]   | Precisión: 0.75 | Hamming: 8
     Eve       --> [0 0 0 0 1 1 0 0 0 0 1 1 1 1 1 0 0 1 1 0 0 0 1 0 0 0 1 1 0 1 1 0]   | Precisión: 0.31 | Hamming: 22
------------------------------------------------------------
[8] Original  --> [0 1 0 0 0 1 1 1 1 1 1 1 1 1 1 0 1 1 0 1 1 1 1 0 1 0 0 1 1 1 0 0]
     Bob       --> [0 0 0 0 0 0 0 0 0 0 0 1 0 0 0 0 1 0 0 0 0 0 0 0 0 0 0 0 0 0 0 0]   | Precisión: 0.41 | Hamming: 19
     Eve       --> [0 0 0 0 1 1 0 0 0 0 1 1 1 1 1 0 0 1 0 0 0 0 1 0 0 0 1 0 1 1 1 0]   | Precisión: 0.56 | Hamming: 14
------------------------------------------------------------
[9] Original  --> [1 0 0 1 1 1 1 0 0 1 0 0 0 0 0 0 1 0 0 0 1 1 1 0 0 1 0 0 0 1 1 1]
     Bob       --> [1 0 0 0 1 0 1 0 0 0 0 0 0 0 0 0 1 0 0 0 1 0 0 0 0 1 0 0 0 1 0 0]   | Precisión: 0.78 | Hamming: 7
     Eve       --> [0 0 0 0 1 1 0 1 0 1 1 1 1 1 0 1 0 1 0 1 0 0 1 0 0 0 1 1 1 1 0 0]   | Precisión: 0.38 | Hamming: 20
------------------------------------------------------------
[10] Original  --> [1 0 0 1 0 0 1 1 1 1 0 0 1 1 0 0 0 1 0 1 1 0 1 0 1 1 1 1 1 1 1 1]
     Bob       --> [1 0 0 1 0 1 0 1 0 0 0 0 1 0 0 0 0 1 0 0 1 0 1 0 1 1 1 1 1 1 1 1]   | Precisión: 0.81 | Hamming: 6
     Eve       --> [0 0 0 0 1 1 0 0 1 1 1 1 1 1 0 0 1 0 1 1 0 0 1 1 1 0 1 1 0 1 0 0]   | Precisión: 0.47 | Hamming: 17
------------------------------------------------------------

RESULTADOS FINALES

Bob -> Precisión media: 0.7827 | Hamming media: 6.95
Eve -> Precisión media: 0.4656 | Hamming media: 17.10
Bob -> Perfectas: 10 | Eve -> Perfectas: 0

EVALUACIÓN CON CLAVES ERRÓNEAS PARA BOB

[1] Bob (clave errada) --> [0 0 0 0 1 1 0 0 0 0 0 0 0 0 0 0 1 0 0 0 0 0 0 0 0 0 0 1 0 0 1 1] | Precisión: 0.50 | Hamming: 16
------------------------------------------------------------
[2] Bob (clave errada) --> [0 0 0 0 0 0 0 0 0 0 0 0 0 0 0 0 0 0 0 0 0 0 0 0 0 0 0 0 0 0 0 0] | Precisión: 0.38 | Hamming: 20
------------------------------------------------------------
[3] Bob (clave errada) --> [0 0 0 0 0 0 0 0 0 0 0 0 0 0 0 0 0 0 0 0 0 0 0 0 0 0 0 0 0 0 0 0] | Precisión: 0.50 | Hamming: 16
------------------------------------------------------------
[4] Bob (clave errada) --> [0 0 0 0 0 0 0 0 0 0 0 0 0 0 0 0 0 0 0 0 0 0 0 0 0 0 0 0 0 0 0 0] | Precisión: 0.31 | Hamming: 22
------------------------------------------------------------
[5] Bob (clave errada) --> [0 0 0 0 0 0 0 0 0 0 0 0 0 0 0 0 0 0 0 0 1 0 0 0 0 0 0 0 0 0 0 0] | Precisión: 0.50 | Hamming: 16
------------------------------------------------------------
[6] Bob (clave errada) --> [0 0 1 1 1 0 1 0 1 0 0 0 0 0 0 0 1 0 0 0 1 0 0 0 1 1 0 0 0 0 0 1] | Precisión: 0.75 | Hamming: 8
------------------------------------------------------------
[7] Bob (clave errada) --> [0 0 0 0 0 0 0 0 0 0 0 0 0 0 0 0 0 0 0 0 0 0 0 0 0 0 0 0 0 0 0 0] | Precisión: 0.44 | Hamming: 18
------------------------------------------------------------
[8] Bob (clave errada) --> [0 0 0 0 0 0 0 0 0 0 0 0 0 0 0 0 0 0 0 0 0 0 0 0 0 0 0 0 0 0 0 0] | Precisión: 0.34 | Hamming: 21
------------------------------------------------------------
[9] Bob (clave errada) --> [0 0 0 0 0 0 0 0 0 0 0 0 0 0 0 0 0 0 0 0 0 0 0 0 0 0 0 0 0 0 0 0] | Precisión: 0.56 | Hamming: 14
------------------------------------------------------------
[10] Bob (clave errada) --> [0 0 0 1 0 0 0 0 0 0 0 0 1 0 0 0 0 0 0 0 1 0 1 0 0 0 0 0 0 0 0 0] | Precisión: 0.50 | Hamming: 16
------------------------------------------------------------

RESULTADOS CON CLAVES ERRÓNEAS

Bob -> Precisión media (clave errada): 0.5231 | Hamming media: 15.26

EVALUACIÓN CON 6000:

[1] Original  --> [1 0 0 0 0 1 1 1 0 0 0 0 0 0 0 1 1 1 0 0 1 1 1 1 0 1 0 1 1 1 1 1]
     Bob       --> [1 1 0 0 0 1 1 1 0 0 0 0 0 0 0 1 1 1 0 0 1 1 1 1 1 1 0 1 1 0 1 1]   | Precisión: 0.91 | Hamming: 3
     Eve       --> [0 1 0 0 0 0 0 1 1 1 0 0 1 0 1 1 1 0 0 1 0 0 1 1 1 1 1 1 1 1 1 1]   | Precisión: 0.56 | Hamming: 14
------------------------------------------------------------
[2] Original  --> [1 1 1 0 0 0 1 0 0 0 0 1 0 0 0 0 0 1 1 1 0 1 1 0 1 1 1 1 0 0 0 0]
     Bob       --> [1 1 1 0 0 1 1 0 0 0 0 0 0 1 0 0 0 1 1 1 0 1 1 0 1 1 1 1 0 0 0 0]   | Precisión: 0.91 | Hamming: 3
     Eve       --> [0 1 1 0 0 0 0 1 1 0 1 1 1 0 0 1 1 1 1 0 0 0 1 1 1 1 0 1 1 1 1 1]   | Precisión: 0.50 | Hamming: 16
------------------------------------------------------------
[3] Original  --> [0 1 0 1 1 0 0 0 1 0 1 0 1 1 0 0 0 1 1 1 1 1 0 0 1 0 1 1 1 0 1 1]
     Bob       --> [0 0 0 1 1 0 0 0 1 0 1 1 1 1 0 0 0 0 1 1 1 1 0 1 0 0 1 1 1 0 1 1]   | Precisión: 0.84 | Hamming: 5
     Eve       --> [0 1 0 0 0 1 1 1 1 0 1 0 1 0 0 1 1 1 1 0 0 0 1 1 1 1 0 0 1 0 1 1]   | Precisión: 0.50 | Hamming: 16
------------------------------------------------------------
[4] Original  --> [1 1 0 1 1 1 1 0 1 1 1 1 0 1 0 1 1 1 0 1 0 0 0 1 0 1 1 0 0 0 0 1]
     Bob       --> [1 1 0 0 1 1 1 0 1 1 1 1 0 0 0 1 1 1 0 1 0 0 0 1 1 1 1 0 0 0 0 1]   | Precisión: 0.91 | Hamming: 3
     Eve       --> [0 1 0 0 0 1 1 1 1 1 0 0 1 0 0 1 1 0 1 0 0 0 1 1 1 1 0 1 1 0 1 1]   | Precisión: 0.47 | Hamming: 17
------------------------------------------------------------
[5] Original  --> [1 0 1 1 0 0 1 1 0 0 1 0 1 0 1 1 0 1 1 1 0 1 1 1 1 0 0 1 0 1 0 1]
     Bob       --> [1 1 1 1 1 0 1 1 0 0 1 1 1 1 1 1 0 1 1 1 0 1 1 1 1 0 0 1 0 1 0 1]   | Precisión: 0.88 | Hamming: 4
     Eve       --> [0 1 0 0 0 1 0 1 1 1 0 1 1 0 0 0 1 0 1 1 0 0 1 1 1 0 1 1 1 0 1 1]   | Precisión: 0.41 | Hamming: 19
------------------------------------------------------------
[6] Original  --> [0 1 0 0 0 1 0 0 0 0 0 1 0 0 0 1 1 0 1 1 0 0 0 1 1 1 0 0 0 1 0 1]
     Bob       --> [0 1 0 0 0 0 0 0 0 0 0 0 0 0 0 1 1 0 1 1 0 0 0 1 0 1 0 0 0 1 0 1]   | Precisión: 0.91 | Hamming: 3
     Eve       --> [1 1 0 0 0 0 1 0 1 0 0 0 1 0 0 1 1 1 1 1 0 0 1 1 1 1 0 1 1 0 1 0]   | Precisión: 0.59 | Hamming: 13
------------------------------------------------------------
[7] Original  --> [1 1 0 0 0 0 0 1 1 1 0 1 0 0 1 1 1 1 0 1 0 1 1 1 1 1 1 0 0 0 1 1]
     Bob       --> [1 0 0 0 1 1 0 1 1 1 0 0 0 0 1 1 1 1 0 1 0 1 1 1 0 1 1 0 0 0 1 1]   | Precisión: 0.84 | Hamming: 5
     Eve       --> [0 1 0 0 0 1 0 1 1 0 0 0 1 0 0 1 1 1 1 0 0 0 1 1 1 1 1 0 1 1 1 1]   | Precisión: 0.66 | Hamming: 11
------------------------------------------------------------
[8] Original  --> [1 1 0 0 0 0 1 1 0 0 1 1 1 1 1 1 1 1 1 0 1 1 0 1 1 0 0 1 0 0 0 1]
     Bob       --> [1 0 0 1 1 0 1 1 0 0 1 0 1 1 1 1 1 1 1 0 1 1 0 1 1 0 0 1 0 0 0 1]   | Precisión: 0.88 | Hamming: 4
     Eve       --> [0 1 0 0 0 1 0 1 1 1 0 0 1 0 0 0 1 1 1 1 0 0 1 1 1 1 1 1 1 1 1 1]   | Precisión: 0.41 | Hamming: 19
------------------------------------------------------------
[9] Original  --> [1 1 0 0 1 1 1 1 1 0 0 1 1 0 0 0 0 1 1 1 1 1 0 0 0 1 1 0 1 1 1 1]
     Bob       --> [1 1 0 1 1 1 1 1 1 0 0 1 1 0 0 0 0 0 1 1 1 1 0 1 0 1 1 0 1 1 1 1]   | Precisión: 0.91 | Hamming: 3
     Eve       --> [0 1 0 0 0 1 1 1 1 0 1 0 1 0 0 1 1 0 0 0 0 0 1 1 1 0 1 1 1 0 1 1]   | Precisión: 0.47 | Hamming: 17
------------------------------------------------------------
[10] Original  --> [1 0 1 0 0 1 1 1 0 0 0 1 1 0 1 1 0 1 1 0 1 1 0 1 1 0 1 0 0 1 0 0]
     Bob       --> [1 1 1 0 0 1 1 1 0 0 0 0 1 0 1 1 0 1 1 0 1 1 0 1 1 0 1 0 0 0 0 0]   | Precisión: 0.91 | Hamming: 3
     Eve       --> [1 1 0 0 0 1 0 1 1 1 0 0 1 0 0 0 1 0 1 1 0 0 1 1 1 1 0 1 1 1 1 1]   | Precisión: 0.38 | Hamming: 20
------------------------------------------------------------

RESULTADOS FINALES

Bob -> Precisión media: 0.8858 | Hamming media: 3.65
Eve -> Precisión media: 0.4652 | Hamming media: 17.11
Bob -> Perfectas: 99 | Eve -> Perfectas: 0

EVALUACIÓN CON CLAVES ERRÓNEAS PARA BOB

[1] Bob (clave errada) --> [0 0 0 0 0 0 0 0 0 0 0 0 0 0 0 0 0 0 0 0 0 0 0 0 0 0 0 0 0 0 0 0] | Precisión: 0.47 | Hamming: 17
------------------------------------------------------------
[2] Bob (clave errada) --> [0 0 0 0 0 0 0 0 0 0 0 0 0 0 0 0 0 0 0 0 0 0 0 0 0 0 0 0 0 0 0 0] | Precisión: 0.56 | Hamming: 14
------------------------------------------------------------
[3] Bob (clave errada) --> [0 0 0 0 0 0 0 0 0 0 0 0 0 0 0 0 0 0 0 0 0 0 0 0 0 0 0 0 0 0 0 0] | Precisión: 0.44 | Hamming: 18
------------------------------------------------------------
[4] Bob (clave errada) --> [0 0 0 0 0 0 0 0 0 0 0 0 0 0 0 0 0 0 0 0 0 0 0 0 0 0 0 0 0 0 0 0] | Precisión: 0.41 | Hamming: 19
------------------------------------------------------------
[5] Bob (clave errada) --> [0 0 0 0 0 0 0 0 0 0 0 0 0 0 0 0 0 0 0 0 0 0 0 0 0 0 0 0 0 0 0 0] | Precisión: 0.41 | Hamming: 19
------------------------------------------------------------
[6] Bob (clave errada) --> [0 0 0 0 0 0 0 0 0 0 0 0 0 0 0 0 0 0 0 0 0 0 0 0 0 0 0 0 0 0 0 0] | Precisión: 0.62 | Hamming: 12
------------------------------------------------------------
[7] Bob (clave errada) --> [0 0 0 0 0 0 0 0 0 0 0 0 0 0 0 0 0 0 0 0 0 0 0 0 0 0 0 0 0 0 0 0] | Precisión: 0.41 | Hamming: 19
------------------------------------------------------------
[8] Bob (clave errada) --> [0 0 0 0 0 0 0 0 0 0 0 0 0 0 0 0 0 0 0 0 0 0 0 1 0 0 0 0 0 0 0 0] | Precisión: 0.44 | Hamming: 18
------------------------------------------------------------
[9] Bob (clave errada) --> [0 0 0 0 0 0 0 0 0 0 0 0 0 0 0 0 0 0 0 0 0 0 0 0 0 0 0 0 0 0 0 0] | Precisión: 0.38 | Hamming: 20
------------------------------------------------------------
[10] Bob (clave errada) --> [0 0 0 0 0 0 0 0 0 0 0 0 0 0 0 0 0 0 0 0 0 0 0 0 0 0 0 0 0 0 0 0] | Precisión: 0.47 | Hamming: 17
------------------------------------------------------------

RESULTADOS CON CLAVES ERRÓNEAS

Bob -> Precisión media (clave errada): 0.5106 | Hamming media: 15.66

Tiempo total de ejecución (s): 13119.350214719772
Tiempo total de ejecución (mins): 218.6558369119962