-- RESULTADOS DEL EXPERIMENTO 1.1. --

Número de mensajes = 10000
Número de bits = 32
Tamaño del batch = 512
Epochs totales = 6000
Epochs iniciales = 300


EVALUACIÓN CON 300:

Original     --> [1 1 1 0 0 1 0 1 1 0 1 1 1 0 1 1 0 1 1 1 1 1 0 0 0 1 0 1 1 1 1 1]
Reconstruido --> [1 1 1 0 0 1 0 1 1 0 1 0 1 0 0 1 0 1 1 1 1 1 0 0 0 1 0 1 1 1 0 1] | Precisión: 0.91
Distancia de Hamming: 3
--------------------------------------------------
Original     --> [0 0 0 1 1 0 1 0 1 1 1 0 0 0 0 0 1 0 0 0 1 1 0 0 1 1 1 0 1 1 0 0]
Reconstruido --> [0 0 1 1 1 0 1 0 1 1 1 0 0 0 0 0 1 0 0 0 1 1 0 0 1 1 1 0 1 1 0 0] | Precisión: 0.97
Distancia de Hamming: 1
--------------------------------------------------
Original     --> [0 1 0 1 1 1 0 1 1 1 0 1 0 1 0 0 1 1 0 0 0 1 1 1 0 0 0 0 1 0 0 1]
Reconstruido --> [0 1 0 1 1 0 0 1 1 1 0 1 0 1 0 0 1 1 0 0 0 1 1 1 0 0 0 1 1 0 0 1] | Precisión: 0.94
Distancia de Hamming: 2
--------------------------------------------------
Original     --> [1 1 0 0 0 0 1 0 1 0 1 1 0 1 1 1 0 0 0 0 0 0 0 1 1 1 1 0 0 1 0 0]
Reconstruido --> [1 1 1 0 0 0 1 0 1 0 1 1 1 1 1 1 0 0 0 0 0 0 0 1 1 1 0 0 0 1 0 0] | Precisión: 0.91
Distancia de Hamming: 3
--------------------------------------------------
Original     --> [0 0 1 1 0 0 0 1 0 1 1 0 0 1 0 0 0 0 1 1 0 1 0 1 1 1 0 1 1 0 0 0]
Reconstruido --> [0 0 1 1 0 0 0 1 0 1 1 0 0 1 0 0 0 0 1 1 0 1 0 1 1 1 0 1 1 0 0 0] | Precisión: 1.00
Distancia de Hamming: 0
--------------------------------------------------
Original     --> [0 0 1 0 1 1 0 1 0 0 0 1 1 0 1 0 1 0 0 1 0 1 0 1 0 1 0 0 1 1 1 1]
Reconstruido --> [0 0 0 0 1 1 0 1 0 0 0 0 1 0 1 0 1 0 0 1 0 1 0 1 0 1 1 0 1 1 1 1] | Precisión: 0.91
Distancia de Hamming: 3
--------------------------------------------------
Original     --> [1 0 0 1 1 0 1 1 1 1 0 0 0 0 1 0 1 0 0 1 0 0 0 1 0 0 0 1 1 1 0 1]
Reconstruido --> [1 0 0 1 1 0 1 1 1 1 1 0 0 0 1 0 1 0 0 1 0 0 0 1 0 0 0 1 1 1 0 1] | Precisión: 0.97
Distancia de Hamming: 1
--------------------------------------------------
Original     --> [1 1 1 0 1 1 1 1 0 1 0 0 1 0 0 1 0 0 1 0 1 0 0 1 1 1 1 0 0 1 0 0]
Reconstruido --> [1 1 1 0 1 1 1 0 0 0 0 0 1 0 0 1 0 0 1 0 1 0 0 1 1 1 1 0 1 1 1 0] | Precisión: 0.88
Distancia de Hamming: 4
--------------------------------------------------
Original     --> [1 0 1 0 1 0 0 1 0 1 1 1 0 0 0 1 0 1 1 0 1 1 0 1 0 1 0 1 1 0 0 0]
Reconstruido --> [1 0 1 0 1 0 0 1 0 1 1 1 0 0 0 1 0 1 1 0 1 1 0 1 0 1 0 1 1 0 0 0] | Precisión: 1.00
Distancia de Hamming: 0
--------------------------------------------------
Original     --> [1 0 0 1 1 1 1 0 1 0 0 1 1 0 1 1 0 0 0 0 1 0 1 0 1 1 1 0 0 0 1 0]
Reconstruido --> [1 0 0 1 1 0 1 0 0 0 0 1 1 0 1 1 0 0 0 0 1 0 1 0 1 1 1 0 0 0 1 0] | Precisión: 0.94
Distancia de Hamming: 2
--------------------------------------------------
La media de la precisión del descifrado es 0.9175
Distancia media de Hamming = 2.6389 | Número de bits: 32
Número de reconstrucciones perfectas = 1518



EVALUACIÓN CON 600:

Original     --> [0 1 0 1 1 0 1 0 0 1 1 1 1 0 1 1 1 0 0 0 0 1 0 1 0 1 1 1 0 1 1 0]
Reconstruido --> [0 1 0 1 1 0 1 0 0 1 1 1 1 0 1 1 1 0 0 0 0 1 0 0 0 1 1 1 0 1 1 0] | Precisión: 0.97
Distancia de Hamming: 1
--------------------------------------------------
Original     --> [1 0 0 0 1 0 1 0 0 0 0 1 1 0 0 1 0 0 0 0 1 0 0 1 0 0 1 1 1 1 0 1]
Reconstruido --> [1 1 0 0 1 1 1 0 1 0 0 1 1 1 0 1 0 0 0 0 1 0 0 0 0 0 0 1 1 1 0 1] | Precisión: 0.81
Distancia de Hamming: 6
--------------------------------------------------
Original     --> [1 0 1 0 1 1 1 0 1 1 1 0 1 1 1 1 0 0 0 0 1 1 1 1 1 1 1 1 0 0 0 0]
Reconstruido --> [1 0 1 0 1 1 1 0 1 1 0 0 1 0 1 1 0 0 0 0 1 1 1 1 1 1 1 1 0 0 0 0] | Precisión: 0.94
Distancia de Hamming: 2
--------------------------------------------------
Original     --> [1 0 1 1 0 1 0 1 1 0 0 0 0 0 1 0 0 0 0 0 0 0 1 1 0 0 0 1 1 1 1 0]
Reconstruido --> [1 0 1 0 0 1 0 0 1 1 0 0 0 0 1 0 0 0 0 1 0 1 1 1 0 0 0 1 1 1 1 0] | Precisión: 0.84
Distancia de Hamming: 5
--------------------------------------------------
Original     --> [0 1 1 0 1 1 1 1 1 0 0 1 0 1 1 0 1 1 0 1 1 0 0 1 0 1 1 0 0 1 1 1]
Reconstruido --> [0 1 1 0 1 1 1 1 1 0 0 1 0 1 1 0 1 1 0 1 1 0 0 1 0 1 1 0 0 1 1 1] | Precisión: 1.00
Distancia de Hamming: 0
--------------------------------------------------
Original     --> [1 0 1 0 1 0 1 0 0 0 1 1 1 0 1 1 1 1 0 1 0 0 0 0 0 0 0 1 1 0 0 1]
Reconstruido --> [1 0 1 0 1 0 1 0 0 0 1 1 1 0 1 1 1 1 0 1 0 0 0 0 0 0 0 1 1 0 0 1] | Precisión: 1.00
Distancia de Hamming: 0
--------------------------------------------------
Original     --> [1 0 1 1 1 1 1 0 1 1 1 0 1 0 0 1 0 1 0 1 1 0 0 1 1 0 1 0 1 1 1 0]
Reconstruido --> [1 0 1 1 1 1 1 0 1 1 1 0 1 0 0 1 0 1 0 1 1 0 0 0 1 0 1 0 1 1 1 0] | Precisión: 0.97
Distancia de Hamming: 1
--------------------------------------------------
Original     --> [0 1 0 0 1 1 0 1 1 0 1 1 0 1 1 1 0 0 0 1 1 1 0 0 1 1 0 0 0 0 0 1]
Reconstruido --> [0 1 0 0 1 1 0 1 1 0 1 1 1 1 1 1 0 0 0 1 1 1 0 1 1 1 0 0 0 0 0 1] | Precisión: 0.94
Distancia de Hamming: 2
--------------------------------------------------
Original     --> [0 1 1 1 1 0 1 1 1 0 0 0 1 1 1 1 0 0 1 1 0 0 1 0 1 1 1 0 0 0 1 1]
Reconstruido --> [0 1 1 1 1 0 1 1 1 0 0 0 1 1 1 1 0 0 1 1 0 1 1 0 1 1 1 0 0 0 1 1] | Precisión: 0.97
Distancia de Hamming: 1
--------------------------------------------------
Original     --> [1 0 0 0 0 0 1 0 0 1 1 1 1 1 0 1 1 0 1 1 0 0 1 1 0 1 0 1 0 0 1 1]
Reconstruido --> [1 0 0 0 0 0 1 0 0 1 1 1 1 1 0 1 1 0 1 1 0 0 1 0 0 1 0 1 0 0 1 1] | Precisión: 0.97
Distancia de Hamming: 1
--------------------------------------------------
La media de la precisión del descifrado es 0.9370
Distancia media de Hamming = 2.0157 | Número de bits: 32
Número de reconstrucciones perfectas = 2542



EVALUACIÓN CON 900:

Original     --> [1 1 1 0 0 0 1 0 0 1 1 1 1 0 1 1 0 0 1 0 0 0 1 1 1 0 1 0 1 0 1 0]
Reconstruido --> [1 1 1 0 0 0 1 0 0 1 1 1 1 0 1 1 0 0 1 0 0 0 1 1 1 0 1 0 1 0 1 0] | Precisión: 1.00
Distancia de Hamming: 0
--------------------------------------------------
Original     --> [0 0 0 0 1 0 1 1 1 1 1 1 1 1 1 1 1 0 1 0 0 1 0 1 0 0 1 0 1 0 0 0]
Reconstruido --> [0 0 0 0 1 0 0 1 1 1 1 1 1 1 1 1 0 0 1 0 0 1 0 1 0 0 1 0 1 0 0 0] | Precisión: 0.94
Distancia de Hamming: 2
--------------------------------------------------
Original     --> [0 0 0 1 0 1 0 1 1 0 0 1 1 1 0 0 1 1 1 0 0 1 1 0 0 1 1 0 1 1 1 0]
Reconstruido --> [0 0 0 1 0 1 0 1 1 0 1 1 1 1 0 0 1 1 1 0 0 1 1 0 0 1 1 0 1 1 1 0] | Precisión: 0.97
Distancia de Hamming: 1
--------------------------------------------------
Original     --> [1 1 0 1 1 1 0 0 1 1 0 0 0 1 0 0 0 1 1 1 1 0 0 0 1 1 1 0 0 0 0 1]
Reconstruido --> [1 1 0 1 1 1 0 0 1 1 0 0 0 1 1 0 1 1 1 1 1 0 0 0 1 1 0 0 0 0 0 1] | Precisión: 0.91
Distancia de Hamming: 3
--------------------------------------------------
Original     --> [0 0 1 1 0 0 0 1 0 1 1 0 0 1 0 1 0 1 1 1 0 1 1 0 1 1 1 1 1 0 1 1]
Reconstruido --> [0 0 1 0 0 0 0 1 0 1 1 0 0 1 0 1 0 1 1 1 0 1 1 0 0 1 1 1 1 0 1 1] | Precisión: 0.94
Distancia de Hamming: 2
--------------------------------------------------
Original     --> [1 1 0 0 1 0 1 0 0 1 1 1 0 0 0 1 1 1 1 0 1 1 1 1 0 1 0 0 0 1 0 0]
Reconstruido --> [1 1 0 0 1 0 1 0 0 1 1 1 0 1 0 1 1 1 1 0 1 1 1 1 0 1 0 0 0 1 0 0] | Precisión: 0.97
Distancia de Hamming: 1
--------------------------------------------------
Original     --> [1 1 0 1 0 0 0 1 0 0 0 0 1 1 1 0 1 0 0 1 1 1 0 0 1 1 0 1 1 1 0 0]
Reconstruido --> [1 1 0 0 0 0 0 1 1 0 0 0 0 1 1 1 1 1 0 1 1 0 0 0 0 1 0 1 1 1 0 0] | Precisión: 0.78
Distancia de Hamming: 7
--------------------------------------------------
Original     --> [1 0 0 0 0 1 0 1 1 1 0 1 1 0 0 0 1 1 1 1 0 1 0 0 1 0 0 0 0 1 0 0]
Reconstruido --> [1 0 0 0 0 1 0 1 1 1 0 1 1 0 0 0 1 1 1 1 0 1 0 0 1 0 0 0 0 1 0 0] | Precisión: 1.00
Distancia de Hamming: 0
--------------------------------------------------
Original     --> [0 0 1 1 1 1 1 0 1 0 0 0 0 1 0 0 0 0 0 1 0 0 0 0 1 0 0 1 0 0 1 0]
Reconstruido --> [0 0 1 1 1 1 1 0 1 0 0 0 1 1 0 0 1 0 0 1 0 0 0 0 1 0 0 1 0 0 1 0] | Precisión: 0.94
Distancia de Hamming: 2
--------------------------------------------------
Original     --> [1 0 0 1 0 0 0 1 0 0 1 0 1 1 0 1 0 0 1 1 1 0 0 1 1 1 1 1 1 0 0 1]
Reconstruido --> [1 0 0 0 0 0 0 1 0 0 1 0 1 1 0 1 0 0 1 1 1 0 0 1 1 1 1 1 1 0 0 1] | Precisión: 0.97
Distancia de Hamming: 1
--------------------------------------------------
La media de la precisión del descifrado es 0.9554
Distancia media de Hamming = 1.4270 | Número de bits: 32
Número de reconstrucciones perfectas = 4111



EVALUACIÓN CON 1200:

Original     --> [1 1 0 0 0 0 0 1 0 1 0 0 1 1 1 1 1 0 1 1 1 0 1 0 0 1 0 0 1 0 1 1]
Reconstruido --> [1 0 0 0 0 0 0 1 0 1 0 0 1 1 1 1 1 0 0 1 1 0 1 1 0 1 0 0 1 0 1 1] | Precisión: 0.91
Distancia de Hamming: 3
--------------------------------------------------
Original     --> [0 0 1 0 0 0 1 0 1 0 1 1 0 0 0 1 0 0 0 0 1 0 1 0 1 1 1 0 0 1 1 1]
Reconstruido --> [0 0 1 0 0 0 1 0 1 0 1 1 0 0 0 1 1 0 0 0 1 0 1 0 1 1 1 0 1 1 1 1] | Precisión: 0.94
Distancia de Hamming: 2
--------------------------------------------------
Original     --> [1 0 1 1 1 1 0 1 0 1 1 1 0 0 1 1 1 0 0 0 0 1 1 0 1 0 0 0 1 1 1 1]
Reconstruido --> [1 0 1 1 1 1 0 1 0 1 1 1 0 0 1 1 1 0 0 0 0 1 1 0 1 0 0 0 1 1 1 1] | Precisión: 1.00
Distancia de Hamming: 0
--------------------------------------------------
Original     --> [1 1 0 1 0 1 1 0 0 0 1 0 1 1 1 0 0 0 0 1 1 0 0 1 1 0 0 0 1 0 1 0]
Reconstruido --> [0 1 0 1 0 0 0 0 0 0 1 0 1 1 1 0 0 0 0 1 1 0 0 1 1 0 0 0 1 0 1 0] | Precisión: 0.91
Distancia de Hamming: 3
--------------------------------------------------
Original     --> [0 0 1 1 0 1 0 1 0 1 1 0 0 1 0 1 1 1 1 0 1 0 0 1 1 0 1 0 0 1 0 0]
Reconstruido --> [0 0 1 1 0 1 0 1 0 1 1 0 0 1 0 1 1 1 1 0 1 0 0 1 1 0 0 0 0 1 0 0] | Precisión: 0.97
Distancia de Hamming: 1
--------------------------------------------------
Original     --> [1 0 1 0 1 0 0 0 0 0 0 1 0 1 1 0 1 1 0 0 0 1 1 1 1 0 1 0 1 1 1 1]
Reconstruido --> [1 0 1 0 1 0 0 0 0 1 0 1 0 1 1 0 1 1 0 0 0 0 1 1 1 0 1 0 1 1 1 1] | Precisión: 0.94
Distancia de Hamming: 2
--------------------------------------------------
Original     --> [0 1 1 0 0 1 1 1 1 0 0 1 0 1 0 0 1 0 0 1 0 1 0 1 0 1 1 0 0 1 1 0]
Reconstruido --> [0 1 1 0 0 0 1 1 1 0 0 1 0 0 0 1 1 0 0 1 0 1 0 1 0 0 0 0 0 1 1 0] | Precisión: 0.84
Distancia de Hamming: 5
--------------------------------------------------
Original     --> [1 0 0 0 0 1 0 1 0 1 1 0 0 1 0 0 1 0 1 1 0 1 0 1 1 0 1 0 1 0 0 0]
Reconstruido --> [1 0 0 0 0 1 0 1 0 1 1 0 0 1 0 0 1 0 1 1 0 1 0 1 1 0 1 0 1 1 0 0] | Precisión: 0.97
Distancia de Hamming: 1
--------------------------------------------------
Original     --> [0 1 1 0 1 1 0 0 0 1 0 1 1 1 0 1 0 0 1 1 1 0 1 1 1 1 0 1 1 1 1 0]
Reconstruido --> [0 1 1 0 1 1 0 0 0 1 0 1 1 1 0 1 0 0 1 0 1 0 1 1 1 1 0 1 1 0 1 0] | Precisión: 0.94
Distancia de Hamming: 2
--------------------------------------------------
Original     --> [1 0 1 0 0 0 1 1 1 1 1 0 0 1 1 1 1 0 1 0 0 0 1 0 1 1 0 0 0 0 1 1]
Reconstruido --> [1 0 1 0 0 0 1 1 1 1 1 0 0 1 1 1 1 0 1 0 0 0 1 0 1 1 0 0 0 0 1 1] | Precisión: 1.00
Distancia de Hamming: 0
--------------------------------------------------
La media de la precisión del descifrado es 0.9424
Distancia media de Hamming = 1.8438 | Número de bits: 32
Número de reconstrucciones perfectas = 3106



EVALUACIÓN CON 1500:

Original     --> [0 1 0 1 0 1 0 0 1 1 1 1 1 0 0 0 1 1 1 1 1 1 0 1 1 0 1 0 1 0 1 0]
Reconstruido --> [0 1 0 1 0 1 0 0 1 1 1 1 1 0 0 1 1 1 1 1 1 1 0 1 1 0 1 0 1 0 1 0] | Precisión: 0.97
Distancia de Hamming: 1
--------------------------------------------------
Original     --> [1 0 1 1 1 0 1 0 1 0 0 1 1 0 1 0 1 1 1 0 0 1 0 0 1 0 0 0 0 1 1 0]
Reconstruido --> [1 0 1 1 1 0 1 0 1 0 0 1 1 0 1 0 1 1 1 0 0 1 0 0 1 0 0 0 0 1 1 0] | Precisión: 1.00
Distancia de Hamming: 0
--------------------------------------------------
Original     --> [1 0 0 0 1 1 1 0 0 1 0 0 1 0 0 0 1 0 1 0 0 0 1 1 0 1 0 0 1 1 0 0]
Reconstruido --> [1 0 0 0 1 1 1 0 0 1 0 0 1 0 0 0 1 0 1 0 0 0 1 1 0 1 0 0 1 1 0 0] | Precisión: 1.00
Distancia de Hamming: 0
--------------------------------------------------
Original     --> [1 1 1 0 0 0 1 0 1 0 0 0 0 1 0 0 1 0 1 1 1 1 0 0 0 1 1 0 0 1 0 0]
Reconstruido --> [1 1 1 0 0 0 1 0 1 0 0 0 0 1 1 0 1 0 1 1 1 1 0 1 0 1 1 0 0 1 0 0] | Precisión: 0.94
Distancia de Hamming: 2
--------------------------------------------------
Original     --> [1 1 1 1 1 1 0 0 1 1 1 0 0 0 1 0 1 1 0 1 0 1 0 1 0 1 1 1 1 0 0 0]
Reconstruido --> [1 1 0 1 1 1 0 0 1 1 1 0 1 0 1 0 1 0 0 1 0 1 0 0 0 1 1 1 1 0 0 0] | Precisión: 0.88
Distancia de Hamming: 4
--------------------------------------------------
Original     --> [0 1 0 0 0 0 1 1 1 0 0 0 0 0 0 0 0 1 0 1 0 1 0 1 0 0 0 1 1 0 1 0]
Reconstruido --> [0 1 0 0 0 0 1 1 1 0 0 0 0 0 0 0 0 1 0 1 0 1 0 1 0 0 0 1 1 0 1 0] | Precisión: 1.00
Distancia de Hamming: 0
--------------------------------------------------
Original     --> [0 1 1 1 1 1 1 1 1 1 0 0 1 1 0 1 1 0 1 0 1 1 0 0 0 0 0 0 0 1 0 1]
Reconstruido --> [0 1 1 1 1 1 1 1 1 1 1 0 0 1 0 1 1 0 1 0 1 1 0 0 0 0 0 0 0 1 0 1] | Precisión: 0.94
Distancia de Hamming: 2
--------------------------------------------------
Original     --> [1 0 0 1 0 0 1 1 0 1 0 0 1 0 1 0 0 1 1 0 0 0 1 0 1 1 1 0 1 1 0 0]
Reconstruido --> [1 0 0 1 0 0 1 1 0 1 0 0 1 0 1 0 0 1 1 0 0 0 1 0 1 1 1 0 1 1 0 0] | Precisión: 1.00
Distancia de Hamming: 0
--------------------------------------------------
Original     --> [1 1 0 0 1 0 0 1 1 0 0 1 0 1 1 0 0 0 0 0 0 1 0 0 1 1 0 1 0 1 0 0]
Reconstruido --> [1 1 1 0 1 0 0 1 1 0 0 1 0 1 1 0 0 0 0 0 0 1 0 0 1 1 1 1 0 1 0 0] | Precisión: 0.94
Distancia de Hamming: 2
--------------------------------------------------
Original     --> [1 0 0 0 0 1 1 0 1 0 0 1 1 0 1 0 1 1 0 1 1 1 0 1 0 1 1 1 1 1 1 1]
Reconstruido --> [1 0 0 0 0 1 1 0 1 0 0 1 1 0 1 0 1 1 0 1 1 1 0 1 0 1 1 1 1 1 1 1] | Precisión: 1.00
Distancia de Hamming: 0
--------------------------------------------------
La media de la precisión del descifrado es 0.9587
Distancia media de Hamming = 1.3223 | Número de bits: 32
Número de reconstrucciones perfectas = 4572



EVALUACIÓN CON 1800:

Original     --> [0 1 0 1 1 0 0 0 1 0 0 1 0 1 0 1 1 0 1 1 1 1 0 0 0 1 0 0 1 1 1 1]
Reconstruido --> [0 1 0 1 1 0 0 0 1 0 0 1 0 1 0 1 1 0 1 1 1 1 0 0 0 1 0 0 1 1 1 1] | Precisión: 1.00
Distancia de Hamming: 0
--------------------------------------------------
Original     --> [1 1 1 0 1 0 0 0 1 0 0 1 1 1 1 0 1 0 0 0 1 1 0 1 0 1 1 0 1 0 1 1]
Reconstruido --> [1 1 1 0 1 0 0 0 1 0 0 1 1 1 1 0 1 0 0 0 1 1 0 1 0 1 1 0 1 0 1 1] | Precisión: 1.00
Distancia de Hamming: 0
--------------------------------------------------
Original     --> [0 0 0 0 1 0 0 0 1 1 0 1 0 0 0 0 1 1 1 1 1 1 0 0 0 1 0 1 0 0 0 0]
Reconstruido --> [0 0 0 0 1 0 0 0 1 1 0 1 0 0 0 0 1 1 1 1 1 1 0 0 0 1 0 1 0 0 0 0] | Precisión: 1.00
Distancia de Hamming: 0
--------------------------------------------------
Original     --> [0 0 1 0 0 0 0 0 1 1 1 1 0 0 0 1 1 0 1 1 0 1 0 1 0 1 1 0 0 0 1 1]
Reconstruido --> [0 0 1 0 0 0 0 0 1 1 1 1 0 0 0 1 1 0 1 1 0 1 0 1 0 1 1 0 0 0 1 1] | Precisión: 1.00
Distancia de Hamming: 0
--------------------------------------------------
Original     --> [0 1 1 0 1 0 1 0 1 0 1 1 0 0 0 1 0 0 0 0 1 0 0 1 0 1 0 1 0 1 0 1]
Reconstruido --> [0 1 1 0 1 0 1 0 1 0 1 1 0 0 1 1 0 0 0 0 1 0 0 1 0 1 0 1 0 1 0 1] | Precisión: 0.97
Distancia de Hamming: 1
--------------------------------------------------
Original     --> [0 0 1 1 0 1 1 1 1 0 0 1 1 0 1 0 1 1 0 0 1 1 0 0 0 0 0 0 1 1 1 1]
Reconstruido --> [0 0 1 1 0 1 1 1 1 0 0 1 1 0 1 0 1 1 0 0 1 1 0 0 0 0 0 0 1 1 1 1] | Precisión: 1.00
Distancia de Hamming: 0
--------------------------------------------------
Original     --> [1 1 0 0 0 1 1 1 0 1 0 1 1 0 1 1 0 1 0 0 1 1 0 0 1 1 1 1 0 0 1 0]
Reconstruido --> [1 1 0 0 0 1 1 1 0 1 0 1 1 0 1 1 0 1 0 0 1 1 0 0 1 1 1 1 0 0 1 0] | Precisión: 1.00
Distancia de Hamming: 0
--------------------------------------------------
Original     --> [0 1 1 1 1 1 0 0 0 1 0 0 0 0 0 1 1 1 0 0 1 0 0 1 0 1 1 0 1 1 0 1]
Reconstruido --> [0 1 0 1 1 1 0 0 0 0 0 1 0 0 0 1 1 1 0 0 0 0 0 1 0 1 1 0 1 1 0 0] | Precisión: 0.84
Distancia de Hamming: 5
--------------------------------------------------
Original     --> [1 0 1 1 0 1 0 1 1 1 1 1 1 1 1 1 0 0 1 0 1 0 1 0 0 1 1 0 0 1 0 1]
Reconstruido --> [1 0 1 1 0 1 0 1 1 1 1 1 1 1 1 1 0 0 1 0 1 0 1 0 0 1 1 0 0 1 0 1] | Precisión: 1.00
Distancia de Hamming: 0
--------------------------------------------------
Original     --> [1 0 1 0 1 1 0 0 0 0 0 0 1 1 0 0 0 0 0 1 0 1 0 1 0 0 0 0 0 0 1 1]
Reconstruido --> [1 0 1 0 1 1 0 0 0 0 0 0 1 1 0 0 0 0 0 1 0 1 0 1 0 0 0 0 0 0 1 1] | Precisión: 1.00
Distancia de Hamming: 0
--------------------------------------------------
La media de la precisión del descifrado es 0.9816
Distancia media de Hamming = 0.5898 | Número de bits: 32
Número de reconstrucciones perfectas = 7179



EVALUACIÓN CON 2100:

Original     --> [0 0 0 1 0 0 1 0 0 0 1 0 1 1 1 0 0 0 1 1 1 1 1 0 1 0 0 0 0 1 1 0]
Reconstruido --> [0 0 0 1 0 0 1 0 0 0 1 0 1 1 1 0 0 0 1 0 1 1 1 0 1 0 0 0 0 1 1 0] | Precisión: 0.97
Distancia de Hamming: 1
--------------------------------------------------
Original     --> [1 1 0 1 1 1 1 1 0 0 0 1 0 1 1 1 1 1 1 1 0 1 1 1 0 0 0 1 0 0 1 0]
Reconstruido --> [1 1 0 1 1 1 1 1 0 0 0 1 0 1 1 1 1 1 1 1 0 1 1 1 0 0 0 1 0 0 1 0] | Precisión: 1.00
Distancia de Hamming: 0
--------------------------------------------------
Original     --> [0 0 1 1 0 0 1 1 0 1 1 0 1 0 1 0 0 0 0 1 0 0 1 0 0 1 1 0 0 1 1 1]
Reconstruido --> [0 0 1 1 0 0 1 1 0 1 1 0 1 0 1 1 0 0 0 1 0 0 1 0 0 1 1 0 0 1 1 1] | Precisión: 0.97
Distancia de Hamming: 1
--------------------------------------------------
Original     --> [0 1 1 0 1 0 0 0 1 1 0 1 0 1 1 1 1 1 1 1 0 0 1 0 1 0 1 0 0 1 1 1]
Reconstruido --> [0 1 1 0 1 0 0 0 1 1 0 1 0 1 1 1 1 1 1 1 0 0 1 0 1 0 1 0 0 1 1 1] | Precisión: 1.00
Distancia de Hamming: 0
--------------------------------------------------
Original     --> [1 0 0 1 1 0 1 1 0 0 0 1 1 0 1 1 0 0 1 0 1 1 0 1 0 0 0 1 0 0 0 1]
Reconstruido --> [1 0 0 1 1 0 1 1 0 0 0 1 1 0 1 1 0 0 1 0 1 1 0 1 0 0 0 1 0 0 0 1] | Precisión: 1.00
Distancia de Hamming: 0
--------------------------------------------------
Original     --> [1 1 1 0 0 0 0 0 0 1 0 1 0 1 0 0 0 1 0 0 1 0 0 0 1 0 1 1 1 1 1 1]
Reconstruido --> [1 1 1 0 0 0 0 0 0 1 0 1 0 1 0 0 0 1 0 0 1 0 0 0 1 0 1 1 0 1 1 1] | Precisión: 0.97
Distancia de Hamming: 1
--------------------------------------------------
Original     --> [1 0 1 0 1 1 0 1 1 1 1 1 1 1 0 0 0 1 0 0 0 0 0 1 0 1 0 1 1 1 1 0]
Reconstruido --> [1 0 1 0 1 1 0 1 1 1 1 1 1 1 0 0 0 1 0 1 0 0 0 1 0 1 0 1 1 1 1 0] | Precisión: 0.97
Distancia de Hamming: 1
--------------------------------------------------
Original     --> [0 0 1 1 1 1 1 0 1 0 0 0 0 0 0 0 0 1 1 1 1 0 0 1 1 0 1 0 1 0 0 1]
Reconstruido --> [0 0 1 1 1 1 1 0 1 0 0 0 0 0 0 0 0 1 1 1 1 0 0 1 1 0 1 0 1 0 0 1] | Precisión: 1.00
Distancia de Hamming: 0
--------------------------------------------------
Original     --> [0 0 1 0 0 0 1 0 1 1 1 0 0 0 0 1 0 0 1 1 1 1 0 0 1 1 0 0 1 1 1 1]
Reconstruido --> [0 0 1 0 0 0 1 0 1 1 1 0 0 0 0 1 0 0 1 1 1 1 0 0 1 1 0 0 1 1 1 1] | Precisión: 1.00
Distancia de Hamming: 0
--------------------------------------------------
Original     --> [0 0 1 0 0 1 1 0 0 1 1 0 0 1 0 0 0 0 1 0 0 0 1 1 0 0 0 1 1 0 1 1]
Reconstruido --> [0 0 1 0 0 1 1 0 0 1 1 0 0 1 0 0 0 0 1 0 0 0 1 1 0 0 0 1 1 0 1 1] | Precisión: 1.00
Distancia de Hamming: 0
--------------------------------------------------
La media de la precisión del descifrado es 0.9690
Distancia media de Hamming = 0.9931 | Número de bits: 32
Número de reconstrucciones perfectas = 5654



EVALUACIÓN CON 2400:

Original     --> [0 1 0 1 0 0 0 0 0 0 1 1 1 0 1 0 0 1 1 1 0 1 0 1 1 0 1 1 1 1 1 1]
Reconstruido --> [0 1 0 1 0 0 0 0 0 0 1 1 1 0 1 0 0 1 1 1 0 1 0 1 1 0 1 1 1 1 1 1] | Precisión: 1.00
Distancia de Hamming: 0
--------------------------------------------------
Original     --> [0 0 0 1 1 1 0 0 0 0 1 1 1 1 1 0 0 1 1 0 0 1 0 0 1 1 1 1 0 0 1 1]
Reconstruido --> [0 0 0 1 1 1 0 0 0 0 1 1 1 1 1 0 0 1 1 0 0 1 0 0 1 1 1 1 0 0 1 1] | Precisión: 1.00
Distancia de Hamming: 0
--------------------------------------------------
Original     --> [1 1 1 1 1 1 0 1 1 0 1 0 0 1 1 1 1 0 1 1 0 0 0 0 1 0 0 1 1 0 1 1]
Reconstruido --> [1 1 1 1 1 1 0 1 1 0 1 0 0 1 1 1 1 0 1 1 0 0 0 0 1 0 0 1 1 0 1 1] | Precisión: 1.00
Distancia de Hamming: 0
--------------------------------------------------
Original     --> [0 0 0 1 0 1 1 0 1 1 1 1 0 1 0 1 0 1 0 1 1 0 1 1 1 0 0 1 0 1 0 1]
Reconstruido --> [0 0 0 1 0 1 1 0 1 1 0 1 0 1 0 1 0 1 0 1 1 0 1 1 1 0 0 1 0 1 0 1] | Precisión: 0.97
Distancia de Hamming: 1
--------------------------------------------------
Original     --> [1 1 1 1 0 0 1 1 0 1 0 1 0 0 0 1 0 1 0 1 1 1 0 1 0 1 0 1 1 0 1 1]
Reconstruido --> [1 1 1 1 0 0 1 1 0 1 0 1 0 0 0 1 1 1 0 1 1 1 0 1 0 1 0 1 1 0 1 1] | Precisión: 0.97
Distancia de Hamming: 1
--------------------------------------------------
Original     --> [1 1 0 0 1 1 0 1 0 1 1 1 0 1 1 0 1 1 1 1 1 0 0 0 1 0 1 0 1 1 0 0]
Reconstruido --> [1 1 0 0 1 1 0 1 0 1 1 1 0 1 1 0 1 1 1 1 1 0 0 0 1 0 1 0 1 1 0 0] | Precisión: 1.00
Distancia de Hamming: 0
--------------------------------------------------
Original     --> [0 1 0 0 0 0 1 0 0 0 1 1 1 1 1 0 1 1 1 1 1 0 0 0 1 1 0 1 0 1 0 1]
Reconstruido --> [0 1 0 0 0 0 1 0 0 0 1 1 1 0 1 0 1 1 1 1 1 0 0 0 0 1 0 1 0 1 0 1] | Precisión: 0.94
Distancia de Hamming: 2
--------------------------------------------------
Original     --> [1 1 1 1 1 0 1 1 1 0 1 0 0 0 1 1 1 1 1 1 0 1 1 0 0 1 1 1 1 1 1 1]
Reconstruido --> [1 1 1 1 1 0 1 1 1 0 1 0 0 0 1 1 1 1 1 1 0 1 1 0 0 1 1 1 1 1 1 1] | Precisión: 1.00
Distancia de Hamming: 0
--------------------------------------------------
Original     --> [1 1 1 1 0 0 0 0 1 1 0 0 0 1 1 1 1 1 1 1 0 1 0 1 0 0 0 0 0 1 1 1]
Reconstruido --> [1 1 0 0 0 0 0 0 1 1 0 0 0 1 0 1 1 1 1 1 0 1 1 1 0 1 0 0 0 1 1 1] | Precisión: 0.84
Distancia de Hamming: 5
--------------------------------------------------
Original     --> [1 0 1 0 1 0 0 0 0 0 1 1 0 1 1 1 0 0 0 0 0 0 1 1 0 1 0 1 1 1 0 0]
Reconstruido --> [1 0 1 0 1 0 0 0 0 0 1 1 0 1 1 1 0 0 0 0 0 0 1 1 0 1 0 1 1 1 0 0] | Precisión: 1.00
Distancia de Hamming: 0
--------------------------------------------------
La media de la precisión del descifrado es 0.9899
Distancia media de Hamming = 0.3240 | Número de bits: 32
Número de reconstrucciones perfectas = 8462



EVALUACIÓN CON 2700:

Original     --> [1 0 0 1 0 0 1 1 1 0 1 0 1 1 1 0 1 0 1 1 0 1 1 1 1 0 0 1 1 1 1 0]
Reconstruido --> [1 0 0 1 0 0 1 0 1 0 1 0 1 1 1 0 1 0 1 0 0 1 1 1 1 0 0 1 1 1 1 0] | Precisión: 0.94
Distancia de Hamming: 2
--------------------------------------------------
Original     --> [1 0 0 0 1 1 0 0 0 1 1 0 1 0 1 1 1 0 1 0 1 0 1 1 1 1 0 0 0 0 0 0]
Reconstruido --> [1 0 0 0 1 1 0 0 0 1 1 0 1 0 1 1 1 0 1 0 0 0 1 1 1 1 0 0 0 0 0 0] | Precisión: 0.97
Distancia de Hamming: 1
--------------------------------------------------
Original     --> [1 0 1 1 0 1 0 0 0 1 0 0 1 0 0 0 0 1 1 0 1 0 1 0 0 1 1 1 1 0 0 1]
Reconstruido --> [1 0 1 1 0 1 1 1 0 1 0 0 1 0 0 0 0 1 1 1 1 0 1 0 0 1 1 1 1 0 0 1] | Precisión: 0.91
Distancia de Hamming: 3
--------------------------------------------------
Original     --> [1 0 1 1 0 0 1 0 1 0 0 0 1 0 1 0 0 0 1 1 0 1 1 0 1 0 0 1 1 0 1 1]
Reconstruido --> [1 0 1 1 0 0 1 0 1 0 0 0 1 0 1 0 0 0 1 1 0 1 1 0 1 0 0 1 1 0 1 1] | Precisión: 1.00
Distancia de Hamming: 0
--------------------------------------------------
Original     --> [1 1 0 1 0 0 1 0 1 1 0 1 1 0 0 1 0 1 1 1 0 0 0 0 1 0 1 1 0 1 0 0]
Reconstruido --> [1 1 0 1 0 0 1 0 1 1 0 1 1 0 0 1 0 1 1 1 0 0 0 0 1 0 1 1 0 1 0 0] | Precisión: 1.00
Distancia de Hamming: 0
--------------------------------------------------
Original     --> [1 0 0 0 1 1 0 1 1 0 0 0 0 0 0 0 1 1 1 1 0 1 0 1 0 1 0 0 1 0 0 0]
Reconstruido --> [1 0 0 0 1 1 0 1 1 0 0 0 0 0 0 0 1 1 1 1 0 1 0 1 0 1 0 0 1 0 0 0] | Precisión: 1.00
Distancia de Hamming: 0
--------------------------------------------------
Original     --> [1 1 1 1 0 1 1 1 0 0 0 0 1 0 1 1 1 1 1 1 0 0 1 1 1 1 0 0 1 1 1 1]
Reconstruido --> [1 1 1 1 0 1 1 1 0 0 0 0 1 0 1 1 1 1 1 1 0 0 1 1 1 1 0 0 1 1 1 1] | Precisión: 1.00
Distancia de Hamming: 0
--------------------------------------------------
Original     --> [1 1 0 0 1 0 0 1 1 1 1 1 0 1 1 0 1 1 1 0 1 1 1 0 0 0 1 1 0 1 0 1]
Reconstruido --> [1 1 0 0 1 0 0 1 1 1 1 1 0 1 1 0 1 1 1 0 1 1 1 0 0 0 1 1 0 1 0 1] | Precisión: 1.00
Distancia de Hamming: 0
--------------------------------------------------
Original     --> [1 0 0 1 0 0 0 1 1 0 1 1 1 1 0 0 1 1 1 1 1 0 1 0 0 0 1 0 0 1 1 1]
Reconstruido --> [1 0 0 1 0 0 0 1 1 0 1 1 1 1 0 0 1 1 1 1 1 0 1 0 0 0 1 0 0 1 1 1] | Precisión: 1.00
Distancia de Hamming: 0
--------------------------------------------------
Original     --> [1 0 0 0 1 0 0 0 0 0 1 1 1 1 1 1 0 0 1 0 0 1 1 1 1 0 1 1 1 0 0 0]
Reconstruido --> [1 0 0 0 1 0 0 0 0 0 1 1 1 1 1 1 0 0 1 0 0 1 1 1 1 0 1 1 1 0 0 0] | Precisión: 1.00
Distancia de Hamming: 0
--------------------------------------------------
La media de la precisión del descifrado es 0.9694
Distancia media de Hamming = 0.9802 | Número de bits: 32
Número de reconstrucciones perfectas = 5843



EVALUACIÓN CON 3000:

Original     --> [0 1 0 1 0 0 1 1 0 1 0 1 1 0 1 0 1 0 1 0 0 0 1 0 1 0 0 1 1 0 0 1]
Reconstruido --> [0 1 0 1 0 0 1 1 0 1 0 1 1 0 1 0 1 0 1 0 0 0 1 0 1 0 0 1 1 0 0 1] | Precisión: 1.00
Distancia de Hamming: 0
--------------------------------------------------
Original     --> [1 0 0 1 1 0 0 1 1 1 0 0 1 0 0 0 0 0 0 0 0 1 1 0 0 1 0 1 1 1 0 1]
Reconstruido --> [1 0 0 1 1 0 0 1 1 1 0 0 1 0 0 0 0 0 0 0 0 1 1 0 0 1 0 1 1 1 0 1] | Precisión: 1.00
Distancia de Hamming: 0
--------------------------------------------------
Original     --> [0 0 1 1 0 0 1 0 1 1 1 0 1 0 0 0 0 0 0 1 1 0 1 0 0 0 0 0 1 1 0 1]
Reconstruido --> [0 0 1 1 0 0 1 0 1 1 1 0 1 0 0 0 0 0 0 1 1 0 1 0 0 0 0 0 1 1 0 1] | Precisión: 1.00
Distancia de Hamming: 0
--------------------------------------------------
Original     --> [1 0 0 1 1 1 0 0 0 0 1 0 0 1 0 0 1 0 1 1 1 1 0 1 1 1 1 1 1 1 1 0]
Reconstruido --> [1 0 0 1 1 1 0 0 0 0 1 0 0 1 0 0 1 0 1 1 1 1 0 1 1 1 1 1 1 1 1 0] | Precisión: 1.00
Distancia de Hamming: 0
--------------------------------------------------
Original     --> [1 0 1 0 1 1 1 1 0 0 0 0 1 0 1 0 1 1 1 0 1 0 0 0 1 1 0 0 1 1 1 1]
Reconstruido --> [1 0 1 0 1 1 1 1 0 0 0 0 1 0 1 0 1 1 1 0 1 0 0 0 1 1 0 0 1 1 1 1] | Precisión: 1.00
Distancia de Hamming: 0
--------------------------------------------------
Original     --> [1 0 1 1 0 1 0 0 0 1 1 1 1 1 1 0 1 0 0 1 0 0 1 1 1 0 0 1 1 0 0 0]
Reconstruido --> [1 0 1 1 0 1 0 0 0 1 1 1 1 1 1 0 1 0 0 1 0 0 1 1 1 0 0 1 1 0 0 0] | Precisión: 1.00
Distancia de Hamming: 0
--------------------------------------------------
Original     --> [1 1 1 1 0 0 1 1 0 1 1 0 0 0 1 1 0 1 0 1 0 1 1 0 0 1 0 1 0 1 1 1]
Reconstruido --> [1 1 1 1 0 0 1 1 0 1 1 0 0 0 1 1 0 1 0 1 0 1 1 0 0 1 0 1 0 1 1 1] | Precisión: 1.00
Distancia de Hamming: 0
--------------------------------------------------
Original     --> [1 0 0 1 1 1 0 0 0 1 0 1 1 0 0 0 0 1 0 1 1 0 0 1 1 0 1 1 0 1 1 1]
Reconstruido --> [1 0 0 1 0 1 0 0 0 1 0 1 1 0 0 0 0 1 0 1 1 0 1 1 1 0 1 1 0 1 1 1] | Precisión: 0.94
Distancia de Hamming: 2
--------------------------------------------------
Original     --> [0 0 1 0 0 1 0 1 0 1 0 0 1 0 0 0 0 0 0 1 1 1 1 0 1 0 1 1 1 0 1 1]
Reconstruido --> [0 0 1 0 0 1 0 1 0 1 0 0 1 0 0 0 0 0 0 1 1 1 1 0 1 0 1 1 1 0 1 1] | Precisión: 1.00
Distancia de Hamming: 0
--------------------------------------------------
Original     --> [0 1 1 1 0 0 0 1 1 1 1 1 1 0 1 1 1 1 0 1 0 1 0 1 1 1 1 1 1 0 0 0]
Reconstruido --> [0 1 1 1 0 0 0 1 1 1 1 1 1 0 1 1 1 1 0 1 0 1 0 1 1 1 1 1 1 0 0 0] | Precisión: 1.00
Distancia de Hamming: 0
--------------------------------------------------
La media de la precisión del descifrado es 0.9800
Distancia media de Hamming = 0.6404 | Número de bits: 32
Número de reconstrucciones perfectas = 7093



EVALUACIÓN CON 3300:

Original     --> [1 1 0 1 0 1 1 1 1 1 1 1 0 0 0 1 1 1 0 1 1 0 1 0 1 0 1 0 0 0 0 0]
Reconstruido --> [1 1 0 1 1 1 1 1 1 1 1 0 0 0 0 0 1 1 0 1 1 0 1 0 1 0 1 0 0 0 1 0] | Precisión: 0.88
Distancia de Hamming: 4
--------------------------------------------------
Original     --> [0 1 1 1 0 1 1 0 0 0 0 0 1 0 1 1 0 1 0 0 1 1 1 0 1 1 0 1 0 1 1 0]
Reconstruido --> [0 1 1 1 0 1 1 0 0 0 0 0 1 0 1 1 0 1 0 0 1 1 1 0 1 1 0 1 0 1 1 0] | Precisión: 1.00
Distancia de Hamming: 0
--------------------------------------------------
Original     --> [1 1 0 0 0 1 1 1 1 0 1 1 0 0 0 1 1 1 1 1 0 1 0 0 0 1 1 0 1 1 1 0]
Reconstruido --> [1 1 0 0 1 1 1 1 1 0 1 1 0 0 0 1 1 1 1 1 0 1 0 0 0 1 1 0 1 1 1 0] | Precisión: 0.97
Distancia de Hamming: 1
--------------------------------------------------
Original     --> [1 0 0 0 0 0 0 1 1 1 1 1 1 1 1 0 0 0 0 0 0 0 1 1 1 1 1 1 1 0 1 0]
Reconstruido --> [1 0 0 0 0 0 0 1 1 1 1 1 1 1 1 0 0 0 0 0 0 0 1 1 1 1 1 1 1 0 1 0] | Precisión: 1.00
Distancia de Hamming: 0
--------------------------------------------------
Original     --> [0 1 1 0 0 1 1 0 1 0 1 1 0 0 0 1 1 0 0 0 1 1 0 1 1 0 0 1 0 1 1 1]
Reconstruido --> [0 1 1 0 0 1 1 0 1 0 1 1 0 0 0 1 1 0 0 0 1 1 0 1 1 0 0 1 0 1 1 1] | Precisión: 1.00
Distancia de Hamming: 0
--------------------------------------------------
Original     --> [1 1 1 1 1 1 0 0 0 1 1 1 0 0 1 1 1 0 1 0 0 0 1 1 0 1 0 1 0 0 1 0]
Reconstruido --> [1 0 1 1 1 1 0 0 1 1 1 1 0 0 1 1 1 0 1 0 0 0 1 1 0 1 0 1 0 0 1 1] | Precisión: 0.91
Distancia de Hamming: 3
--------------------------------------------------
Original     --> [0 1 0 1 1 0 0 0 1 0 1 1 1 1 1 0 0 0 0 1 0 0 1 1 0 0 0 1 0 1 0 0]
Reconstruido --> [0 1 0 1 1 0 0 0 1 0 1 1 1 1 1 0 0 0 0 1 0 0 1 1 0 0 0 1 0 1 0 0] | Precisión: 1.00
Distancia de Hamming: 0
--------------------------------------------------
Original     --> [0 0 0 1 1 0 0 0 0 0 0 0 0 1 0 0 1 1 1 0 1 0 0 1 0 1 0 1 1 0 0 0]
Reconstruido --> [0 0 0 1 1 0 0 0 0 0 0 0 0 1 0 0 1 1 1 0 1 0 0 1 0 1 0 1 1 0 0 0] | Precisión: 1.00
Distancia de Hamming: 0
--------------------------------------------------
Original     --> [0 0 0 1 1 0 0 1 0 0 1 0 0 1 1 1 0 1 1 1 1 0 0 0 0 0 1 1 1 0 0 0]
Reconstruido --> [0 0 0 1 1 0 0 1 0 0 1 0 0 1 1 1 0 1 1 1 1 0 0 0 0 0 1 1 1 0 0 0] | Precisión: 1.00
Distancia de Hamming: 0
--------------------------------------------------
Original     --> [1 1 1 0 1 1 1 0 1 1 0 1 1 1 0 0 1 0 1 0 0 1 1 1 0 1 0 1 1 1 0 0]
Reconstruido --> [1 1 1 0 1 1 1 0 1 1 0 1 1 1 0 0 1 0 1 0 0 1 1 1 0 1 0 1 1 1 0 0] | Precisión: 1.00
Distancia de Hamming: 0
--------------------------------------------------
La media de la precisión del descifrado es 0.9797
Distancia media de Hamming = 0.6485 | Número de bits: 32
Número de reconstrucciones perfectas = 7025



EVALUACIÓN CON 3600:

Original     --> [1 0 1 1 0 0 1 1 1 1 0 0 1 0 0 1 0 0 1 1 0 1 1 0 1 0 0 1 0 0 1 0]
Reconstruido --> [1 0 0 1 0 0 1 1 0 1 0 0 0 0 0 1 0 0 1 1 0 1 1 0 1 0 0 1 0 0 1 0] | Precisión: 0.91
Distancia de Hamming: 3
--------------------------------------------------
Original     --> [1 0 1 1 0 0 1 0 0 1 1 1 0 1 0 0 0 0 0 0 1 1 1 1 0 0 0 1 1 0 0 1]
Reconstruido --> [1 0 1 1 0 0 1 0 0 1 1 1 0 1 0 0 0 0 0 0 1 1 1 1 0 0 0 1 1 0 0 1] | Precisión: 1.00
Distancia de Hamming: 0
--------------------------------------------------
Original     --> [1 0 0 1 1 1 1 0 1 0 1 0 1 0 0 0 0 1 1 1 0 0 0 0 0 0 0 1 0 1 1 1]
Reconstruido --> [1 0 0 1 1 1 1 0 1 0 1 0 1 0 0 0 0 1 1 1 0 0 0 0 0 0 0 1 0 1 1 1] | Precisión: 1.00
Distancia de Hamming: 0
--------------------------------------------------
Original     --> [0 1 1 0 1 0 1 0 0 0 0 0 0 0 0 0 0 1 1 1 0 1 0 1 1 0 1 0 0 1 1 1]
Reconstruido --> [0 1 1 0 1 0 1 0 0 0 0 0 0 0 0 0 0 1 1 1 0 1 0 1 1 0 1 0 0 1 1 1] | Precisión: 1.00
Distancia de Hamming: 0
--------------------------------------------------
Original     --> [0 0 0 0 1 0 0 0 1 0 1 1 0 0 1 1 0 1 1 1 1 1 1 1 1 0 1 1 0 0 0 0]
Reconstruido --> [0 0 0 0 1 1 0 0 1 0 1 1 0 0 1 1 0 1 0 0 1 1 1 1 1 0 1 1 0 0 0 0] | Precisión: 0.91
Distancia de Hamming: 3
--------------------------------------------------
Original     --> [1 0 0 1 1 0 0 0 0 0 0 0 0 0 1 1 0 1 1 0 0 1 1 0 1 1 1 1 0 1 1 0]
Reconstruido --> [1 0 0 1 1 0 0 0 0 0 0 0 0 0 1 1 0 0 1 0 0 1 1 0 1 1 1 1 0 1 1 0] | Precisión: 0.97
Distancia de Hamming: 1
--------------------------------------------------
Original     --> [1 1 0 1 1 0 0 0 0 1 0 1 1 1 1 0 1 0 0 1 1 1 0 0 1 1 1 1 0 0 0 0]
Reconstruido --> [1 1 0 1 1 0 0 0 0 1 0 1 1 1 1 0 1 0 0 1 1 1 0 0 1 1 1 1 0 0 0 0] | Precisión: 1.00
Distancia de Hamming: 0
--------------------------------------------------
Original     --> [1 0 0 0 0 1 0 0 0 0 0 1 0 0 1 1 1 0 1 1 0 1 0 1 0 0 0 0 1 1 0 1]
Reconstruido --> [1 0 0 0 0 1 0 0 0 0 0 1 0 0 1 1 1 0 1 1 0 1 0 1 0 0 0 0 1 1 0 1] | Precisión: 1.00
Distancia de Hamming: 0
--------------------------------------------------
Original     --> [0 1 0 0 0 0 1 1 0 0 1 0 0 0 0 0 0 0 1 1 0 1 1 0 0 1 1 1 1 0 0 0]
Reconstruido --> [0 1 0 1 0 0 1 1 0 0 1 0 0 0 0 0 0 0 1 1 0 1 1 0 0 1 1 1 1 1 0 0] | Precisión: 0.94
Distancia de Hamming: 2
--------------------------------------------------
Original     --> [1 0 1 0 0 1 0 0 1 1 0 0 1 0 0 1 0 0 0 1 1 0 1 0 1 0 0 1 1 1 0 0]
Reconstruido --> [1 0 0 0 0 1 0 0 1 1 0 0 0 0 0 1 0 0 0 1 1 0 1 0 1 0 1 1 1 1 0 0] | Precisión: 0.91
Distancia de Hamming: 3
--------------------------------------------------
La media de la precisión del descifrado es 0.9830
Distancia media de Hamming = 0.5441 | Número de bits: 32
Número de reconstrucciones perfectas = 7425



EVALUACIÓN CON 3900:

Original     --> [1 1 1 0 1 0 1 0 1 0 1 1 0 0 1 0 0 0 1 0 0 0 1 1 0 1 1 1 0 1 1 1]
Reconstruido --> [1 1 1 0 1 0 1 0 1 0 1 1 0 0 1 0 0 0 1 0 0 0 1 1 0 1 1 1 0 1 1 1] | Precisión: 1.00
Distancia de Hamming: 0
--------------------------------------------------
Original     --> [0 0 1 1 0 0 0 0 0 0 1 0 0 1 1 0 1 0 0 1 1 0 0 1 1 1 0 0 1 0 0 1]
Reconstruido --> [0 0 1 1 0 0 0 0 0 0 1 0 0 1 1 0 1 0 0 1 1 0 0 1 1 1 0 0 1 0 0 1] | Precisión: 1.00
Distancia de Hamming: 0
--------------------------------------------------
Original     --> [1 1 0 1 1 0 1 1 1 0 0 0 1 1 0 1 1 0 0 1 1 0 0 1 1 1 1 1 1 0 1 0]
Reconstruido --> [1 1 0 1 1 0 1 1 1 0 0 0 1 1 0 1 1 0 0 1 1 0 0 1 1 1 1 1 1 0 1 0] | Precisión: 1.00
Distancia de Hamming: 0
--------------------------------------------------
Original     --> [1 1 0 1 0 0 1 1 0 0 1 0 1 0 1 1 0 0 0 0 1 1 1 0 1 0 1 0 0 1 1 0]
Reconstruido --> [1 1 0 1 0 0 1 1 0 0 1 0 1 0 1 1 0 0 0 0 1 1 1 0 1 0 1 0 0 1 1 0] | Precisión: 1.00
Distancia de Hamming: 0
--------------------------------------------------
Original     --> [0 0 1 0 0 1 0 0 0 1 1 0 1 1 1 1 1 1 1 0 0 0 0 0 0 0 1 1 0 1 1 1]
Reconstruido --> [0 0 1 0 0 1 0 0 0 1 1 0 1 1 1 1 1 1 1 0 0 0 0 0 0 0 1 1 0 1 1 1] | Precisión: 1.00
Distancia de Hamming: 0
--------------------------------------------------
Original     --> [0 1 1 0 0 1 1 0 0 0 1 0 1 1 1 1 0 1 0 0 1 0 0 1 0 0 1 1 0 0 0 1]
Reconstruido --> [0 1 1 0 0 1 1 0 0 0 1 0 1 1 1 1 0 1 0 0 1 0 0 1 0 0 1 1 0 0 0 1] | Precisión: 1.00
Distancia de Hamming: 0
--------------------------------------------------
Original     --> [1 1 1 1 1 0 0 1 1 0 1 0 0 1 0 0 0 1 1 1 0 1 1 0 0 1 1 1 0 0 1 0]
Reconstruido --> [1 1 1 1 1 0 0 1 1 0 1 0 0 1 0 0 0 1 1 1 0 1 1 0 0 1 1 1 0 0 1 0] | Precisión: 1.00
Distancia de Hamming: 0
--------------------------------------------------
Original     --> [1 1 1 1 0 1 0 0 0 0 0 1 0 1 1 1 0 0 0 0 0 1 1 1 0 1 1 0 0 1 1 0]
Reconstruido --> [1 1 1 1 1 1 0 0 0 0 0 1 0 1 1 1 0 0 0 0 0 1 1 1 0 1 1 0 0 1 1 0] | Precisión: 0.97
Distancia de Hamming: 1
--------------------------------------------------
Original     --> [1 0 0 0 1 1 0 1 0 1 0 1 0 0 0 0 1 1 1 1 1 1 0 0 0 0 1 0 1 0 0 0]
Reconstruido --> [1 0 0 0 1 1 0 1 0 1 0 1 0 0 0 0 1 1 1 1 1 1 0 0 0 0 1 0 1 0 0 0] | Precisión: 1.00
Distancia de Hamming: 0
--------------------------------------------------
Original     --> [1 1 1 0 0 0 0 0 1 0 0 1 0 1 0 0 1 0 1 0 0 0 1 0 0 1 0 0 1 0 0 0]
Reconstruido --> [1 1 1 0 0 0 0 0 1 0 0 1 0 1 0 0 1 0 1 0 0 0 1 0 0 1 0 0 1 0 0 0] | Precisión: 1.00
Distancia de Hamming: 0
--------------------------------------------------
La media de la precisión del descifrado es 0.9888
Distancia media de Hamming = 0.3581 | Número de bits: 32
Número de reconstrucciones perfectas = 8344



EVALUACIÓN CON 4200:

Original     --> [1 0 1 0 0 1 1 1 1 0 0 0 0 1 1 1 1 1 0 1 1 0 0 1 1 1 0 1 1 0 1 0]
Reconstruido --> [0 0 1 0 1 1 1 1 1 0 0 1 0 1 1 1 1 1 0 1 1 0 0 1 1 1 0 1 1 0 1 0] | Precisión: 0.91
Distancia de Hamming: 3
--------------------------------------------------
Original     --> [0 0 1 1 1 1 0 1 1 1 0 0 0 0 1 0 1 0 1 0 1 1 0 0 0 0 0 0 1 0 0 0]
Reconstruido --> [0 0 1 1 1 1 0 1 1 1 0 0 0 0 1 0 1 0 1 0 1 1 0 0 0 0 0 0 1 0 0 0] | Precisión: 1.00
Distancia de Hamming: 0
--------------------------------------------------
Original     --> [0 0 1 1 0 0 1 0 1 1 1 1 1 0 1 0 1 1 0 1 0 0 1 1 1 0 0 0 0 0 0 1]
Reconstruido --> [0 0 1 1 0 0 1 0 1 1 1 1 1 0 1 0 1 1 0 1 0 0 1 1 1 0 0 0 0 0 0 1] | Precisión: 1.00
Distancia de Hamming: 0
--------------------------------------------------
Original     --> [0 0 1 0 0 0 0 0 0 0 1 0 0 0 0 1 1 1 1 0 1 0 0 0 1 1 1 0 1 1 0 1]
Reconstruido --> [0 0 1 0 0 0 0 0 0 0 1 0 0 0 0 1 1 1 1 0 1 0 0 0 1 1 1 0 1 1 0 1] | Precisión: 1.00
Distancia de Hamming: 0
--------------------------------------------------
Original     --> [1 1 0 1 1 0 0 1 0 1 0 1 0 1 0 0 0 1 0 1 0 1 0 1 1 1 0 1 1 0 0 1]
Reconstruido --> [1 1 0 1 1 0 0 1 0 0 0 1 0 1 0 0 0 1 0 1 0 1 0 1 1 1 0 1 1 0 0 1] | Precisión: 0.97
Distancia de Hamming: 1
--------------------------------------------------
Original     --> [0 1 0 1 0 0 0 0 1 1 0 1 1 1 0 0 0 0 1 0 1 1 0 1 0 1 0 0 1 1 0 0]
Reconstruido --> [0 1 0 0 0 0 0 0 1 1 0 1 1 1 0 0 1 0 1 0 1 0 0 1 0 1 0 1 1 1 0 0] | Precisión: 0.88
Distancia de Hamming: 4
--------------------------------------------------
Original     --> [0 1 0 1 0 0 0 1 1 1 1 1 1 1 0 1 1 0 1 1 0 0 0 0 1 1 1 0 0 1 0 1]
Reconstruido --> [0 1 0 1 0 0 0 1 1 1 1 1 1 1 0 1 1 0 1 1 0 0 0 0 1 1 1 0 0 1 0 1] | Precisión: 1.00
Distancia de Hamming: 0
--------------------------------------------------
Original     --> [1 0 0 0 1 0 1 0 1 1 1 1 1 1 1 1 0 1 1 0 0 0 0 1 0 0 0 0 1 1 1 1]
Reconstruido --> [1 0 0 0 1 0 1 1 1 1 1 1 1 0 1 1 0 1 1 0 0 0 0 1 0 0 0 0 1 1 1 1] | Precisión: 0.94
Distancia de Hamming: 2
--------------------------------------------------
Original     --> [0 0 0 0 0 0 1 0 0 1 1 0 0 0 0 0 1 0 1 0 0 0 1 1 0 0 0 0 0 1 1 0]
Reconstruido --> [0 0 0 0 0 0 1 0 0 1 1 0 0 0 0 0 1 0 1 0 0 0 1 1 0 0 0 0 0 1 1 0] | Precisión: 1.00
Distancia de Hamming: 0
--------------------------------------------------
Original     --> [0 1 1 1 0 1 1 0 1 1 0 0 1 1 0 0 0 1 0 0 0 1 1 0 1 0 0 1 1 1 1 0]
Reconstruido --> [0 1 1 1 0 1 1 0 1 1 0 0 1 1 0 0 0 1 0 0 0 1 1 0 1 0 0 1 1 1 1 0] | Precisión: 1.00
Distancia de Hamming: 0
--------------------------------------------------
La media de la precisión del descifrado es 0.9809
Distancia media de Hamming = 0.6118 | Número de bits: 32
Número de reconstrucciones perfectas = 7133



EVALUACIÓN CON 4500:

Original     --> [1 1 1 0 1 1 0 1 1 0 0 0 0 1 1 0 1 0 1 1 0 0 1 0 1 1 1 0 0 0 1 0]
Reconstruido --> [1 1 1 0 1 1 0 1 1 0 0 0 0 1 1 0 1 0 1 1 0 0 1 0 1 1 1 0 0 0 1 0] | Precisión: 1.00
Distancia de Hamming: 0
--------------------------------------------------
Original     --> [1 1 1 1 1 0 0 1 0 1 1 0 0 0 1 0 1 1 1 0 1 0 0 1 0 1 0 0 0 1 0 1]
Reconstruido --> [1 0 1 1 1 0 0 1 0 1 1 0 0 1 1 0 1 1 1 0 1 0 0 1 0 1 0 0 0 1 0 1] | Precisión: 0.94
Distancia de Hamming: 2
--------------------------------------------------
Original     --> [0 1 1 0 0 1 0 1 1 1 0 1 1 0 0 0 0 0 0 0 1 1 0 1 1 1 0 1 0 0 0 0]
Reconstruido --> [0 1 1 0 0 1 0 1 1 1 0 1 1 0 0 0 0 0 0 0 1 1 0 1 1 1 0 1 0 0 0 0] | Precisión: 1.00
Distancia de Hamming: 0
--------------------------------------------------
Original     --> [0 1 0 0 1 1 1 1 0 0 1 0 1 1 0 1 0 1 1 0 0 1 0 1 1 1 0 1 1 0 1 0]
Reconstruido --> [0 1 0 0 1 1 1 1 0 0 1 0 1 1 0 1 0 1 1 0 0 1 0 1 1 1 0 1 1 0 1 0] | Precisión: 1.00
Distancia de Hamming: 0
--------------------------------------------------
Original     --> [0 0 0 1 1 0 0 0 1 0 1 0 1 0 1 0 0 1 0 0 0 1 1 0 0 1 1 1 0 1 1 0]
Reconstruido --> [0 0 0 1 1 0 0 0 1 0 1 0 1 0 1 0 0 1 0 0 0 1 1 0 0 1 1 1 0 1 1 0] | Precisión: 1.00
Distancia de Hamming: 0
--------------------------------------------------
Original     --> [0 0 0 1 1 0 1 1 0 1 1 1 0 1 0 1 0 1 0 1 1 0 0 0 1 0 0 0 0 1 1 0]
Reconstruido --> [0 0 0 0 0 1 1 1 0 1 1 1 0 1 0 1 0 1 1 0 1 0 0 0 1 0 0 0 0 1 1 0] | Precisión: 0.84
Distancia de Hamming: 5
--------------------------------------------------
Original     --> [0 1 1 0 0 1 1 1 1 1 0 0 1 1 1 1 0 1 1 1 0 0 0 1 0 0 0 0 1 0 1 0]
Reconstruido --> [0 1 1 0 1 1 1 1 0 1 0 0 1 1 0 1 0 1 1 1 0 0 0 1 0 0 0 0 1 0 1 1] | Precisión: 0.88
Distancia de Hamming: 4
--------------------------------------------------
Original     --> [0 1 0 0 1 1 1 1 0 1 0 0 0 0 0 1 0 0 0 1 0 0 0 0 0 1 1 1 1 0 0 0]
Reconstruido --> [0 1 0 0 1 1 1 1 0 1 0 0 0 0 0 1 0 0 0 1 0 0 0 0 0 1 1 1 1 0 0 0] | Precisión: 1.00
Distancia de Hamming: 0
--------------------------------------------------
Original     --> [0 1 1 0 0 0 1 1 0 0 1 1 0 1 1 0 0 0 1 1 1 1 0 0 1 1 1 0 0 0 1 1]
Reconstruido --> [0 1 1 0 0 0 1 1 0 0 1 1 0 1 1 0 0 0 1 1 1 1 0 0 1 1 1 0 0 0 1 1] | Precisión: 1.00
Distancia de Hamming: 0
--------------------------------------------------
Original     --> [1 0 0 0 0 1 1 0 0 1 0 1 0 0 0 1 1 1 1 1 1 1 1 0 1 0 0 1 1 0 1 0]
Reconstruido --> [1 0 0 0 0 1 1 0 0 1 0 1 0 0 0 1 1 1 1 1 1 1 1 0 1 0 0 1 1 0 1 0] | Precisión: 1.00
Distancia de Hamming: 0
--------------------------------------------------
La media de la precisión del descifrado es 0.9895
Distancia media de Hamming = 0.3369 | Número de bits: 32
Número de reconstrucciones perfectas = 8464



EVALUACIÓN CON 4800:

Original     --> [1 1 0 0 1 1 1 0 1 1 0 1 1 0 1 1 1 0 1 1 0 0 0 1 1 1 0 1 0 1 1 0]
Reconstruido --> [1 1 0 0 1 1 1 0 1 1 0 1 1 0 1 1 1 0 1 1 0 0 0 1 1 1 1 1 0 1 1 0] | Precisión: 0.97
Distancia de Hamming: 1
--------------------------------------------------
Original     --> [1 0 1 1 0 0 1 1 0 1 1 0 0 0 0 1 0 1 0 0 0 1 0 0 1 0 1 0 1 0 0 0]
Reconstruido --> [1 0 1 1 0 0 1 1 0 1 1 0 0 0 0 1 0 1 0 0 0 1 0 0 1 0 1 0 1 0 0 0] | Precisión: 1.00
Distancia de Hamming: 0
--------------------------------------------------
Original     --> [1 0 0 1 0 1 1 0 0 1 0 1 1 1 0 1 1 0 0 1 0 1 1 1 0 1 1 0 1 1 1 0]
Reconstruido --> [1 0 0 1 0 1 1 0 0 1 0 1 1 1 0 1 1 0 0 1 0 1 1 1 0 1 1 0 1 1 1 0] | Precisión: 1.00
Distancia de Hamming: 0
--------------------------------------------------
Original     --> [0 0 0 0 1 0 1 0 1 1 1 1 0 0 1 1 0 1 0 1 0 1 0 0 1 0 0 0 0 1 1 1]
Reconstruido --> [0 0 0 0 1 0 1 0 1 1 1 1 0 0 1 1 0 1 0 1 0 1 0 0 1 0 0 0 0 1 1 1] | Precisión: 1.00
Distancia de Hamming: 0
--------------------------------------------------
Original     --> [0 1 1 0 1 1 1 1 1 0 1 1 0 1 0 1 1 0 0 0 0 1 1 0 0 0 0 0 1 0 0 0]
Reconstruido --> [0 1 1 1 1 1 1 1 1 0 1 1 0 1 0 1 1 0 0 0 0 1 1 0 0 0 0 0 1 1 0 0] | Precisión: 0.94
Distancia de Hamming: 2
--------------------------------------------------
Original     --> [0 1 1 1 1 0 1 0 1 0 1 0 0 0 0 1 0 0 1 0 0 1 1 0 0 0 1 1 0 1 1 0]
Reconstruido --> [0 1 1 1 1 0 1 0 1 0 1 0 0 0 0 1 0 0 1 0 0 1 1 0 0 0 1 1 0 1 1 0] | Precisión: 1.00
Distancia de Hamming: 0
--------------------------------------------------
Original     --> [1 1 1 1 1 0 1 0 1 1 0 0 1 1 0 1 1 1 1 0 1 1 1 1 0 1 0 1 1 0 1 1]
Reconstruido --> [1 1 1 1 1 0 1 0 1 1 0 0 1 1 0 1 1 1 1 0 1 1 1 1 0 1 0 1 1 0 1 1] | Precisión: 1.00
Distancia de Hamming: 0
--------------------------------------------------
Original     --> [0 0 1 1 0 1 1 0 1 1 0 1 0 1 1 0 0 1 1 1 0 0 0 0 1 0 1 0 1 0 0 1]
Reconstruido --> [0 0 1 1 0 1 1 0 1 1 0 1 0 1 1 0 0 1 1 1 0 0 0 0 1 0 1 0 1 0 0 1] | Precisión: 1.00
Distancia de Hamming: 0
--------------------------------------------------
Original     --> [0 1 1 1 0 0 0 1 0 1 1 1 1 1 0 1 0 1 0 1 1 1 0 0 1 1 0 1 0 0 1 1]
Reconstruido --> [0 1 1 1 0 0 0 1 0 1 1 1 1 1 0 1 1 1 0 1 1 1 0 0 1 1 0 1 0 0 1 1] | Precisión: 0.97
Distancia de Hamming: 1
--------------------------------------------------
Original     --> [1 0 1 1 0 0 1 0 0 0 1 1 1 0 1 0 1 0 0 1 0 0 1 1 0 0 0 1 0 1 0 0]
Reconstruido --> [1 0 1 1 0 0 1 0 0 0 1 1 1 0 1 0 1 0 0 1 0 0 1 1 0 0 0 1 0 1 0 0] | Precisión: 1.00
Distancia de Hamming: 0
--------------------------------------------------
La media de la precisión del descifrado es 0.9808
Distancia media de Hamming = 0.6160 | Número de bits: 32
Número de reconstrucciones perfectas = 7237



EVALUACIÓN CON 5100:

Original     --> [1 1 1 0 1 1 1 0 0 0 1 0 0 0 0 0 0 0 1 0 1 0 0 1 0 0 1 1 0 0 0 1]
Reconstruido --> [1 1 1 0 1 1 1 0 0 0 1 0 0 0 0 0 0 0 1 0 1 0 0 1 0 0 1 1 0 0 0 1] | Precisión: 1.00
Distancia de Hamming: 0
--------------------------------------------------
Original     --> [0 1 0 1 1 1 1 1 0 1 1 0 0 1 0 0 0 0 1 1 1 1 0 0 0 0 1 1 0 1 0 1]
Reconstruido --> [0 1 0 1 1 1 1 1 0 1 1 0 0 1 0 0 0 0 1 1 1 1 0 0 0 0 1 1 0 1 0 1] | Precisión: 1.00
Distancia de Hamming: 0
--------------------------------------------------
Original     --> [0 0 0 0 0 0 1 0 1 1 0 1 0 1 0 1 0 0 0 1 1 0 0 1 0 1 1 0 0 1 0 1]
Reconstruido --> [0 0 0 0 0 0 1 0 1 1 0 1 0 1 0 1 0 0 0 1 1 0 0 1 0 1 1 0 0 1 0 1] | Precisión: 1.00
Distancia de Hamming: 0
--------------------------------------------------
Original     --> [0 0 0 1 1 1 1 0 1 1 0 1 0 0 1 0 0 1 1 1 1 0 0 1 1 0 1 1 0 1 0 1]
Reconstruido --> [0 0 0 1 1 1 1 0 1 1 0 1 0 0 1 0 0 1 1 1 1 0 0 1 1 0 1 1 0 1 0 1] | Precisión: 1.00
Distancia de Hamming: 0
--------------------------------------------------
Original     --> [0 1 0 0 0 0 0 1 0 0 0 0 1 1 1 0 0 1 0 0 1 1 0 1 1 1 0 0 0 0 0 0]
Reconstruido --> [0 1 0 0 0 0 0 1 0 0 0 0 1 1 1 0 0 1 0 0 1 1 0 1 1 1 0 0 0 0 0 0] | Precisión: 1.00
Distancia de Hamming: 0
--------------------------------------------------
Original     --> [0 0 0 1 1 1 1 0 1 0 0 0 1 1 1 0 0 0 0 0 0 1 0 0 1 0 0 1 1 0 1 1]
Reconstruido --> [0 0 0 1 1 1 1 0 1 0 0 0 1 1 1 0 0 0 0 0 0 1 0 0 1 0 0 1 1 0 1 1] | Precisión: 1.00
Distancia de Hamming: 0
--------------------------------------------------
Original     --> [0 0 0 1 0 1 0 1 1 1 0 0 1 1 1 0 0 1 0 0 0 0 0 1 1 0 0 0 0 0 1 0]
Reconstruido --> [0 0 0 1 0 1 0 1 1 1 0 0 1 1 1 0 0 1 0 0 0 0 0 1 1 0 0 0 0 0 1 0] | Precisión: 1.00
Distancia de Hamming: 0
--------------------------------------------------
Original     --> [0 0 0 1 0 1 0 1 1 1 1 0 0 0 1 0 0 0 1 1 0 0 1 0 0 1 0 1 1 1 0 1]
Reconstruido --> [0 0 0 1 0 1 0 1 1 1 1 0 0 0 1 0 0 0 1 1 0 0 1 0 0 1 0 1 1 1 0 1] | Precisión: 1.00
Distancia de Hamming: 0
--------------------------------------------------
Original     --> [0 1 1 0 1 0 0 0 1 0 0 1 0 1 1 0 1 0 1 1 1 0 1 0 1 1 0 1 1 1 1 1]
Reconstruido --> [0 1 1 0 1 0 0 0 1 0 0 1 0 1 1 0 1 0 1 1 1 0 1 0 1 1 0 1 1 1 1 1] | Precisión: 1.00
Distancia de Hamming: 0
--------------------------------------------------
Original     --> [0 1 0 0 1 0 1 0 0 0 0 0 1 0 0 1 0 0 1 1 0 1 0 1 1 0 1 1 1 0 0 1]
Reconstruido --> [0 1 0 0 1 0 1 0 0 0 0 0 1 0 0 1 0 0 1 1 0 1 0 1 1 0 1 1 1 0 0 1] | Precisión: 1.00
Distancia de Hamming: 0
--------------------------------------------------
La media de la precisión del descifrado es 0.9825
Distancia media de Hamming = 0.5593 | Número de bits: 32
Número de reconstrucciones perfectas = 7511



EVALUACIÓN CON 5400:

Original     --> [1 1 0 1 1 0 0 1 1 0 0 1 1 0 0 1 0 1 0 0 0 0 0 1 1 0 1 0 0 0 1 1]
Reconstruido --> [1 0 0 1 1 0 0 1 1 0 0 1 1 0 0 1 0 1 0 0 0 0 0 1 1 0 1 0 0 0 1 1] | Precisión: 0.97
Distancia de Hamming: 1
--------------------------------------------------
Original     --> [0 0 1 1 0 1 1 0 0 0 1 1 0 1 1 0 1 0 0 0 1 0 0 1 0 0 0 0 0 0 1 1]
Reconstruido --> [0 0 1 1 0 1 1 0 0 0 1 0 0 1 0 0 1 0 0 0 1 0 0 1 0 0 0 1 0 0 1 1] | Precisión: 0.91
Distancia de Hamming: 3
--------------------------------------------------
Original     --> [0 1 1 1 1 0 1 0 1 1 1 1 0 0 0 0 1 1 0 0 0 0 1 0 1 1 1 0 1 1 1 0]
Reconstruido --> [0 1 1 1 1 0 1 0 1 1 1 1 0 0 0 0 1 1 0 0 0 0 1 0 1 1 1 0 1 1 1 0] | Precisión: 1.00
Distancia de Hamming: 0
--------------------------------------------------
Original     --> [1 0 1 1 1 1 1 0 0 1 0 1 0 0 0 1 1 1 0 0 1 0 1 1 0 0 0 0 1 1 1 0]
Reconstruido --> [1 0 1 1 1 1 1 0 0 1 0 1 0 0 0 1 1 1 0 0 1 0 1 1 0 0 0 0 1 1 1 0] | Precisión: 1.00
Distancia de Hamming: 0
--------------------------------------------------
Original     --> [0 0 0 1 0 0 0 1 1 1 1 0 1 1 0 0 1 0 0 1 0 1 1 1 0 0 0 0 1 1 0 0]
Reconstruido --> [0 0 0 1 0 0 0 1 1 1 1 0 1 1 0 0 1 0 0 1 0 1 1 1 0 0 0 0 1 1 0 0] | Precisión: 1.00
Distancia de Hamming: 0
--------------------------------------------------
Original     --> [0 1 1 1 0 1 1 0 0 1 1 0 1 0 1 0 0 1 0 1 1 1 1 1 1 0 0 0 1 0 0 0]
Reconstruido --> [0 1 1 1 0 1 1 0 0 1 1 0 1 0 1 0 0 1 0 1 1 1 1 1 1 0 0 0 1 0 0 0] | Precisión: 1.00
Distancia de Hamming: 0
--------------------------------------------------
Original     --> [1 0 1 0 1 0 0 1 1 1 1 1 0 1 0 0 0 1 1 0 0 0 0 0 0 1 0 0 1 1 0 0]
Reconstruido --> [1 0 1 0 1 0 0 1 1 1 1 1 0 1 0 0 0 1 1 0 0 0 0 0 0 1 0 0 1 1 0 0] | Precisión: 1.00
Distancia de Hamming: 0
--------------------------------------------------
Original     --> [1 1 0 0 1 0 1 0 1 0 0 1 0 1 1 1 0 0 0 0 1 0 1 0 1 0 0 1 0 1 1 0]
Reconstruido --> [1 1 0 0 1 0 1 0 1 0 0 1 0 1 1 1 0 0 0 0 1 0 1 0 1 0 0 1 0 1 1 0] | Precisión: 1.00
Distancia de Hamming: 0
--------------------------------------------------
Original     --> [1 0 0 0 1 0 1 1 1 0 0 0 0 1 1 0 1 1 0 1 0 0 1 1 0 1 1 0 0 1 1 0]
Reconstruido --> [1 0 0 0 1 0 1 1 1 0 0 0 0 1 1 0 1 1 0 1 0 0 1 1 0 1 1 0 0 1 1 0] | Precisión: 1.00
Distancia de Hamming: 0
--------------------------------------------------
Original     --> [0 1 0 1 0 0 1 0 1 0 1 1 0 0 0 0 1 1 0 1 0 1 1 1 0 0 1 1 0 1 1 0]
Reconstruido --> [0 1 0 1 0 0 1 0 1 0 1 1 0 0 0 0 1 1 0 1 0 1 1 1 0 0 1 1 0 1 1 0] | Precisión: 1.00
Distancia de Hamming: 0
--------------------------------------------------
La media de la precisión del descifrado es 0.9896
Distancia media de Hamming = 0.3340 | Número de bits: 32
Número de reconstrucciones perfectas = 8471



EVALUACIÓN CON 5700:

Original     --> [0 0 0 1 0 0 1 0 1 0 1 1 0 1 0 1 0 0 1 1 1 1 1 0 0 0 0 0 1 0 0 0]
Reconstruido --> [0 0 0 1 0 0 1 0 1 0 1 1 0 1 0 1 0 0 1 1 1 1 1 0 0 0 0 0 1 0 0 0] | Precisión: 1.00
Distancia de Hamming: 0
--------------------------------------------------
Original     --> [0 0 0 0 1 1 0 0 0 1 0 1 1 1 0 0 0 1 1 1 1 0 1 0 1 1 1 1 0 1 0 1]
Reconstruido --> [0 0 0 0 1 1 0 0 0 1 0 1 1 1 0 0 0 1 1 1 1 0 1 0 1 1 1 1 0 1 0 1] | Precisión: 1.00
Distancia de Hamming: 0
--------------------------------------------------
Original     --> [1 0 1 1 1 0 1 1 0 0 1 0 0 1 0 0 1 0 1 1 0 1 0 1 0 0 0 1 0 0 0 1]
Reconstruido --> [1 0 1 1 1 0 0 1 0 0 0 0 1 1 0 0 1 0 1 1 0 1 0 1 0 1 0 1 0 0 0 1] | Precisión: 0.88
Distancia de Hamming: 4
--------------------------------------------------
Original     --> [0 0 1 0 1 1 0 1 1 0 1 1 1 0 0 0 1 1 1 1 0 1 0 1 0 0 1 0 1 1 0 1]
Reconstruido --> [0 0 1 0 1 1 0 1 1 0 1 1 1 0 0 0 1 1 1 1 0 1 0 1 0 0 1 0 1 1 0 1] | Precisión: 1.00
Distancia de Hamming: 0
--------------------------------------------------
Original     --> [1 0 1 0 0 1 1 1 0 1 1 1 1 0 1 1 1 0 0 0 0 0 1 1 1 0 1 1 1 0 1 0]
Reconstruido --> [1 0 1 0 0 1 1 1 0 1 1 1 1 0 1 1 1 0 0 0 0 0 1 1 1 0 1 1 1 0 1 0] | Precisión: 1.00
Distancia de Hamming: 0
--------------------------------------------------
Original     --> [1 1 0 1 1 0 0 1 0 0 0 1 1 0 1 1 1 0 0 1 1 1 0 0 1 1 1 0 1 0 1 1]
Reconstruido --> [1 1 0 1 1 0 0 1 0 0 0 1 1 0 1 1 1 0 0 1 1 1 0 0 1 1 1 0 1 0 1 1] | Precisión: 1.00
Distancia de Hamming: 0
--------------------------------------------------
Original     --> [0 0 1 0 1 1 1 1 0 0 1 1 0 0 0 1 0 1 1 0 1 0 1 1 0 0 1 1 0 0 1 1]
Reconstruido --> [0 0 1 0 1 1 1 1 0 0 1 1 0 0 0 1 0 1 1 0 1 0 1 1 0 0 1 1 0 0 1 1] | Precisión: 1.00
Distancia de Hamming: 0
--------------------------------------------------
Original     --> [0 1 1 1 0 0 1 1 1 0 0 0 1 1 1 0 1 1 0 0 1 1 1 0 0 1 0 1 1 1 1 0]
Reconstruido --> [0 1 1 1 0 0 1 1 1 0 0 0 1 0 1 0 1 1 0 0 1 1 1 0 0 1 0 1 1 1 1 0] | Precisión: 0.97
Distancia de Hamming: 1
--------------------------------------------------
Original     --> [1 0 1 1 0 0 0 0 1 1 0 1 0 0 1 0 0 1 1 1 0 0 1 0 1 0 1 0 1 0 1 0]
Reconstruido --> [1 0 1 1 0 0 0 0 1 1 0 1 0 0 1 0 0 1 1 1 0 0 1 0 1 0 1 0 1 0 1 0] | Precisión: 1.00
Distancia de Hamming: 0
--------------------------------------------------
Original     --> [1 0 0 0 1 1 0 0 0 1 0 0 0 1 0 1 0 0 1 1 0 0 0 1 0 0 1 1 1 0 1 0]
Reconstruido --> [1 0 0 0 1 1 0 0 0 1 0 0 0 1 0 1 0 0 1 1 0 0 0 1 0 0 1 1 1 0 1 0] | Precisión: 1.00
Distancia de Hamming: 0
--------------------------------------------------
La media de la precisión del descifrado es 0.9847
Distancia media de Hamming = 0.4894 | Número de bits: 32
Número de reconstrucciones perfectas = 7765



EVALUACIÓN CON 6000:

Original     --> [0 0 1 1 0 0 0 1 1 1 1 0 0 0 1 1 1 1 1 0 1 0 0 1 1 0 1 1 1 0 1 0]
Reconstruido --> [0 0 1 1 0 0 0 1 1 1 1 0 0 0 1 1 1 1 1 0 1 0 0 1 1 0 1 1 1 0 1 0] | Precisión: 1.00
Distancia de Hamming: 0
--------------------------------------------------
Original     --> [0 1 1 1 1 1 1 1 1 1 1 0 0 0 1 0 0 0 1 1 0 0 1 1 0 1 1 1 0 1 0 1]
Reconstruido --> [0 1 1 1 1 1 1 1 1 1 1 0 0 0 1 0 0 0 1 1 0 0 1 1 0 1 1 1 0 1 0 1] | Precisión: 1.00
Distancia de Hamming: 0
--------------------------------------------------
Original     --> [1 1 0 1 0 1 0 1 0 0 0 1 0 1 0 1 0 0 0 0 0 1 0 1 0 0 1 0 1 1 1 1]
Reconstruido --> [1 1 0 1 0 1 0 1 0 0 0 1 0 1 0 1 0 0 0 0 0 1 0 1 0 0 1 0 1 1 1 1] | Precisión: 1.00
Distancia de Hamming: 0
--------------------------------------------------
Original     --> [0 0 1 1 0 0 1 1 0 0 1 1 0 0 1 0 0 1 1 1 0 1 1 1 0 1 1 1 0 0 0 1]
Reconstruido --> [0 0 1 1 0 0 1 1 0 0 1 1 0 0 1 0 0 1 1 1 0 1 1 1 0 1 1 1 0 0 0 1] | Precisión: 1.00
Distancia de Hamming: 0
--------------------------------------------------
Original     --> [1 0 0 0 1 0 1 1 0 1 1 1 0 0 0 1 1 0 1 0 0 1 1 0 0 0 0 0 0 1 0 1]
Reconstruido --> [1 0 0 0 1 0 1 1 0 1 1 1 0 0 0 1 1 0 1 0 0 1 1 0 0 0 0 0 0 1 0 1] | Precisión: 1.00
Distancia de Hamming: 0
--------------------------------------------------
Original     --> [1 0 1 1 0 0 0 1 1 0 0 0 0 1 1 1 1 0 0 1 0 0 1 0 1 1 0 1 1 1 1 1]
Reconstruido --> [1 0 1 1 0 0 0 1 1 0 0 0 0 1 1 1 1 0 0 1 0 0 1 0 1 1 0 1 1 1 1 1] | Precisión: 1.00
Distancia de Hamming: 0
--------------------------------------------------
Original     --> [0 1 1 1 0 0 1 1 0 0 1 1 1 0 1 0 1 1 0 1 1 0 1 0 1 0 0 0 0 0 1 0]
Reconstruido --> [0 1 1 1 0 0 1 1 0 0 1 1 1 0 1 0 1 1 0 1 1 0 1 0 1 0 0 0 0 0 1 0] | Precisión: 1.00
Distancia de Hamming: 0
--------------------------------------------------
Original     --> [1 0 0 1 0 0 1 0 1 0 0 0 1 0 0 1 0 1 1 0 0 1 0 0 0 1 0 0 0 1 0 0]
Reconstruido --> [1 0 0 1 0 0 1 0 1 0 0 0 1 0 0 1 0 1 1 0 0 1 0 0 0 1 0 0 0 1 0 0] | Precisión: 1.00
Distancia de Hamming: 0
--------------------------------------------------
Original     --> [0 1 1 1 0 1 1 1 1 1 1 0 1 1 0 1 1 0 0 0 1 0 1 1 0 1 0 0 1 1 0 1]
Reconstruido --> [0 1 1 1 0 1 1 1 1 1 1 0 1 1 0 1 1 0 0 0 1 0 1 1 0 1 0 0 1 1 0 1] | Precisión: 1.00
Distancia de Hamming: 0
--------------------------------------------------
Original     --> [1 0 1 1 0 1 1 1 1 0 0 0 1 0 0 0 1 1 1 0 0 1 1 0 1 1 0 1 0 0 0 0]
Reconstruido --> [1 0 1 1 0 1 1 1 1 0 0 0 1 0 0 0 1 1 1 0 0 1 1 0 1 1 0 1 0 0 0 0] | Precisión: 1.00
Distancia de Hamming: 0
--------------------------------------------------
La media de la precisión del descifrado es 0.9887
Distancia media de Hamming = 0.3618 | Número de bits: 32
Número de reconstrucciones perfectas = 8287


Tiempo total de ejecución (s): 4537.681931734085

