-- RESULTADOS DEL EXPERIMENTO 1.1. --

Número de mensajes = 10000
Número de bits = 32
Tamaño del batch = 512
Adam optimizer learning rate = 0.0001
Epochs totales = 6000
Epochs iniciales = 300


EVALUACIÓN CON 300:

Original     --> [0 1 1 1 0 0 1 1 1 0 0 0 1 1 1 0 1 1 1 0 0 0 1 1 0 1 1 0 0 0 0 0]
Reconstruido --> [1 1 0 1 0 1 1 1 1 0 0 0 1 1 1 0 1 0 1 1 0 0 1 1 0 1 1 0 0 0 0 0] | Precisión: 0.84
Distancia de Hamming: 5
--------------------------------------------------
Original     --> [1 1 0 0 1 1 1 1 0 1 1 1 1 0 1 1 0 1 1 1 1 0 0 0 1 1 0 1 1 0 1 0]
Reconstruido --> [1 1 0 0 1 1 1 1 0 1 1 1 0 0 1 1 0 1 1 1 0 0 0 0 1 1 0 0 1 0 1 0] | Precisión: 0.91
Distancia de Hamming: 3
--------------------------------------------------
Original     --> [0 0 1 1 0 0 1 0 1 0 0 0 0 1 0 1 1 0 0 0 1 1 0 0 0 1 1 0 1 0 0 0]
Reconstruido --> [0 0 1 1 0 1 1 0 1 0 1 0 0 1 0 1 1 0 0 1 1 1 0 0 0 1 1 0 1 0 1 0] | Precisión: 0.88
Distancia de Hamming: 4
--------------------------------------------------
Original     --> [1 0 1 1 1 0 1 1 1 0 1 0 0 1 1 1 1 0 0 0 0 1 0 1 1 1 0 1 1 0 1 1]
Reconstruido --> [1 0 1 1 1 0 1 1 1 0 1 0 0 1 0 0 1 0 0 0 0 0 0 1 1 1 0 1 0 0 1 1] | Precisión: 0.88
Distancia de Hamming: 4
--------------------------------------------------
Original     --> [1 0 1 0 0 0 0 1 0 0 0 0 1 0 0 0 1 1 0 1 1 1 0 1 1 1 0 1 1 1 0 1]
Reconstruido --> [1 1 0 0 0 0 0 1 0 0 0 0 1 0 0 0 0 1 0 1 1 1 0 1 1 1 0 1 0 1 0 1] | Precisión: 0.88
Distancia de Hamming: 4
--------------------------------------------------
Original     --> [0 1 0 1 1 1 1 0 0 0 0 1 0 1 0 0 0 1 1 0 0 1 0 0 0 1 0 1 1 0 1 0]
Reconstruido --> [0 1 0 1 1 1 1 0 0 0 0 1 0 1 0 0 1 1 1 0 0 1 0 0 0 1 0 1 1 0 1 0] | Precisión: 0.97
Distancia de Hamming: 1
--------------------------------------------------
Original     --> [1 0 1 1 0 0 0 1 0 1 0 0 0 1 1 0 0 0 0 0 0 1 1 1 0 0 1 1 1 1 1 0]
Reconstruido --> [1 0 1 1 1 0 0 1 0 0 0 0 0 1 1 0 0 0 1 0 0 1 1 1 1 0 1 1 1 1 1 0] | Precisión: 0.88
Distancia de Hamming: 4
--------------------------------------------------
Original     --> [1 1 1 1 0 0 1 1 1 0 1 1 0 1 0 0 0 0 0 0 0 1 0 1 0 0 0 1 0 1 0 0]
Reconstruido --> [1 1 1 1 0 0 1 1 0 0 1 1 0 1 0 0 1 0 0 0 0 1 0 1 1 1 0 1 0 0 0 0] | Precisión: 0.84
Distancia de Hamming: 5
--------------------------------------------------
Original     --> [0 1 0 0 1 1 1 1 0 1 0 1 0 1 1 1 0 0 1 0 1 1 0 0 1 0 1 0 1 0 0 0]
Reconstruido --> [0 1 0 0 1 1 1 1 0 1 0 1 0 1 1 1 0 0 1 0 1 1 0 0 1 0 1 0 1 0 0 0] | Precisión: 1.00
Distancia de Hamming: 0
--------------------------------------------------
Original     --> [1 0 0 1 1 0 0 1 1 0 1 1 1 0 1 1 0 1 1 1 0 1 1 1 1 1 0 1 0 1 0 0]
Reconstruido --> [1 0 0 1 1 0 0 1 0 1 1 1 0 0 1 1 0 1 1 0 0 0 1 1 1 1 0 1 0 1 0 0] | Precisión: 0.84
Distancia de Hamming: 5
--------------------------------------------------
La media de la precisión del descifrado es 0.9045
Distancia media de Hamming = 3.0550 | Número de bits: 32
Número de reconstrucciones perfectas = 1014



EVALUACIÓN CON 600:

Original     --> [1 0 1 0 1 1 0 1 1 0 0 1 1 0 0 0 0 0 0 1 1 0 1 1 0 1 0 0 1 1 0 1]
Reconstruido --> [1 1 1 0 1 1 0 1 1 0 0 1 1 0 0 0 0 0 0 1 1 0 1 1 0 1 0 0 1 1 0 1] | Precisión: 0.97
Distancia de Hamming: 1
--------------------------------------------------
Original     --> [1 0 0 1 0 0 1 0 0 1 0 0 0 1 0 1 1 0 0 0 1 1 0 0 1 1 0 1 0 0 1 0]
Reconstruido --> [1 0 0 1 0 0 1 0 0 1 0 0 0 1 0 1 1 0 0 0 1 1 0 0 1 1 1 1 0 1 1 0] | Precisión: 0.94
Distancia de Hamming: 2
--------------------------------------------------
Original     --> [1 0 0 1 1 0 1 1 0 1 1 0 1 1 0 1 1 1 1 1 0 1 1 0 1 0 1 0 0 1 1 1]
Reconstruido --> [1 0 0 1 1 0 1 1 0 1 1 0 1 1 0 1 0 1 1 1 0 0 1 0 1 0 1 0 0 1 1 1] | Precisión: 0.94
Distancia de Hamming: 2
--------------------------------------------------
Original     --> [0 0 0 0 1 0 1 1 0 0 0 1 0 0 0 0 1 1 0 0 0 0 0 1 0 1 0 0 1 0 1 1]
Reconstruido --> [0 0 0 0 1 1 1 1 0 0 0 1 1 0 0 0 1 1 0 0 0 0 1 1 0 1 0 1 1 0 1 1] | Precisión: 0.88
Distancia de Hamming: 4
--------------------------------------------------
Original     --> [0 1 0 1 1 0 1 0 0 1 0 0 0 1 1 1 1 0 1 0 0 1 1 1 0 0 1 0 1 0 1 0]
Reconstruido --> [0 1 0 1 1 0 1 0 0 1 0 0 0 1 1 1 1 0 1 0 0 1 1 1 0 0 1 0 1 0 1 0] | Precisión: 1.00
Distancia de Hamming: 0
--------------------------------------------------
Original     --> [1 0 1 0 0 1 1 0 0 1 1 1 1 0 1 0 0 1 1 0 1 1 1 1 0 1 1 0 1 1 0 1]
Reconstruido --> [1 0 1 0 1 1 1 0 0 1 1 0 1 0 1 0 0 1 1 0 1 1 0 0 0 1 1 0 1 1 0 1] | Precisión: 0.88
Distancia de Hamming: 4
--------------------------------------------------
Original     --> [1 1 0 1 1 1 0 0 0 0 1 0 0 0 1 1 0 1 0 1 0 1 0 0 0 1 1 1 1 1 1 1]
Reconstruido --> [1 1 0 1 1 1 0 0 0 0 1 0 0 0 1 1 0 1 0 1 0 1 0 0 0 1 1 1 1 1 1 1] | Precisión: 1.00
Distancia de Hamming: 0
--------------------------------------------------
Original     --> [0 0 0 0 1 1 0 0 1 0 0 1 0 1 0 1 1 0 0 1 1 0 1 0 1 1 1 0 1 0 1 1]
Reconstruido --> [0 0 0 1 1 1 0 0 1 1 0 1 1 1 0 1 1 0 0 1 1 0 1 0 1 0 1 0 1 0 1 1] | Precisión: 0.88
Distancia de Hamming: 4
--------------------------------------------------
Original     --> [1 0 0 0 0 0 1 0 0 1 1 1 1 0 1 1 1 0 1 1 1 0 0 0 0 0 1 0 0 0 1 1]
Reconstruido --> [1 0 0 0 1 0 1 0 0 1 1 1 1 0 0 1 1 0 1 1 1 0 0 0 0 0 1 0 0 0 1 1] | Precisión: 0.94
Distancia de Hamming: 2
--------------------------------------------------
Original     --> [1 0 1 0 0 1 1 0 0 1 0 1 1 1 1 0 0 1 0 0 0 0 0 1 1 0 0 0 1 1 1 0]
Reconstruido --> [1 0 0 0 0 1 1 0 0 0 0 1 1 1 1 0 0 1 0 0 0 0 0 1 1 0 0 0 1 1 1 0] | Precisión: 0.94
Distancia de Hamming: 2
--------------------------------------------------
La media de la precisión del descifrado es 0.9377
Distancia media de Hamming = 1.9941 | Número de bits: 32
Número de reconstrucciones perfectas = 2620



EVALUACIÓN CON 900:

Original     --> [1 1 0 1 1 1 1 1 1 1 1 0 1 0 1 0 1 0 1 0 0 1 0 1 1 0 1 1 1 0 1 0]
Reconstruido --> [1 1 0 1 1 1 1 1 1 1 1 0 1 0 1 0 1 0 1 0 0 1 0 1 1 0 1 1 1 0 1 0] | Precisión: 1.00
Distancia de Hamming: 0
--------------------------------------------------
Original     --> [1 1 1 0 1 1 1 1 0 0 0 1 0 0 1 1 1 0 0 1 0 0 1 0 0 1 1 0 0 0 1 0]
Reconstruido --> [1 1 1 0 1 1 1 1 0 1 0 1 0 0 1 1 1 0 0 1 0 0 1 0 0 1 1 0 0 0 1 0] | Precisión: 0.97
Distancia de Hamming: 1
--------------------------------------------------
Original     --> [0 1 0 1 0 0 1 1 0 0 0 1 1 1 0 1 0 1 1 1 1 0 1 1 1 0 0 0 1 0 1 0]
Reconstruido --> [0 1 0 1 0 0 1 1 0 0 0 1 0 1 0 1 0 1 1 1 1 0 1 1 1 0 0 0 1 0 1 0] | Precisión: 0.97
Distancia de Hamming: 1
--------------------------------------------------
Original     --> [1 0 0 0 1 1 0 0 0 0 0 0 0 0 0 0 0 1 0 1 0 1 0 0 0 0 1 0 0 1 0 0]
Reconstruido --> [1 0 0 0 1 1 0 0 1 0 0 0 1 0 0 1 0 1 0 1 0 1 0 0 1 0 1 1 0 1 0 1] | Precisión: 0.81
Distancia de Hamming: 6
--------------------------------------------------
Original     --> [1 1 0 0 1 0 1 1 1 1 1 0 0 1 0 1 1 1 1 0 0 1 0 1 1 0 0 1 0 1 1 0]
Reconstruido --> [1 1 0 0 1 0 1 1 1 1 1 0 0 1 0 1 1 1 1 0 0 1 0 1 0 0 0 1 0 1 1 0] | Precisión: 0.97
Distancia de Hamming: 1
--------------------------------------------------
Original     --> [0 0 0 1 1 0 0 0 0 0 0 0 1 0 1 0 0 0 1 0 0 1 1 0 1 1 0 0 0 1 1 1]
Reconstruido --> [0 0 0 1 1 0 0 0 0 0 0 0 1 0 1 0 0 0 1 0 0 1 1 0 1 1 0 0 0 1 1 1] | Precisión: 1.00
Distancia de Hamming: 0
--------------------------------------------------
Original     --> [1 0 0 1 1 0 1 1 1 1 1 1 0 0 1 0 1 0 0 0 0 0 1 1 1 0 0 1 0 1 1 0]
Reconstruido --> [1 0 0 1 1 0 1 1 1 1 1 1 0 0 1 0 1 0 0 0 0 0 1 1 1 0 0 1 0 1 1 0] | Precisión: 1.00
Distancia de Hamming: 0
--------------------------------------------------
Original     --> [1 0 1 1 0 1 0 0 1 1 0 1 0 1 0 0 0 1 1 0 0 0 0 0 1 0 1 0 0 0 0 1]
Reconstruido --> [1 0 1 1 0 1 0 0 1 1 0 1 0 1 0 0 0 1 1 0 0 0 0 0 1 0 1 0 0 0 0 1] | Precisión: 1.00
Distancia de Hamming: 0
--------------------------------------------------
Original     --> [1 1 0 0 0 1 0 0 0 1 0 1 0 1 1 0 1 1 0 0 1 0 0 0 0 1 1 0 1 1 0 1]
Reconstruido --> [1 1 0 0 0 1 0 0 0 1 0 1 0 1 1 1 1 1 0 0 1 0 0 0 1 1 1 0 1 1 0 1] | Precisión: 0.94
Distancia de Hamming: 2
--------------------------------------------------
Original     --> [0 0 0 0 1 0 1 0 0 1 0 0 0 1 0 0 0 1 0 0 0 0 0 0 0 1 1 1 1 0 0 0]
Reconstruido --> [0 1 0 0 1 0 1 0 0 1 0 0 0 1 0 0 0 1 0 0 0 0 0 0 0 1 1 1 1 0 0 0] | Precisión: 0.97
Distancia de Hamming: 1
--------------------------------------------------
La media de la precisión del descifrado es 0.9455
Distancia media de Hamming = 1.7449 | Número de bits: 32
Número de reconstrucciones perfectas = 3207



EVALUACIÓN CON 1200:

Original     --> [0 1 0 1 1 0 1 1 0 1 1 0 1 1 1 0 1 0 1 0 1 0 1 0 1 1 1 1 1 1 1 1]
Reconstruido --> [0 1 0 1 1 0 1 1 0 1 1 0 1 1 1 0 1 0 1 1 1 0 1 0 1 1 1 1 1 1 1 1] | Precisión: 0.97
Distancia de Hamming: 1
--------------------------------------------------
Original     --> [1 1 0 0 1 1 0 0 0 0 0 1 0 1 1 0 0 1 0 1 0 1 1 0 0 1 0 0 0 1 1 1]
Reconstruido --> [1 1 0 0 1 1 0 0 0 0 0 1 0 1 1 0 0 1 0 1 0 1 1 0 0 1 0 0 0 1 1 1] | Precisión: 1.00
Distancia de Hamming: 0
--------------------------------------------------
Original     --> [1 0 0 1 1 1 1 1 0 1 1 1 1 1 0 1 0 1 1 1 0 1 0 0 1 1 0 0 0 0 1 1]
Reconstruido --> [1 0 0 1 1 1 1 1 0 1 1 1 1 1 0 1 0 1 1 1 0 1 0 0 1 1 0 0 0 0 1 1] | Precisión: 1.00
Distancia de Hamming: 0
--------------------------------------------------
Original     --> [0 1 0 1 0 0 0 1 0 0 1 0 0 1 1 1 1 1 1 1 1 1 0 1 1 0 1 1 1 0 1 0]
Reconstruido --> [0 1 0 1 0 0 1 0 0 0 1 0 0 1 1 1 1 1 1 1 1 1 0 1 0 0 1 1 1 1 0 0] | Precisión: 0.84
Distancia de Hamming: 5
--------------------------------------------------
Original     --> [1 0 0 1 1 0 1 1 1 0 0 1 1 0 1 0 1 0 0 0 0 1 1 1 0 0 0 0 0 0 0 1]
Reconstruido --> [1 0 0 1 1 0 1 1 1 0 0 1 1 0 1 0 1 0 0 0 0 1 1 1 0 0 0 0 0 0 0 1] | Precisión: 1.00
Distancia de Hamming: 0
--------------------------------------------------
Original     --> [1 0 0 1 1 1 0 0 1 1 1 1 1 1 0 0 0 0 0 0 0 0 1 1 1 1 0 0 0 1 1 0]
Reconstruido --> [1 0 0 1 1 1 0 0 1 1 1 1 1 1 0 0 0 0 0 0 0 0 1 1 1 1 0 0 0 1 1 0] | Precisión: 1.00
Distancia de Hamming: 0
--------------------------------------------------
Original     --> [0 1 1 0 1 1 1 1 1 0 0 0 1 1 1 1 0 0 0 0 1 1 0 0 0 1 0 0 0 1 0 0]
Reconstruido --> [0 1 1 0 1 1 1 1 0 0 0 0 1 1 1 1 0 1 0 0 1 1 0 0 0 1 0 0 0 1 1 0] | Precisión: 0.91
Distancia de Hamming: 3
--------------------------------------------------
Original     --> [0 1 0 1 0 0 1 1 0 0 1 1 0 0 1 1 1 0 0 0 0 0 1 0 0 0 0 0 0 1 1 1]
Reconstruido --> [0 1 0 1 0 0 1 1 0 0 1 1 0 0 1 1 1 0 0 0 0 0 1 0 0 0 0 0 0 1 1 1] | Precisión: 1.00
Distancia de Hamming: 0
--------------------------------------------------
Original     --> [0 1 1 1 0 1 0 0 1 1 0 1 0 1 1 0 1 1 0 0 0 0 0 1 1 1 0 1 1 0 0 0]
Reconstruido --> [0 1 0 1 1 1 0 0 1 1 0 1 0 0 1 0 0 1 0 0 0 0 0 0 1 1 0 1 0 0 0 0] | Precisión: 0.81
Distancia de Hamming: 6
--------------------------------------------------
Original     --> [1 1 1 1 1 1 0 0 0 1 0 1 0 1 1 1 1 0 0 1 1 0 1 0 0 1 1 0 1 0 0 0]
Reconstruido --> [1 1 0 1 1 1 0 0 0 1 0 0 0 1 1 1 1 0 0 1 1 0 1 0 1 1 1 0 1 0 0 0] | Precisión: 0.91
Distancia de Hamming: 3
--------------------------------------------------
La media de la precisión del descifrado es 0.9581
Distancia media de Hamming = 1.3418 | Número de bits: 32
Número de reconstrucciones perfectas = 4485



EVALUACIÓN CON 1500:

Original     --> [0 0 0 0 1 0 1 0 1 1 0 1 0 1 1 1 1 0 0 0 1 0 0 1 1 0 0 0 1 1 1 0]
Reconstruido --> [0 0 0 0 1 0 1 0 1 1 0 1 0 1 1 1 1 0 0 0 1 0 0 1 1 0 0 0 1 1 1 0] | Precisión: 1.00
Distancia de Hamming: 0
--------------------------------------------------
Original     --> [1 1 1 1 0 0 1 0 0 1 1 1 1 0 0 0 1 0 0 1 1 1 0 0 0 1 0 1 0 1 1 0]
Reconstruido --> [1 1 1 1 0 0 1 0 0 1 1 1 1 0 0 1 1 1 0 1 1 1 0 0 0 1 1 1 0 1 0 0] | Precisión: 0.88
Distancia de Hamming: 4
--------------------------------------------------
Original     --> [0 0 1 1 0 0 0 0 1 1 1 0 1 1 0 1 1 0 1 1 1 0 1 1 0 0 1 1 1 1 0 0]
Reconstruido --> [0 0 1 1 0 0 0 0 1 1 1 0 1 1 0 1 1 0 1 1 1 0 1 1 0 0 1 1 1 1 0 0] | Precisión: 1.00
Distancia de Hamming: 0
--------------------------------------------------
Original     --> [1 0 1 0 1 0 0 0 0 0 0 1 0 1 1 0 0 0 0 1 1 0 1 1 1 1 1 1 0 0 1 1]
Reconstruido --> [1 0 1 0 1 0 0 0 0 0 0 1 0 1 1 0 0 0 0 1 1 0 1 1 1 1 1 1 0 1 1 1] | Precisión: 0.97
Distancia de Hamming: 1
--------------------------------------------------
Original     --> [0 0 1 0 1 0 0 0 0 0 1 0 0 0 0 1 1 0 1 1 1 1 1 0 1 1 0 0 0 0 0 0]
Reconstruido --> [0 1 1 0 1 0 0 0 0 0 1 0 0 0 0 1 1 0 1 1 1 1 0 0 1 0 0 0 0 0 0 0] | Precisión: 0.91
Distancia de Hamming: 3
--------------------------------------------------
Original     --> [1 0 1 1 0 0 0 0 0 0 1 1 0 0 0 1 1 0 0 0 0 0 0 0 1 0 1 1 1 1 1 0]
Reconstruido --> [1 0 1 1 0 0 0 0 0 0 1 1 0 0 0 1 1 0 0 0 0 0 0 0 1 0 1 1 1 1 1 0] | Precisión: 1.00
Distancia de Hamming: 0
--------------------------------------------------
Original     --> [1 0 0 0 0 1 1 1 1 1 0 1 1 1 0 1 1 1 0 1 0 1 0 1 1 0 0 1 0 0 1 0]
Reconstruido --> [1 0 0 0 0 1 1 1 1 1 0 1 1 1 0 1 1 1 0 1 0 1 0 1 1 0 0 1 0 0 1 0] | Precisión: 1.00
Distancia de Hamming: 0
--------------------------------------------------
Original     --> [0 1 0 0 1 1 1 0 0 1 1 1 0 0 0 0 0 1 1 0 0 0 0 1 0 0 1 0 1 1 0 0]
Reconstruido --> [0 1 0 0 1 1 1 0 0 1 1 1 0 0 0 0 1 1 1 0 0 0 0 1 0 1 1 0 1 1 0 0] | Precisión: 0.94
Distancia de Hamming: 2
--------------------------------------------------
Original     --> [0 1 1 0 0 0 0 1 0 0 1 1 1 1 0 0 1 1 0 0 0 0 0 0 1 0 1 0 1 1 0 1]
Reconstruido --> [0 1 1 0 0 0 0 1 0 0 1 1 1 1 0 0 1 1 0 0 0 0 0 0 1 0 1 0 1 1 0 0] | Precisión: 0.97
Distancia de Hamming: 1
--------------------------------------------------
Original     --> [0 0 1 1 1 1 0 1 0 0 0 1 0 0 1 0 1 0 0 0 0 1 0 0 0 0 0 1 1 0 0 1]
Reconstruido --> [0 0 1 1 1 1 0 1 0 0 0 1 0 0 1 0 1 0 0 0 0 1 0 0 0 0 0 1 1 0 0 1] | Precisión: 1.00
Distancia de Hamming: 0
--------------------------------------------------
La media de la precisión del descifrado es 0.9705
Distancia media de Hamming = 0.9438 | Número de bits: 32
Número de reconstrucciones perfectas = 5734



EVALUACIÓN CON 1800:

Original     --> [1 1 0 1 1 1 0 0 0 1 0 0 1 1 0 0 1 1 1 1 0 0 1 1 0 0 1 0 0 1 0 0]
Reconstruido --> [1 1 0 1 1 1 0 0 0 1 0 0 1 1 0 0 1 1 1 1 0 0 1 1 0 0 1 0 0 1 0 0] | Precisión: 1.00
Distancia de Hamming: 0
--------------------------------------------------
Original     --> [1 1 1 0 1 1 0 1 1 0 1 1 0 0 1 1 0 0 1 0 0 0 0 0 0 1 1 0 1 0 1 0]
Reconstruido --> [1 0 1 0 1 1 0 1 1 0 1 1 0 0 1 1 0 0 1 0 0 0 0 0 0 1 1 0 1 0 1 0] | Precisión: 0.97
Distancia de Hamming: 1
--------------------------------------------------
Original     --> [1 1 1 0 0 1 1 1 1 0 0 0 1 0 0 1 0 1 0 1 1 1 1 0 1 0 0 1 0 0 1 1]
Reconstruido --> [1 1 1 0 0 1 1 1 1 0 0 0 1 0 0 1 0 1 0 1 1 1 1 0 1 0 0 1 0 0 1 1] | Precisión: 1.00
Distancia de Hamming: 0
--------------------------------------------------
Original     --> [0 1 0 0 0 0 0 0 1 0 1 0 0 1 0 1 1 1 1 1 0 0 1 0 0 1 0 0 0 1 1 1]
Reconstruido --> [0 1 1 0 0 0 0 0 1 0 1 1 0 1 0 1 1 1 1 0 0 0 1 0 0 1 0 1 0 1 1 1] | Precisión: 0.88
Distancia de Hamming: 4
--------------------------------------------------
Original     --> [1 0 0 1 1 0 0 1 1 1 0 0 0 0 0 1 0 1 0 1 1 1 1 1 1 0 1 0 0 0 0 1]
Reconstruido --> [1 0 0 1 1 0 0 1 1 1 0 0 0 0 0 1 0 1 0 1 1 1 1 1 1 0 1 0 0 0 0 1] | Precisión: 1.00
Distancia de Hamming: 0
--------------------------------------------------
Original     --> [1 1 1 0 1 0 1 1 1 0 1 1 0 1 0 0 1 1 0 0 0 1 1 1 0 1 0 1 0 1 0 1]
Reconstruido --> [1 1 1 0 1 0 1 1 1 0 1 1 0 1 0 0 1 1 0 0 0 1 1 1 0 1 0 1 0 1 0 1] | Precisión: 1.00
Distancia de Hamming: 0
--------------------------------------------------
Original     --> [0 1 0 0 0 0 0 0 0 0 0 0 0 0 1 0 1 0 0 0 0 0 1 1 0 1 0 1 1 0 1 0]
Reconstruido --> [0 1 0 0 0 0 0 0 0 0 0 0 0 0 1 0 1 0 0 0 0 0 1 1 0 1 0 1 1 0 1 0] | Precisión: 1.00
Distancia de Hamming: 0
--------------------------------------------------
Original     --> [0 1 1 0 1 1 1 0 0 0 0 0 1 0 1 0 1 1 1 0 1 0 0 0 1 0 0 1 1 0 0 0]
Reconstruido --> [0 1 1 0 1 1 1 0 0 0 0 0 1 0 1 0 1 1 1 0 1 0 0 0 1 0 0 1 1 0 0 0] | Precisión: 1.00
Distancia de Hamming: 0
--------------------------------------------------
Original     --> [0 1 0 1 1 0 1 0 0 0 1 0 0 1 1 0 1 0 1 1 0 0 0 0 1 0 1 1 0 1 1 1]
Reconstruido --> [0 1 0 1 1 0 1 0 0 0 1 0 0 1 1 0 1 0 1 1 0 0 0 0 1 0 1 1 0 1 1 1] | Precisión: 1.00
Distancia de Hamming: 0
--------------------------------------------------
Original     --> [0 0 0 1 0 0 1 1 0 0 0 1 1 0 1 1 1 0 1 0 0 1 1 0 0 1 1 1 1 1 0 0]
Reconstruido --> [0 0 0 1 0 0 1 1 0 0 0 1 1 0 1 1 1 0 1 0 0 1 1 0 0 1 1 1 1 1 0 0] | Precisión: 1.00
Distancia de Hamming: 0
--------------------------------------------------
La media de la precisión del descifrado es 0.9689
Distancia media de Hamming = 0.9955 | Número de bits: 32
Número de reconstrucciones perfectas = 5561



EVALUACIÓN CON 2100:

Original     --> [1 1 1 1 0 1 1 0 1 0 0 1 0 0 0 1 0 0 1 0 1 0 1 1 1 0 0 1 0 1 1 1]
Reconstruido --> [1 1 1 1 0 1 1 0 1 0 0 1 0 0 0 1 0 0 1 0 1 0 1 1 1 0 0 1 0 1 1 1] | Precisión: 1.00
Distancia de Hamming: 0
--------------------------------------------------
Original     --> [0 0 1 0 1 0 0 0 0 1 0 0 1 1 1 1 1 0 1 0 0 0 0 1 1 1 0 0 1 1 0 1]
Reconstruido --> [0 0 1 0 1 0 0 0 0 1 0 0 1 1 1 1 1 0 1 0 0 0 0 1 1 1 0 0 1 1 0 1] | Precisión: 1.00
Distancia de Hamming: 0
--------------------------------------------------
Original     --> [1 1 0 1 1 0 1 1 1 0 1 0 1 1 0 1 0 1 1 0 0 1 1 0 0 1 0 1 0 1 0 1]
Reconstruido --> [1 1 0 1 1 0 1 1 1 0 1 0 1 1 0 1 0 1 1 0 0 1 1 0 0 1 0 1 0 1 0 1] | Precisión: 1.00
Distancia de Hamming: 0
--------------------------------------------------
Original     --> [0 0 1 1 1 0 0 0 0 0 0 0 0 1 1 1 0 1 0 1 1 1 1 1 0 1 1 0 0 0 1 1]
Reconstruido --> [0 0 1 1 1 0 0 0 0 0 0 0 0 1 1 1 0 1 0 1 1 1 1 1 0 1 1 0 0 0 1 1] | Precisión: 1.00
Distancia de Hamming: 0
--------------------------------------------------
Original     --> [0 0 1 1 0 1 0 0 1 1 0 0 1 0 0 0 0 1 1 0 1 1 0 0 1 0 1 0 0 0 0 0]
Reconstruido --> [0 0 1 1 0 1 0 0 1 1 0 0 1 0 0 0 0 1 1 0 1 1 0 0 1 0 1 0 0 0 0 0] | Precisión: 1.00
Distancia de Hamming: 0
--------------------------------------------------
Original     --> [0 0 0 0 0 0 1 1 0 1 0 0 1 0 0 1 0 1 0 0 1 1 0 1 0 1 1 1 1 0 0 0]
Reconstruido --> [0 0 0 0 0 0 1 1 0 1 0 0 1 0 0 1 0 1 0 0 1 1 0 1 0 1 1 1 1 0 0 0] | Precisión: 1.00
Distancia de Hamming: 0
--------------------------------------------------
Original     --> [0 1 1 0 1 0 1 1 0 0 0 1 1 1 1 1 1 0 1 1 1 0 0 1 1 1 0 1 0 1 1 1]
Reconstruido --> [0 1 1 0 1 0 1 1 0 0 0 1 1 1 1 1 1 0 1 1 1 0 0 1 1 1 0 1 0 1 1 1] | Precisión: 1.00
Distancia de Hamming: 0
--------------------------------------------------
Original     --> [0 0 0 1 0 0 0 1 1 1 1 1 0 0 0 1 1 1 1 0 1 1 1 1 1 0 1 0 1 0 0 0]
Reconstruido --> [0 0 0 1 0 0 0 1 1 1 1 1 0 0 0 1 1 1 1 0 1 1 1 1 1 0 1 0 1 0 0 0] | Precisión: 1.00
Distancia de Hamming: 0
--------------------------------------------------
Original     --> [1 1 1 0 0 1 0 0 0 0 0 1 1 1 0 1 0 0 1 0 1 1 1 0 1 1 1 0 0 1 1 0]
Reconstruido --> [1 1 1 0 0 1 0 0 0 0 0 1 1 1 0 1 0 0 1 0 1 1 1 0 1 1 1 0 0 1 1 0] | Precisión: 1.00
Distancia de Hamming: 0
--------------------------------------------------
Original     --> [1 1 1 0 0 0 0 1 0 1 1 0 0 0 1 1 1 1 1 0 0 1 1 1 1 1 1 1 1 1 1 1]
Reconstruido --> [1 1 1 0 0 0 0 1 0 1 1 0 0 0 1 1 1 1 1 0 0 1 1 1 1 1 1 1 1 1 1 1] | Precisión: 1.00
Distancia de Hamming: 0
--------------------------------------------------
La media de la precisión del descifrado es 0.9805
Distancia media de Hamming = 0.6246 | Número de bits: 32
Número de reconstrucciones perfectas = 7180



EVALUACIÓN CON 2400:

Original     --> [1 1 1 1 0 0 0 1 0 1 0 1 1 0 1 0 0 0 1 0 1 1 0 1 0 0 0 1 0 1 1 1]
Reconstruido --> [1 1 1 1 1 0 0 1 0 1 1 1 1 0 1 0 0 0 1 0 1 1 0 1 0 0 0 1 0 1 1 1] | Precisión: 0.94
Distancia de Hamming: 2
--------------------------------------------------
Original     --> [0 1 0 1 0 0 0 1 0 0 0 0 0 1 0 1 1 1 0 1 0 1 0 1 1 0 1 0 1 1 0 1]
Reconstruido --> [0 1 0 1 0 0 0 1 0 0 0 0 0 1 0 1 1 1 0 0 0 1 0 1 1 0 1 0 1 1 0 1] | Precisión: 0.97
Distancia de Hamming: 1
--------------------------------------------------
Original     --> [1 1 0 0 1 0 0 1 1 1 0 0 1 1 1 1 1 1 1 1 1 0 1 1 1 0 1 1 0 0 1 1]
Reconstruido --> [1 1 0 0 1 0 0 1 1 1 0 0 1 1 1 1 1 1 1 1 1 1 1 0 1 0 1 0 0 0 1 1] | Precisión: 0.91
Distancia de Hamming: 3
--------------------------------------------------
Original     --> [1 1 0 1 1 0 0 1 1 1 0 1 1 0 1 0 0 1 0 1 1 0 1 1 0 0 1 1 1 0 0 1]
Reconstruido --> [1 1 0 1 1 0 0 1 1 1 0 1 1 0 1 0 0 1 0 1 1 0 1 1 0 0 1 1 1 0 0 1] | Precisión: 1.00
Distancia de Hamming: 0
--------------------------------------------------
Original     --> [0 0 0 0 0 1 0 1 1 0 0 1 0 1 1 1 1 0 1 0 0 0 1 1 1 1 0 1 0 1 0 1]
Reconstruido --> [0 0 0 0 0 1 0 1 1 0 0 1 0 1 1 1 1 0 1 0 0 0 1 1 1 1 0 1 0 1 0 1] | Precisión: 1.00
Distancia de Hamming: 0
--------------------------------------------------
Original     --> [1 0 1 0 1 1 0 0 0 1 1 0 1 1 1 0 0 0 1 0 0 1 1 1 0 1 0 0 0 1 0 1]
Reconstruido --> [1 0 1 0 1 1 0 0 0 1 1 0 1 1 1 0 0 0 1 0 0 1 1 1 0 1 0 0 0 1 0 1] | Precisión: 1.00
Distancia de Hamming: 0
--------------------------------------------------
Original     --> [1 0 1 1 0 0 1 0 0 1 0 1 0 0 1 1 0 1 1 0 0 0 0 1 1 1 0 1 0 1 1 0]
Reconstruido --> [1 1 1 1 0 0 1 0 0 1 0 1 0 0 1 1 0 1 1 0 0 0 0 1 1 1 0 1 0 1 1 0] | Precisión: 0.97
Distancia de Hamming: 1
--------------------------------------------------
Original     --> [1 1 1 1 0 0 1 1 1 1 0 1 0 0 0 0 0 0 1 0 1 0 0 0 0 1 0 1 1 1 0 1]
Reconstruido --> [1 1 1 1 0 0 1 1 1 1 0 1 0 0 0 0 0 0 1 0 1 0 0 0 0 1 0 1 1 1 0 0] | Precisión: 0.97
Distancia de Hamming: 1
--------------------------------------------------
Original     --> [0 0 1 1 1 1 0 0 0 1 0 1 1 1 1 0 0 0 1 0 1 1 1 0 1 0 0 0 1 0 0 0]
Reconstruido --> [0 0 1 1 1 1 0 0 0 1 0 1 1 1 1 0 0 0 1 0 1 1 1 0 1 0 0 0 1 0 0 0] | Precisión: 1.00
Distancia de Hamming: 0
--------------------------------------------------
Original     --> [1 1 0 1 0 1 1 1 0 0 1 1 1 1 0 0 1 0 0 1 1 1 1 1 0 1 1 1 1 0 1 1]
Reconstruido --> [1 1 0 1 0 1 1 1 0 0 1 1 1 1 0 0 1 0 0 1 1 1 1 1 0 1 1 1 1 0 1 1] | Precisión: 1.00
Distancia de Hamming: 0
--------------------------------------------------
La media de la precisión del descifrado es 0.9795
Distancia media de Hamming = 0.6568 | Número de bits: 32
Número de reconstrucciones perfectas = 7001



EVALUACIÓN CON 2700:

Original     --> [0 0 1 0 0 0 1 0 1 1 1 1 1 0 0 0 0 0 1 1 1 0 0 0 0 0 0 0 1 0 0 1]
Reconstruido --> [0 0 1 0 0 0 1 0 0 1 1 1 1 0 0 0 0 0 1 1 1 0 1 0 0 0 0 0 1 0 0 1] | Precisión: 0.94
Distancia de Hamming: 2
--------------------------------------------------
Original     --> [1 0 0 1 1 0 0 0 0 0 1 0 0 0 0 1 1 0 1 1 1 0 0 0 1 0 0 0 0 1 0 0]
Reconstruido --> [1 0 0 1 1 0 0 0 0 0 1 0 0 0 0 1 1 0 1 1 1 0 0 0 1 0 0 0 0 1 0 0] | Precisión: 1.00
Distancia de Hamming: 0
--------------------------------------------------
Original     --> [1 0 1 0 0 1 1 1 0 1 0 0 1 0 1 0 1 0 1 0 0 0 0 0 0 1 1 0 0 1 1 0]
Reconstruido --> [1 0 1 0 0 1 1 1 0 1 0 0 1 0 1 0 1 0 1 0 0 0 0 0 0 1 1 0 0 1 1 0] | Precisión: 1.00
Distancia de Hamming: 0
--------------------------------------------------
Original     --> [1 1 0 0 0 0 1 1 1 0 0 0 1 1 0 1 0 1 0 1 0 1 0 1 1 0 1 0 1 0 1 0]
Reconstruido --> [1 1 0 0 0 0 1 1 1 0 0 0 1 1 0 1 0 1 0 1 0 1 0 1 1 0 1 0 1 0 1 0] | Precisión: 1.00
Distancia de Hamming: 0
--------------------------------------------------
Original     --> [1 1 1 0 1 0 1 0 1 0 1 0 0 0 0 0 1 1 1 0 1 1 0 1 1 1 1 1 0 1 0 1]
Reconstruido --> [1 1 1 0 1 0 1 0 1 0 1 0 0 0 0 0 1 1 1 0 1 1 0 1 1 1 1 1 0 1 0 1] | Precisión: 1.00
Distancia de Hamming: 0
--------------------------------------------------
Original     --> [0 0 1 1 1 1 0 1 1 0 1 1 1 0 0 1 1 1 1 1 0 1 0 0 1 1 1 1 0 1 1 1]
Reconstruido --> [0 0 1 1 1 1 0 1 1 0 1 1 1 1 1 1 1 1 1 1 0 1 0 0 1 1 1 1 0 1 1 1] | Precisión: 0.94
Distancia de Hamming: 2
--------------------------------------------------
Original     --> [1 1 1 1 0 1 1 0 0 0 1 1 1 0 1 0 1 1 1 1 1 1 1 1 0 0 1 0 0 1 1 0]
Reconstruido --> [1 1 1 1 0 0 1 0 0 0 1 0 1 0 1 0 1 0 1 1 1 1 1 1 0 0 1 0 0 1 1 1] | Precisión: 0.88
Distancia de Hamming: 4
--------------------------------------------------
Original     --> [0 1 0 1 0 1 0 1 0 0 1 1 1 0 1 0 1 0 0 1 1 1 1 1 0 1 1 0 1 0 1 0]
Reconstruido --> [0 1 0 1 0 1 0 1 0 0 1 1 1 0 1 0 1 0 0 1 1 0 1 1 0 1 1 0 1 0 1 1] | Precisión: 0.94
Distancia de Hamming: 2
--------------------------------------------------
Original     --> [1 0 1 0 0 1 1 0 0 0 1 1 1 1 1 0 1 1 1 0 0 1 1 1 0 0 0 1 0 1 1 1]
Reconstruido --> [1 0 1 0 0 1 1 0 0 0 1 1 1 1 1 0 1 0 1 0 0 1 1 1 0 0 0 1 0 1 1 1] | Precisión: 0.97
Distancia de Hamming: 1
--------------------------------------------------
Original     --> [1 1 0 0 0 1 0 1 1 1 0 0 0 0 1 0 1 0 1 1 1 1 1 0 0 1 0 0 1 0 0 1]
Reconstruido --> [1 1 0 0 0 1 0 1 1 1 0 0 0 0 1 0 1 0 1 1 1 1 1 0 0 1 0 0 1 0 0 1] | Precisión: 1.00
Distancia de Hamming: 0
--------------------------------------------------
La media de la precisión del descifrado es 0.9817
Distancia media de Hamming = 0.5856 | Número de bits: 32
Número de reconstrucciones perfectas = 7338



EVALUACIÓN CON 3000:

Original     --> [1 1 1 0 0 0 1 0 0 1 0 0 0 0 0 0 0 1 1 0 1 1 1 0 0 1 0 1 1 1 0 0]
Reconstruido --> [1 1 1 0 0 0 1 0 0 1 0 0 0 0 0 0 0 0 1 0 1 1 0 0 0 1 0 1 1 1 0 0] | Precisión: 0.94
Distancia de Hamming: 2
--------------------------------------------------
Original     --> [0 1 1 0 0 0 1 0 0 0 1 0 0 1 0 1 1 1 0 0 1 0 1 0 1 1 1 1 0 0 1 0]
Reconstruido --> [0 1 1 0 0 0 1 0 0 0 1 0 0 1 0 1 1 1 0 0 1 0 1 0 1 1 1 1 0 0 1 0] | Precisión: 1.00
Distancia de Hamming: 0
--------------------------------------------------
Original     --> [1 1 0 1 0 0 0 0 1 1 0 1 0 1 1 1 0 0 1 1 0 0 0 1 1 1 0 0 1 1 0 1]
Reconstruido --> [1 1 0 1 0 0 0 0 1 1 0 1 0 1 1 1 0 0 1 1 0 0 0 1 1 1 0 0 1 1 0 1] | Precisión: 1.00
Distancia de Hamming: 0
--------------------------------------------------
Original     --> [1 0 1 0 1 1 1 1 1 0 0 1 0 0 0 1 0 1 0 1 0 0 0 0 1 0 1 0 0 1 1 1]
Reconstruido --> [0 0 0 0 1 1 1 1 1 0 0 1 1 0 0 1 0 1 0 1 0 0 0 0 1 0 0 0 1 0 1 1] | Precisión: 0.81
Distancia de Hamming: 6
--------------------------------------------------
Original     --> [1 1 1 1 1 0 0 0 0 0 0 1 0 1 0 0 1 1 1 0 0 0 1 1 1 0 1 1 0 1 0 0]
Reconstruido --> [1 1 1 1 1 0 0 0 0 0 0 1 0 1 0 0 1 1 1 0 0 0 1 1 1 0 1 1 0 1 0 0] | Precisión: 1.00
Distancia de Hamming: 0
--------------------------------------------------
Original     --> [1 1 1 1 0 1 1 0 1 0 0 1 0 1 0 0 1 0 1 0 0 0 0 0 1 0 1 0 0 1 0 0]
Reconstruido --> [1 1 1 1 0 1 1 0 1 0 0 1 0 1 0 0 1 0 1 0 0 0 0 0 1 0 1 0 0 1 0 0] | Precisión: 1.00
Distancia de Hamming: 0
--------------------------------------------------
Original     --> [1 0 0 0 0 0 0 0 0 1 1 0 1 1 0 1 1 1 0 0 0 0 0 1 1 1 0 0 1 1 0 1]
Reconstruido --> [1 0 0 0 0 0 0 0 0 1 1 0 1 1 0 1 1 1 0 0 0 0 0 1 1 1 0 0 1 1 0 1] | Precisión: 1.00
Distancia de Hamming: 0
--------------------------------------------------
Original     --> [1 1 1 0 1 1 1 0 1 1 1 0 0 0 1 0 1 0 0 1 1 0 1 1 1 1 0 1 1 1 0 0]
Reconstruido --> [1 1 1 0 1 1 1 0 1 1 1 0 0 0 1 0 1 0 0 1 1 0 1 1 1 1 0 1 1 1 0 0] | Precisión: 1.00
Distancia de Hamming: 0
--------------------------------------------------
Original     --> [0 1 0 0 0 0 1 1 1 0 1 0 1 1 1 0 0 0 0 0 0 1 1 0 1 1 0 1 1 0 1 0]
Reconstruido --> [0 1 0 0 0 0 1 1 1 0 1 0 1 1 1 0 0 0 0 0 0 1 1 0 1 1 0 1 1 0 1 0] | Precisión: 1.00
Distancia de Hamming: 0
--------------------------------------------------
Original     --> [1 1 0 1 1 1 0 0 1 1 1 0 1 1 1 1 1 1 1 0 0 0 1 1 0 1 1 1 0 1 1 0]
Reconstruido --> [1 1 0 1 1 1 0 0 1 1 1 0 1 1 1 1 1 1 1 0 0 0 1 1 0 1 1 1 0 1 1 0] | Precisión: 1.00
Distancia de Hamming: 0
--------------------------------------------------
La media de la precisión del descifrado es 0.9693
Distancia media de Hamming = 0.9814 | Número de bits: 32
Número de reconstrucciones perfectas = 5729



EVALUACIÓN CON 3300:

Original     --> [1 1 0 1 0 0 1 0 1 0 1 1 0 0 1 1 1 0 1 1 0 0 1 1 0 0 0 0 0 0 1 1]
Reconstruido --> [1 1 0 1 0 0 1 0 1 1 1 1 0 0 1 0 1 0 1 1 0 0 1 1 0 0 0 0 0 0 0 1] | Precisión: 0.91
Distancia de Hamming: 3
--------------------------------------------------
Original     --> [1 0 0 1 0 0 0 1 0 0 1 1 0 1 0 1 1 1 0 1 0 1 1 1 1 0 1 1 0 1 0 1]
Reconstruido --> [1 0 0 1 0 0 0 1 0 0 1 1 0 1 0 1 1 1 0 1 0 1 1 1 1 0 1 1 0 1 0 1] | Precisión: 1.00
Distancia de Hamming: 0
--------------------------------------------------
Original     --> [1 1 1 0 1 0 0 0 0 0 0 1 1 1 1 0 1 0 1 0 1 0 0 1 0 0 0 0 1 1 1 0]
Reconstruido --> [1 1 1 0 1 0 0 0 0 0 0 1 1 1 1 0 1 0 1 0 1 0 0 1 0 0 0 0 1 1 1 0] | Precisión: 1.00
Distancia de Hamming: 0
--------------------------------------------------
Original     --> [1 1 1 1 1 1 0 1 0 0 1 1 1 1 0 1 1 1 0 0 0 0 0 0 0 1 1 0 0 1 1 1]
Reconstruido --> [1 1 1 1 1 1 0 1 0 0 1 1 1 1 0 1 1 1 0 0 0 0 0 0 0 1 1 1 0 1 1 1] | Precisión: 0.97
Distancia de Hamming: 1
--------------------------------------------------
Original     --> [1 0 0 1 0 1 0 0 1 0 0 0 1 0 0 0 0 1 1 1 0 0 0 1 1 1 0 1 0 0 1 1]
Reconstruido --> [1 0 0 1 0 1 0 0 1 0 0 0 1 0 0 0 0 1 1 1 0 0 0 1 1 1 0 1 0 0 1 1] | Precisión: 1.00
Distancia de Hamming: 0
--------------------------------------------------
Original     --> [1 0 0 1 1 0 1 1 0 0 0 0 0 1 1 1 0 1 0 0 0 1 0 1 1 0 0 1 0 1 0 1]
Reconstruido --> [1 0 0 1 1 0 1 1 0 0 0 0 0 1 1 1 0 1 0 0 0 1 0 1 1 0 0 1 0 1 0 1] | Precisión: 1.00
Distancia de Hamming: 0
--------------------------------------------------
Original     --> [1 1 0 1 0 1 1 0 1 0 0 0 1 1 0 0 1 0 0 0 1 0 0 1 0 1 0 0 1 1 0 1]
Reconstruido --> [1 1 0 1 0 1 1 0 1 0 0 0 1 1 0 0 1 0 0 0 1 0 0 1 0 1 0 0 1 1 0 1] | Precisión: 1.00
Distancia de Hamming: 0
--------------------------------------------------
Original     --> [1 0 1 0 1 1 1 1 0 1 0 0 1 1 0 0 1 1 0 0 1 1 0 1 0 1 1 1 0 0 0 0]
Reconstruido --> [1 0 1 0 1 1 1 1 0 1 0 0 1 1 0 0 1 1 0 0 1 1 0 1 0 1 1 1 0 0 0 0] | Precisión: 1.00
Distancia de Hamming: 0
--------------------------------------------------
Original     --> [1 1 0 1 1 0 0 0 1 1 1 1 0 1 1 1 0 0 0 1 0 0 1 1 1 1 0 0 1 0 0 1]
Reconstruido --> [1 1 0 1 1 0 0 0 1 1 1 1 0 1 1 1 0 0 0 1 0 0 1 1 1 1 0 0 1 0 0 1] | Precisión: 1.00
Distancia de Hamming: 0
--------------------------------------------------
Original     --> [0 0 1 0 1 1 0 0 0 0 1 1 0 1 1 1 1 0 0 1 1 0 0 1 0 0 1 0 0 1 1 0]
Reconstruido --> [0 0 1 0 1 1 0 0 0 0 1 1 0 1 1 1 1 0 0 1 1 0 0 1 0 0 1 0 0 1 1 0] | Precisión: 1.00
Distancia de Hamming: 0
--------------------------------------------------
La media de la precisión del descifrado es 0.9818
Distancia media de Hamming = 0.5819 | Número de bits: 32
Número de reconstrucciones perfectas = 7377



EVALUACIÓN CON 3600:

Original     --> [0 1 1 1 0 1 1 0 0 1 1 1 1 1 1 0 0 1 1 1 1 1 0 0 1 1 1 1 1 0 0 0]
Reconstruido --> [0 1 1 1 0 1 1 0 0 1 1 1 1 1 1 0 0 1 1 1 1 1 0 0 1 1 1 1 1 0 0 0] | Precisión: 1.00
Distancia de Hamming: 0
--------------------------------------------------
Original     --> [0 0 1 0 1 1 0 1 1 0 1 0 1 1 0 0 1 1 1 0 1 1 1 1 0 1 1 1 0 0 1 0]
Reconstruido --> [0 0 1 0 1 1 0 1 1 0 1 0 1 1 0 0 1 1 1 0 1 1 1 1 0 1 1 1 0 0 1 0] | Precisión: 1.00
Distancia de Hamming: 0
--------------------------------------------------
Original     --> [0 0 0 0 1 1 1 0 0 0 0 1 0 0 1 0 0 1 1 1 0 1 0 1 0 1 1 1 1 0 0 0]
Reconstruido --> [0 0 0 0 1 1 1 0 0 0 0 1 0 0 1 0 0 1 1 1 0 1 0 1 0 1 1 1 1 0 0 0] | Precisión: 1.00
Distancia de Hamming: 0
--------------------------------------------------
Original     --> [1 0 1 0 0 1 1 1 0 1 0 0 1 0 0 1 0 0 1 0 0 0 1 1 0 0 1 1 0 1 1 0]
Reconstruido --> [1 0 1 1 0 1 1 1 0 1 0 0 1 0 0 1 0 0 1 0 0 0 1 0 1 0 1 1 0 0 1 1] | Precisión: 0.84
Distancia de Hamming: 5
--------------------------------------------------
Original     --> [1 1 1 1 1 0 0 1 1 0 0 1 0 0 0 1 1 0 1 0 1 1 1 1 1 1 0 0 1 1 1 1]
Reconstruido --> [1 1 1 1 1 0 0 1 1 0 0 1 0 0 0 1 1 0 1 0 1 1 1 1 1 1 0 0 1 1 1 1] | Precisión: 1.00
Distancia de Hamming: 0
--------------------------------------------------
Original     --> [1 1 0 0 0 1 0 1 0 1 1 1 0 0 0 0 0 1 1 1 1 1 1 0 0 0 1 0 1 1 1 0]
Reconstruido --> [1 1 0 0 0 1 0 1 0 1 1 1 0 0 0 0 0 1 1 1 1 1 1 0 0 0 1 0 1 1 1 0] | Precisión: 1.00
Distancia de Hamming: 0
--------------------------------------------------
Original     --> [1 0 1 0 0 0 1 0 1 0 1 1 1 0 1 0 0 0 1 0 0 0 1 1 0 1 1 1 0 0 0 0]
Reconstruido --> [1 0 1 0 0 0 1 0 1 0 1 1 1 0 1 0 0 0 1 0 0 0 1 1 0 1 1 1 0 0 0 0] | Precisión: 1.00
Distancia de Hamming: 0
--------------------------------------------------
Original     --> [0 1 0 0 0 0 0 0 1 1 0 0 1 1 1 0 1 1 0 1 1 1 1 1 1 0 1 0 0 0 1 1]
Reconstruido --> [0 1 0 0 0 0 0 0 1 1 0 0 1 1 1 0 1 1 0 1 1 1 1 1 1 0 1 0 0 0 1 1] | Precisión: 1.00
Distancia de Hamming: 0
--------------------------------------------------
Original     --> [0 1 0 0 1 1 1 1 1 0 0 1 0 1 1 1 1 0 1 1 0 0 1 1 0 1 0 0 0 0 0 0]
Reconstruido --> [0 1 0 0 1 1 1 1 1 0 0 1 0 1 1 1 1 0 1 1 0 0 1 1 0 1 0 0 0 0 0 0] | Precisión: 1.00
Distancia de Hamming: 0
--------------------------------------------------
Original     --> [0 1 1 0 1 0 1 0 1 1 0 0 0 1 1 0 1 0 1 0 1 1 1 1 0 0 0 0 1 0 1 1]
Reconstruido --> [0 1 1 0 1 0 1 0 1 1 0 0 0 1 1 0 1 0 1 0 1 1 1 1 0 0 0 0 1 0 1 1] | Precisión: 1.00
Distancia de Hamming: 0
--------------------------------------------------
La media de la precisión del descifrado es 0.9892
Distancia media de Hamming = 0.3461 | Número de bits: 32
Número de reconstrucciones perfectas = 8405



EVALUACIÓN CON 3900:

Original     --> [1 0 0 1 0 0 1 0 0 1 1 1 1 0 1 1 1 1 1 1 1 1 0 0 0 0 1 1 1 1 0 0]
Reconstruido --> [1 0 0 1 0 0 1 0 0 1 1 1 1 0 1 1 1 1 1 1 1 1 0 0 0 0 1 1 1 1 0 0] | Precisión: 1.00
Distancia de Hamming: 0
--------------------------------------------------
Original     --> [1 0 0 0 1 0 1 1 0 1 1 0 1 1 1 1 0 0 0 1 1 1 1 0 0 1 1 1 1 1 1 1]
Reconstruido --> [1 0 0 0 1 0 1 1 0 1 1 0 1 1 1 1 0 0 0 1 1 1 1 0 0 1 1 1 1 1 1 1] | Precisión: 1.00
Distancia de Hamming: 0
--------------------------------------------------
Original     --> [0 0 1 0 0 0 1 0 0 0 0 0 1 1 1 0 0 1 1 0 0 0 1 1 0 1 0 0 0 0 0 0]
Reconstruido --> [0 0 1 0 0 0 1 0 0 0 0 0 1 1 1 0 0 1 1 0 0 0 1 1 0 1 0 0 0 0 0 0] | Precisión: 1.00
Distancia de Hamming: 0
--------------------------------------------------
Original     --> [0 0 1 1 0 0 0 1 1 0 1 0 0 0 1 1 1 1 1 0 0 1 0 0 1 1 0 0 0 0 1 1]
Reconstruido --> [0 0 1 1 0 0 0 1 1 0 1 0 0 0 1 1 1 1 1 0 0 1 0 0 1 1 0 0 0 0 1 1] | Precisión: 1.00
Distancia de Hamming: 0
--------------------------------------------------
Original     --> [0 1 1 1 1 1 0 1 0 0 0 0 0 0 1 1 0 1 0 1 0 0 0 0 1 0 1 0 1 0 0 1]
Reconstruido --> [1 1 1 1 0 1 0 1 0 0 0 0 0 0 1 1 0 1 0 1 0 0 0 0 1 0 1 0 1 0 0 1] | Precisión: 0.94
Distancia de Hamming: 2
--------------------------------------------------
Original     --> [1 1 1 0 0 0 1 0 0 0 1 1 1 0 0 0 1 1 1 1 0 0 0 1 1 1 0 0 1 0 0 0]
Reconstruido --> [1 1 1 0 0 0 1 0 0 0 1 1 1 0 0 0 1 1 1 1 0 0 0 1 1 1 0 0 1 0 0 0] | Precisión: 1.00
Distancia de Hamming: 0
--------------------------------------------------
Original     --> [1 1 1 0 0 0 1 1 0 0 1 0 0 0 1 1 1 1 0 1 1 0 0 0 0 1 0 1 1 1 1 0]
Reconstruido --> [1 1 1 0 0 0 1 1 0 0 0 0 0 1 1 1 1 1 0 1 1 0 0 0 0 1 1 1 1 1 1 0] | Precisión: 0.91
Distancia de Hamming: 3
--------------------------------------------------
Original     --> [0 0 1 0 0 1 0 0 0 1 1 0 0 1 0 0 0 1 0 0 1 0 0 0 1 0 0 1 0 0 1 0]
Reconstruido --> [0 0 1 0 0 1 0 0 0 1 1 0 0 1 0 0 0 1 0 0 1 0 0 0 1 0 0 1 0 0 1 0] | Precisión: 1.00
Distancia de Hamming: 0
--------------------------------------------------
Original     --> [1 1 1 0 0 0 1 1 1 1 1 1 0 0 0 1 0 0 0 0 0 0 0 0 1 0 0 0 0 1 1 0]
Reconstruido --> [1 1 1 0 0 0 1 1 1 1 1 1 0 0 0 1 0 0 0 0 0 0 0 0 1 0 0 0 0 1 1 0] | Precisión: 1.00
Distancia de Hamming: 0
--------------------------------------------------
Original     --> [1 0 0 1 1 1 0 1 0 1 1 0 0 1 1 1 1 1 0 1 1 1 1 0 1 1 1 1 0 0 1 0]
Reconstruido --> [1 0 0 1 1 0 0 1 0 1 1 0 0 1 1 1 1 1 0 1 1 1 1 0 1 1 1 0 0 0 1 1] | Precisión: 0.91
Distancia de Hamming: 3
--------------------------------------------------
La media de la precisión del descifrado es 0.9705
Distancia media de Hamming = 0.9437 | Número de bits: 32
Número de reconstrucciones perfectas = 6063



EVALUACIÓN CON 4200:

Original     --> [1 0 1 1 1 0 0 1 1 0 0 0 0 0 1 1 0 0 0 1 0 0 1 0 0 0 1 1 0 0 1 0]
Reconstruido --> [1 0 1 1 1 0 0 1 1 0 0 0 0 0 1 1 0 0 0 1 0 0 1 0 0 0 1 1 0 0 1 0] | Precisión: 1.00
Distancia de Hamming: 0
--------------------------------------------------
Original     --> [0 1 0 0 1 0 0 1 1 0 1 1 0 0 0 0 0 1 0 0 1 0 1 1 1 1 0 0 0 0 0 1]
Reconstruido --> [0 1 0 0 1 0 0 0 1 0 1 1 0 0 0 0 0 1 1 0 1 0 1 1 1 1 0 0 0 0 0 1] | Precisión: 0.94
Distancia de Hamming: 2
--------------------------------------------------
Original     --> [1 0 1 0 1 0 1 1 1 0 0 0 1 1 0 1 0 1 0 0 1 0 1 1 0 1 1 1 0 1 1 0]
Reconstruido --> [1 0 1 0 1 0 1 1 1 0 0 0 1 1 1 1 0 1 0 0 1 0 1 1 0 1 1 1 0 1 1 0] | Precisión: 0.97
Distancia de Hamming: 1
--------------------------------------------------
Original     --> [0 1 1 0 1 1 0 0 0 0 0 0 1 1 0 1 1 1 1 1 1 1 1 1 1 1 1 1 0 1 1 0]
Reconstruido --> [0 1 1 0 1 1 0 0 0 0 0 0 1 1 0 1 1 1 1 1 1 1 1 1 1 1 1 1 0 1 1 0] | Precisión: 1.00
Distancia de Hamming: 0
--------------------------------------------------
Original     --> [0 1 0 0 0 1 0 0 1 0 1 1 0 1 1 1 0 1 1 1 1 0 0 1 1 1 0 0 1 0 1 1]
Reconstruido --> [0 1 0 0 0 1 0 0 1 0 1 1 0 1 1 1 0 1 1 1 1 0 0 1 1 1 0 0 1 0 1 1] | Precisión: 1.00
Distancia de Hamming: 0
--------------------------------------------------
Original     --> [0 1 1 1 1 0 1 0 1 0 0 1 1 0 1 1 1 0 1 0 1 1 1 0 1 0 0 0 1 1 1 1]
Reconstruido --> [0 1 1 0 1 0 1 1 1 0 1 1 1 0 1 1 1 0 1 0 1 1 1 0 1 0 0 0 1 1 1 1] | Precisión: 0.91
Distancia de Hamming: 3
--------------------------------------------------
Original     --> [1 0 0 1 0 0 1 0 1 0 0 1 1 0 1 0 0 0 1 1 0 0 1 1 1 1 0 1 1 0 1 1]
Reconstruido --> [1 0 0 1 0 0 1 0 1 0 0 1 1 0 1 0 0 0 1 1 0 0 1 1 1 1 0 1 1 0 1 1] | Precisión: 1.00
Distancia de Hamming: 0
--------------------------------------------------
Original     --> [0 0 1 0 0 1 1 0 1 0 1 1 1 1 0 0 1 1 1 1 0 0 1 1 1 0 0 0 0 1 0 1]
Reconstruido --> [0 0 1 0 0 1 1 0 1 0 1 1 1 1 0 0 1 1 1 1 0 0 1 1 1 0 0 0 0 1 0 1] | Precisión: 1.00
Distancia de Hamming: 0
--------------------------------------------------
Original     --> [0 1 1 1 1 0 1 1 1 0 0 0 0 0 0 1 0 1 1 0 0 1 1 1 1 0 0 1 0 1 0 1]
Reconstruido --> [0 1 1 1 1 0 1 1 1 0 0 0 1 0 0 1 0 1 0 0 0 1 1 1 1 0 0 0 0 1 0 1] | Precisión: 0.91
Distancia de Hamming: 3
--------------------------------------------------
Original     --> [0 0 1 0 0 0 1 0 1 0 1 0 1 1 1 1 1 0 1 0 0 1 0 1 1 0 0 0 1 1 0 0]
Reconstruido --> [0 0 1 0 0 0 1 0 1 0 1 0 1 1 1 1 1 0 1 0 0 1 0 1 1 0 0 0 1 1 0 0] | Precisión: 1.00
Distancia de Hamming: 0
--------------------------------------------------
La media de la precisión del descifrado es 0.9700
Distancia media de Hamming = 0.9592 | Número de bits: 32
Número de reconstrucciones perfectas = 5906



EVALUACIÓN CON 4500:

Original     --> [0 1 0 0 1 1 1 0 1 1 1 1 1 1 1 1 0 0 0 0 1 1 0 0 0 0 1 0 1 0 0 1]
Reconstruido --> [0 1 0 0 1 1 1 0 1 1 1 1 1 1 1 1 0 0 0 0 1 1 0 0 0 0 1 0 1 0 0 1] | Precisión: 1.00
Distancia de Hamming: 0
--------------------------------------------------
Original     --> [0 0 1 1 0 0 0 0 1 0 0 0 1 1 0 1 1 0 0 0 1 1 1 1 1 1 1 0 0 1 1 1]
Reconstruido --> [0 0 1 1 0 0 0 0 1 0 0 0 1 1 0 1 1 0 0 0 1 1 1 1 1 1 1 0 0 1 1 1] | Precisión: 1.00
Distancia de Hamming: 0
--------------------------------------------------
Original     --> [0 1 0 0 1 1 0 1 1 0 0 1 1 1 1 0 0 1 0 0 0 1 0 0 0 1 1 1 0 1 0 1]
Reconstruido --> [0 1 0 0 1 1 0 1 1 0 0 1 1 1 1 0 0 1 0 0 0 1 0 0 0 1 1 1 0 1 0 1] | Precisión: 1.00
Distancia de Hamming: 0
--------------------------------------------------
Original     --> [0 1 0 1 1 0 1 1 1 1 0 0 1 0 1 1 0 1 0 0 0 1 0 1 0 0 1 1 1 1 1 0]
Reconstruido --> [0 1 0 1 1 0 1 1 1 1 0 0 1 0 1 1 0 1 0 0 0 1 0 1 0 0 1 1 1 1 1 0] | Precisión: 1.00
Distancia de Hamming: 0
--------------------------------------------------
Original     --> [0 0 1 0 1 0 0 1 1 0 0 1 1 1 0 0 1 1 1 0 0 1 0 0 0 1 0 0 1 1 0 1]
Reconstruido --> [0 0 1 0 1 0 0 1 1 0 0 1 1 1 0 0 1 1 1 0 0 1 0 0 0 1 0 0 1 1 0 1] | Precisión: 1.00
Distancia de Hamming: 0
--------------------------------------------------
Original     --> [0 1 0 0 0 1 1 1 1 0 0 1 1 1 0 1 0 1 0 0 1 1 0 1 1 1 1 0 1 0 0 0]
Reconstruido --> [0 1 0 0 0 1 1 1 1 0 0 1 1 1 0 1 0 1 0 0 1 1 0 1 1 1 1 0 1 0 0 0] | Precisión: 1.00
Distancia de Hamming: 0
--------------------------------------------------
Original     --> [1 0 0 0 1 1 1 0 1 0 0 0 1 0 0 0 0 1 1 1 1 1 0 0 0 0 1 0 1 1 0 0]
Reconstruido --> [1 0 0 0 1 1 0 0 1 0 0 0 1 0 0 0 0 0 1 1 1 1 1 0 0 1 0 0 1 1 0 0] | Precisión: 0.84
Distancia de Hamming: 5
--------------------------------------------------
Original     --> [1 0 1 1 1 0 1 1 0 0 1 1 1 0 0 1 0 0 0 0 0 0 1 0 1 1 1 0 0 0 0 1]
Reconstruido --> [1 0 1 1 1 0 1 1 1 0 1 1 1 0 0 1 0 0 0 0 0 0 1 0 1 1 1 0 1 0 0 1] | Precisión: 0.94
Distancia de Hamming: 2
--------------------------------------------------
Original     --> [1 0 1 0 0 1 0 1 1 1 0 1 0 0 0 1 0 0 1 1 0 1 0 0 0 0 1 0 1 0 1 0]
Reconstruido --> [1 0 1 0 0 1 0 1 1 1 0 1 0 0 0 0 0 0 1 1 0 1 0 0 0 1 1 0 1 0 1 0] | Precisión: 0.94
Distancia de Hamming: 2
--------------------------------------------------
Original     --> [0 1 1 0 0 0 1 1 0 0 0 1 0 1 1 0 1 0 1 1 1 1 1 0 0 1 0 1 1 0 0 0]
Reconstruido --> [0 1 1 0 0 1 1 1 0 0 0 0 0 1 1 0 1 0 1 1 1 0 0 0 0 1 0 1 1 0 0 0] | Precisión: 0.88
Distancia de Hamming: 4
--------------------------------------------------
La media de la precisión del descifrado es 0.9809
Distancia media de Hamming = 0.6110 | Número de bits: 32
Número de reconstrucciones perfectas = 7261



EVALUACIÓN CON 4800:

Original     --> [1 0 0 0 0 1 1 1 0 0 1 1 0 0 0 1 0 1 0 1 0 1 0 1 0 1 1 0 1 0 1 0]
Reconstruido --> [1 0 0 0 0 1 1 1 0 0 1 1 0 0 0 1 0 1 0 1 0 1 0 1 0 1 1 0 1 0 1 0] | Precisión: 1.00
Distancia de Hamming: 0
--------------------------------------------------
Original     --> [0 1 1 1 0 1 0 0 0 1 1 1 1 1 0 1 1 0 1 1 0 0 1 1 0 0 1 1 1 0 0 0]
Reconstruido --> [0 1 1 1 0 1 0 0 0 1 1 1 1 1 0 1 1 0 1 1 0 0 1 1 0 0 0 1 0 0 0 0] | Precisión: 0.94
Distancia de Hamming: 2
--------------------------------------------------
Original     --> [1 1 1 1 1 0 0 0 0 1 0 0 0 1 0 1 0 1 0 1 1 0 1 1 0 1 0 0 1 1 0 0]
Reconstruido --> [1 1 1 1 1 0 0 0 0 1 0 0 0 1 0 1 0 1 0 1 1 0 1 1 0 1 0 0 1 1 0 0] | Precisión: 1.00
Distancia de Hamming: 0
--------------------------------------------------
Original     --> [0 0 1 0 1 0 1 0 1 1 1 1 0 1 1 1 1 1 0 0 1 0 0 0 1 0 0 1 0 0 0 1]
Reconstruido --> [0 0 1 0 1 0 1 0 1 1 1 1 0 1 1 1 1 1 0 0 1 0 0 0 1 0 0 1 0 0 0 1] | Precisión: 1.00
Distancia de Hamming: 0
--------------------------------------------------
Original     --> [1 1 0 1 1 1 1 1 1 0 1 1 1 0 1 0 0 0 1 0 1 0 0 1 1 1 1 0 1 1 1 0]
Reconstruido --> [1 1 0 1 1 1 1 1 1 0 1 1 1 0 1 0 0 0 1 0 1 0 0 1 1 1 1 0 1 1 1 0] | Precisión: 1.00
Distancia de Hamming: 0
--------------------------------------------------
Original     --> [1 1 1 1 1 0 0 1 0 0 1 0 0 1 0 0 0 1 0 1 0 1 1 1 1 0 1 0 0 0 0 1]
Reconstruido --> [1 1 1 1 1 0 0 1 0 0 1 0 0 1 0 0 0 1 0 1 0 1 1 1 1 0 1 0 0 0 0 1] | Precisión: 1.00
Distancia de Hamming: 0
--------------------------------------------------
Original     --> [1 1 1 0 1 0 0 0 1 0 0 1 0 0 0 1 1 0 1 0 0 1 1 0 1 0 1 0 0 1 1 0]
Reconstruido --> [1 1 1 0 1 0 0 0 1 0 0 1 0 0 0 1 1 0 1 0 0 1 1 0 1 0 1 0 0 1 1 0] | Precisión: 1.00
Distancia de Hamming: 0
--------------------------------------------------
Original     --> [1 1 0 0 1 0 1 1 0 0 0 1 1 0 1 0 0 0 1 0 1 0 0 0 1 1 0 1 0 0 0 1]
Reconstruido --> [1 1 0 0 1 0 1 1 0 0 0 1 1 0 1 0 0 0 1 0 1 0 0 0 1 1 0 1 1 0 0 1] | Precisión: 0.97
Distancia de Hamming: 1
--------------------------------------------------
Original     --> [0 0 1 1 0 0 1 1 1 0 1 0 0 1 1 1 0 0 1 0 0 1 0 0 1 0 0 0 0 0 1 1]
Reconstruido --> [0 0 1 1 0 0 1 1 1 0 1 0 0 1 1 1 0 0 1 0 0 1 0 0 1 0 0 0 0 0 1 1] | Precisión: 1.00
Distancia de Hamming: 0
--------------------------------------------------
Original     --> [0 0 0 0 1 1 0 0 1 1 0 0 0 1 0 1 0 0 0 1 0 1 0 1 1 1 0 0 1 0 1 1]
Reconstruido --> [0 0 0 0 1 1 0 0 1 1 0 0 0 1 0 1 0 0 0 1 0 1 0 1 1 1 0 0 1 0 1 1] | Precisión: 1.00
Distancia de Hamming: 0
--------------------------------------------------
La media de la precisión del descifrado es 0.9806
Distancia media de Hamming = 0.6218 | Número de bits: 32
Número de reconstrucciones perfectas = 7321



EVALUACIÓN CON 5100:

Original     --> [0 0 1 1 1 0 1 0 0 0 1 1 1 0 1 0 0 0 1 1 1 1 1 0 1 0 0 1 0 1 0 0]
Reconstruido --> [0 0 1 1 1 0 1 0 0 0 1 1 1 0 1 0 0 0 1 1 1 1 1 0 1 0 0 1 0 1 0 0] | Precisión: 1.00
Distancia de Hamming: 0
--------------------------------------------------
Original     --> [1 1 1 1 0 0 0 0 1 0 0 0 1 1 0 0 1 0 0 0 1 1 0 0 0 0 1 1 1 1 0 0]
Reconstruido --> [1 1 1 1 0 0 0 0 1 0 0 0 1 1 0 0 1 0 0 0 1 1 0 0 0 0 1 1 1 1 0 0] | Precisión: 1.00
Distancia de Hamming: 0
--------------------------------------------------
Original     --> [1 1 0 0 1 1 0 0 0 1 1 1 0 1 1 0 0 1 0 0 1 0 0 1 1 1 1 1 0 1 1 1]
Reconstruido --> [1 1 0 0 1 1 0 0 0 1 1 1 0 1 1 0 0 1 0 0 1 0 0 1 1 1 1 1 0 1 1 1] | Precisión: 1.00
Distancia de Hamming: 0
--------------------------------------------------
Original     --> [0 1 1 1 0 0 1 1 1 1 1 1 0 1 0 0 1 0 0 1 0 0 1 0 0 1 1 0 0 0 0 0]
Reconstruido --> [0 1 1 1 0 0 1 1 1 1 1 1 0 1 0 0 1 0 0 1 0 0 1 0 0 1 1 0 0 0 0 0] | Precisión: 1.00
Distancia de Hamming: 0
--------------------------------------------------
Original     --> [0 0 1 0 0 0 1 0 1 1 1 1 0 0 0 1 0 1 0 1 1 1 0 1 0 0 0 1 0 0 0 0]
Reconstruido --> [0 0 1 0 0 0 1 0 1 1 1 1 0 0 0 1 0 1 0 1 1 1 0 1 0 0 0 1 0 0 0 0] | Precisión: 1.00
Distancia de Hamming: 0
--------------------------------------------------
Original     --> [1 0 1 1 0 1 1 0 1 0 1 0 0 1 1 1 1 1 1 1 1 1 0 0 1 0 0 1 0 1 0 0]
Reconstruido --> [1 0 1 1 0 1 1 0 1 0 1 0 0 1 1 1 1 1 1 1 1 1 0 0 1 0 0 1 0 1 0 0] | Precisión: 1.00
Distancia de Hamming: 0
--------------------------------------------------
Original     --> [0 1 0 1 0 0 0 0 0 1 1 0 0 1 1 0 1 1 1 1 1 0 1 1 0 0 0 0 0 0 0 0]
Reconstruido --> [0 1 0 1 0 0 0 0 0 1 1 0 0 1 1 0 1 1 1 1 1 0 1 1 0 0 1 0 0 0 0 0] | Precisión: 0.97
Distancia de Hamming: 1
--------------------------------------------------
Original     --> [0 1 0 0 1 0 1 1 0 0 0 0 0 1 0 1 0 1 1 1 1 1 1 1 0 0 1 1 1 0 0 0]
Reconstruido --> [0 1 0 0 1 0 1 1 0 0 0 0 0 1 0 1 0 1 1 1 1 1 1 1 0 0 1 1 1 0 0 0] | Precisión: 1.00
Distancia de Hamming: 0
--------------------------------------------------
Original     --> [0 0 1 1 1 1 1 1 0 0 1 1 0 1 0 1 1 0 0 0 0 0 0 1 1 0 0 1 1 0 0 1]
Reconstruido --> [0 0 1 1 1 1 1 1 0 0 1 1 0 1 0 1 1 0 0 0 0 0 0 1 1 0 0 1 1 0 0 1] | Precisión: 1.00
Distancia de Hamming: 0
--------------------------------------------------
Original     --> [0 1 1 1 1 0 0 0 1 1 0 1 0 0 1 0 1 0 1 1 0 1 0 1 1 0 0 1 1 1 0 1]
Reconstruido --> [0 1 1 1 1 0 0 0 1 1 0 1 0 0 1 0 1 0 1 1 0 1 0 1 1 0 0 1 1 1 0 1] | Precisión: 1.00
Distancia de Hamming: 0
--------------------------------------------------
La media de la precisión del descifrado es 0.9806
Distancia media de Hamming = 0.6219 | Número de bits: 32
Número de reconstrucciones perfectas = 7192



EVALUACIÓN CON 5400:

Original     --> [1 1 0 0 0 1 0 0 1 1 0 0 0 1 1 1 0 0 1 0 1 1 0 0 1 1 0 1 0 1 1 0]
Reconstruido --> [1 1 0 0 0 1 0 0 1 1 0 0 0 1 1 1 0 0 1 0 1 1 0 0 1 1 0 1 0 1 1 0] | Precisión: 1.00
Distancia de Hamming: 0
--------------------------------------------------
Original     --> [1 0 1 0 1 1 1 0 1 1 0 1 0 1 1 0 1 1 1 1 0 1 0 0 0 1 0 1 1 0 0 0]
Reconstruido --> [1 0 1 0 1 1 1 0 1 1 0 1 0 1 1 0 1 1 1 1 0 1 0 0 0 1 0 1 1 0 0 0] | Precisión: 1.00
Distancia de Hamming: 0
--------------------------------------------------
Original     --> [0 1 0 0 1 0 1 1 1 0 1 0 1 0 0 0 1 0 0 0 0 1 0 0 1 0 0 1 1 0 0 0]
Reconstruido --> [0 1 0 0 1 0 1 1 1 0 1 0 1 0 0 0 1 0 0 0 0 1 0 0 1 0 0 1 1 0 0 0] | Precisión: 1.00
Distancia de Hamming: 0
--------------------------------------------------
Original     --> [0 1 0 1 1 0 1 1 1 1 0 1 0 0 1 1 1 0 1 1 1 0 0 0 0 0 1 0 1 1 1 1]
Reconstruido --> [0 1 0 1 1 0 0 1 1 1 0 1 0 0 1 1 1 0 1 1 1 0 0 0 0 0 1 0 1 1 1 1] | Precisión: 0.97
Distancia de Hamming: 1
--------------------------------------------------
Original     --> [0 1 0 0 1 1 1 0 0 1 1 0 1 0 0 1 1 0 0 1 0 0 0 0 1 0 0 0 0 0 1 1]
Reconstruido --> [0 1 0 0 1 1 1 0 0 1 1 0 1 0 0 1 1 0 0 1 0 0 0 0 1 0 0 0 0 0 1 1] | Precisión: 1.00
Distancia de Hamming: 0
--------------------------------------------------
Original     --> [1 1 0 1 0 1 1 0 0 0 1 1 1 1 1 1 0 0 0 0 1 1 1 1 1 1 0 0 1 0 1 1]
Reconstruido --> [1 1 0 1 0 1 1 0 0 0 1 1 1 1 1 1 0 0 0 0 1 1 1 1 1 1 0 0 1 0 1 1] | Precisión: 1.00
Distancia de Hamming: 0
--------------------------------------------------
Original     --> [0 1 0 1 1 1 0 1 0 1 0 0 0 0 0 1 1 0 0 0 1 0 0 1 0 1 1 1 1 0 0 0]
Reconstruido --> [0 1 0 1 1 1 0 1 0 1 0 0 0 0 0 1 1 0 0 0 1 0 0 1 0 1 1 1 1 0 0 0] | Precisión: 1.00
Distancia de Hamming: 0
--------------------------------------------------
Original     --> [1 0 0 1 1 0 1 0 0 0 1 1 0 1 1 0 0 1 1 1 1 0 0 0 0 1 0 0 1 0 0 0]
Reconstruido --> [1 1 0 1 1 0 1 0 0 0 1 1 0 0 1 0 0 1 0 1 0 0 0 1 0 1 0 0 1 0 0 0] | Precisión: 0.84
Distancia de Hamming: 5
--------------------------------------------------
Original     --> [0 0 1 0 1 1 0 1 0 0 0 0 1 1 0 0 0 0 1 1 0 1 1 1 1 0 1 0 0 0 1 1]
Reconstruido --> [0 0 1 0 0 1 0 1 0 0 0 0 1 1 0 0 0 0 1 1 0 1 1 1 1 0 1 0 0 0 1 1] | Precisión: 0.97
Distancia de Hamming: 1
--------------------------------------------------
Original     --> [1 0 1 0 0 1 1 1 0 0 1 0 1 1 0 0 1 1 0 1 0 1 0 1 1 1 0 0 1 1 1 1]
Reconstruido --> [1 0 1 0 0 1 1 1 0 0 1 0 1 1 0 0 1 1 0 1 0 1 0 1 1 1 0 0 1 1 1 1] | Precisión: 1.00
Distancia de Hamming: 0
--------------------------------------------------
La media de la precisión del descifrado es 0.9893
Distancia media de Hamming = 0.3413 | Número de bits: 32
Número de reconstrucciones perfectas = 8381



EVALUACIÓN CON 5700:

Original     --> [1 0 0 0 1 0 0 0 0 0 0 1 0 1 0 0 0 0 0 1 1 1 1 0 1 0 0 1 1 0 0 0]
Reconstruido --> [1 0 0 0 1 0 0 0 0 0 0 1 0 1 0 0 0 0 0 1 1 1 1 0 1 0 0 1 1 0 0 0] | Precisión: 1.00
Distancia de Hamming: 0
--------------------------------------------------
Original     --> [1 0 1 1 1 1 0 1 1 1 0 0 1 1 1 0 0 0 0 1 0 0 0 1 1 0 0 1 0 0 0 0]
Reconstruido --> [1 0 1 1 1 1 0 1 1 1 0 0 1 1 1 0 0 0 0 1 0 0 0 1 1 0 0 1 0 0 0 0] | Precisión: 1.00
Distancia de Hamming: 0
--------------------------------------------------
Original     --> [1 1 1 0 0 1 0 1 0 1 0 1 0 1 1 1 0 0 1 1 0 0 0 1 0 0 1 0 0 0 1 0]
Reconstruido --> [1 1 1 0 0 1 0 1 0 1 0 1 0 1 1 1 0 0 1 1 0 0 0 1 0 0 1 0 0 0 1 0] | Precisión: 1.00
Distancia de Hamming: 0
--------------------------------------------------
Original     --> [1 0 1 1 0 0 0 1 1 1 0 1 1 0 1 1 1 0 0 1 1 0 1 1 1 1 0 1 0 0 1 0]
Reconstruido --> [1 0 1 1 0 0 0 1 1 1 0 1 1 0 1 1 1 0 0 1 1 0 1 1 1 1 0 1 0 0 1 0] | Precisión: 1.00
Distancia de Hamming: 0
--------------------------------------------------
Original     --> [0 1 1 0 1 0 0 0 0 0 1 1 0 0 0 1 1 1 0 1 0 1 1 1 1 1 0 0 1 1 1 0]
Reconstruido --> [0 1 1 0 1 0 0 0 0 0 1 1 0 0 0 1 1 1 0 1 0 1 1 1 1 1 0 0 1 1 1 0] | Precisión: 1.00
Distancia de Hamming: 0
--------------------------------------------------
Original     --> [1 0 0 0 0 1 0 0 1 1 1 0 1 1 1 0 0 1 0 0 0 1 1 0 0 1 1 0 0 1 1 0]
Reconstruido --> [1 0 0 0 0 1 0 0 1 1 1 0 1 1 1 0 0 1 0 0 0 1 1 0 0 1 1 0 0 1 1 0] | Precisión: 1.00
Distancia de Hamming: 0
--------------------------------------------------
Original     --> [1 1 1 0 0 0 0 0 0 0 1 1 1 0 0 1 1 0 1 1 1 1 1 1 1 1 0 1 0 0 1 0]
Reconstruido --> [1 1 1 0 0 0 0 0 0 0 1 1 1 0 0 1 1 0 1 1 1 1 1 1 1 1 0 1 0 0 1 0] | Precisión: 1.00
Distancia de Hamming: 0
--------------------------------------------------
Original     --> [0 0 0 1 0 1 0 1 0 0 1 0 1 0 1 1 0 1 0 0 1 0 0 1 1 0 0 1 1 1 1 1]
Reconstruido --> [0 0 0 1 0 1 0 1 0 0 1 0 1 0 1 1 0 1 0 0 1 0 0 1 1 0 0 1 1 1 1 1] | Precisión: 1.00
Distancia de Hamming: 0
--------------------------------------------------
Original     --> [1 0 0 0 0 1 0 1 0 0 0 0 0 0 0 1 1 1 0 1 0 1 1 1 1 0 1 0 1 1 1 0]
Reconstruido --> [1 0 0 0 0 1 0 1 0 0 0 0 0 0 0 1 1 1 0 1 0 1 1 1 1 0 1 0 1 1 1 0] | Precisión: 1.00
Distancia de Hamming: 0
--------------------------------------------------
Original     --> [1 1 1 0 1 1 0 0 1 1 1 0 0 0 1 0 1 1 0 1 0 1 0 0 1 0 0 0 1 0 1 1]
Reconstruido --> [1 1 1 0 1 1 0 0 1 1 1 0 0 0 1 0 1 1 0 1 0 1 0 0 1 0 0 0 1 0 1 1] | Precisión: 1.00
Distancia de Hamming: 0
--------------------------------------------------
La media de la precisión del descifrado es 0.9893
Distancia media de Hamming = 0.3417 | Número de bits: 32
Número de reconstrucciones perfectas = 8398



EVALUACIÓN CON 6000:

Original     --> [1 0 1 0 1 0 1 0 0 1 1 0 0 1 0 1 0 1 1 1 0 1 1 1 1 0 0 0 1 0 0 0]
Reconstruido --> [1 0 1 0 1 0 1 0 0 1 1 0 0 1 0 1 0 1 1 1 0 1 1 1 1 0 0 0 1 0 0 0] | Precisión: 1.00
Distancia de Hamming: 0
--------------------------------------------------
Original     --> [1 0 1 1 0 0 1 0 0 0 0 1 1 1 1 1 0 0 1 0 1 0 1 1 0 1 1 1 0 1 0 0]
Reconstruido --> [1 0 1 1 0 0 1 0 0 0 0 1 1 1 1 1 0 0 1 0 1 0 1 1 0 1 1 1 0 1 0 0] | Precisión: 1.00
Distancia de Hamming: 0
--------------------------------------------------
Original     --> [0 0 0 0 0 0 1 1 1 1 1 0 0 0 0 1 0 0 1 0 0 1 1 0 1 1 0 0 0 0 0 0]
Reconstruido --> [0 0 0 0 0 0 1 1 1 1 1 0 0 0 0 1 0 0 1 0 0 1 1 0 1 1 0 0 0 0 0 0] | Precisión: 1.00
Distancia de Hamming: 0
--------------------------------------------------
Original     --> [1 1 0 0 1 0 1 1 1 0 1 0 1 1 0 0 1 1 0 1 1 1 0 1 0 1 0 0 1 0 0 1]
Reconstruido --> [1 1 0 0 1 0 1 1 1 0 1 0 1 1 0 0 1 1 0 1 1 1 0 1 0 1 0 0 1 0 0 1] | Precisión: 1.00
Distancia de Hamming: 0
--------------------------------------------------
Original     --> [0 0 0 0 1 1 1 1 0 0 0 1 1 0 0 0 0 1 1 0 0 1 1 0 1 0 1 0 0 1 0 0]
Reconstruido --> [0 0 0 0 1 1 1 1 0 0 0 1 1 0 0 0 0 1 1 0 0 1 1 0 1 0 1 0 0 1 0 0] | Precisión: 1.00
Distancia de Hamming: 0
--------------------------------------------------
Original     --> [0 1 0 1 1 0 1 1 1 0 1 0 1 1 1 1 1 0 1 0 1 0 1 0 1 1 1 0 0 1 0 1]
Reconstruido --> [0 1 0 1 1 0 1 1 1 0 1 0 1 1 1 1 1 0 1 0 1 0 1 0 1 1 1 0 0 1 0 1] | Precisión: 1.00
Distancia de Hamming: 0
--------------------------------------------------
Original     --> [1 0 1 1 1 0 1 0 1 0 0 1 1 1 0 0 0 1 0 0 0 1 1 1 0 1 1 1 0 1 1 1]
Reconstruido --> [1 0 1 1 1 0 1 0 1 0 0 1 1 1 0 0 0 1 0 0 0 1 1 1 0 1 1 1 0 1 1 1] | Precisión: 1.00
Distancia de Hamming: 0
--------------------------------------------------
Original     --> [1 0 0 0 0 1 0 0 1 0 0 1 0 1 0 1 0 0 1 0 0 1 0 1 1 0 1 1 0 1 1 1]
Reconstruido --> [1 0 0 0 0 1 0 0 1 0 0 1 0 1 0 1 0 0 1 0 0 1 0 1 1 0 1 1 0 1 1 1] | Precisión: 1.00
Distancia de Hamming: 0
--------------------------------------------------
Original     --> [1 0 0 0 0 0 1 0 1 0 0 1 1 1 0 0 0 1 0 0 0 1 0 1 0 0 0 0 1 1 0 1]
Reconstruido --> [1 0 0 0 0 0 1 0 1 0 0 1 1 1 0 0 0 1 0 0 0 1 0 1 0 0 0 0 1 1 0 1] | Precisión: 1.00
Distancia de Hamming: 0
--------------------------------------------------
Original     --> [0 1 1 0 0 0 0 0 0 0 1 1 1 1 0 1 0 0 0 1 1 1 1 1 0 1 0 0 1 1 1 1]
Reconstruido --> [0 1 1 0 0 0 0 0 0 0 1 1 1 1 0 1 0 0 0 1 1 1 1 1 0 1 0 0 1 1 1 1] | Precisión: 1.00
Distancia de Hamming: 0
--------------------------------------------------
La media de la precisión del descifrado es 0.9899
Distancia media de Hamming = 0.3224 | Número de bits: 32
Número de reconstrucciones perfectas = 8488


Tiempo total de ejecución (s): 4389.531402587891

