-- RESULTADOS DEL EXPERIMENTO 1.1. --

Número de mensajes = 10000
Número de bits = 32
Tamaño del batch = 512
Adam optimizer learning rate = 0.001
Epochs totales = 6000
Epochs iniciales = 300


EVALUACIÓN CON 300:

Original     --> [0 0 0 0 1 1 0 0 0 0 1 1 0 0 0 0 0 1 1 1 0 0 0 0 1 0 1 1 0 1 1 1]
Reconstruido --> [0 1 0 0 1 1 0 0 0 0 1 0 0 1 1 0 0 1 1 1 0 0 0 0 1 1 1 1 0 1 1 1] | Precisión: 0.84
Distancia de Hamming: 5
--------------------------------------------------
Original     --> [1 1 0 0 1 1 1 1 0 1 0 1 1 0 0 0 1 1 1 0 1 0 0 1 1 0 0 0 0 0 0 1]
Reconstruido --> [1 1 0 0 1 1 1 1 0 1 0 1 1 0 0 0 1 1 1 0 1 0 0 0 1 0 0 1 0 0 0 1] | Precisión: 0.94
Distancia de Hamming: 2
--------------------------------------------------
Original     --> [0 1 1 0 0 0 0 1 0 1 1 1 1 0 1 1 1 1 0 0 1 1 0 1 1 0 0 1 1 0 0 0]
Reconstruido --> [0 1 1 0 0 0 0 1 0 1 1 1 1 0 1 1 1 1 0 0 1 1 0 1 1 0 0 1 1 0 0 0] | Precisión: 1.00
Distancia de Hamming: 0
--------------------------------------------------
Original     --> [1 0 0 0 0 1 1 1 1 1 1 1 0 0 0 0 1 0 1 1 0 1 1 1 0 0 1 0 0 1 0 0]
Reconstruido --> [1 0 0 0 0 1 1 1 1 1 1 0 0 0 0 0 1 0 1 1 0 1 1 1 0 0 1 0 0 1 0 0] | Precisión: 0.97
Distancia de Hamming: 1
--------------------------------------------------
Original     --> [0 0 1 0 0 0 1 1 1 1 1 1 0 1 1 1 1 0 0 1 1 1 0 1 0 1 1 1 1 0 1 1]
Reconstruido --> [0 0 1 0 0 0 1 1 0 1 1 1 0 1 1 1 1 0 0 1 1 0 0 1 0 1 1 1 1 0 1 0] | Precisión: 0.91
Distancia de Hamming: 3
--------------------------------------------------
Original     --> [0 1 0 0 1 1 1 1 0 1 1 0 0 0 1 0 1 0 0 1 0 0 1 0 0 0 0 1 0 0 0 0]
Reconstruido --> [0 1 0 0 1 1 1 1 0 1 1 0 0 0 1 0 1 0 0 1 0 0 1 0 0 0 1 1 0 0 0 0] | Precisión: 0.97
Distancia de Hamming: 1
--------------------------------------------------
Original     --> [1 0 1 0 0 0 1 1 0 1 0 1 1 1 1 0 0 1 0 1 1 0 1 1 0 1 1 0 1 1 1 0]
Reconstruido --> [1 0 1 0 0 0 1 1 0 1 0 1 1 1 1 0 0 1 0 1 1 0 1 1 0 1 1 0 1 1 1 0] | Precisión: 1.00
Distancia de Hamming: 0
--------------------------------------------------
Original     --> [1 0 1 0 0 1 1 1 1 1 0 1 1 0 0 0 0 1 1 0 1 1 1 1 0 0 0 0 1 1 1 1]
Reconstruido --> [1 0 1 1 0 1 1 1 1 1 0 0 1 0 0 0 0 1 1 0 1 1 1 1 0 0 0 0 1 1 1 1] | Precisión: 0.94
Distancia de Hamming: 2
--------------------------------------------------
Original     --> [1 0 0 0 1 0 0 1 0 1 0 0 1 1 1 1 0 1 1 0 1 0 1 1 0 1 1 0 1 1 1 1]
Reconstruido --> [1 0 0 0 1 0 0 1 0 1 0 0 1 1 1 1 0 1 1 0 1 0 1 1 0 1 1 0 1 1 1 1] | Precisión: 1.00
Distancia de Hamming: 0
--------------------------------------------------
Original     --> [0 0 0 1 1 0 0 1 1 0 0 0 1 0 1 0 0 1 0 1 1 0 1 0 0 0 0 0 1 0 0 0]
Reconstruido --> [0 0 0 1 1 0 1 1 1 0 0 0 1 0 1 1 0 1 0 1 1 0 1 0 1 0 0 1 1 1 1 0] | Precisión: 0.81
Distancia de Hamming: 6
--------------------------------------------------
La media de la precisión del descifrado es 0.9134
Distancia media de Hamming = 2.7720 | Número de bits: 32
Número de reconstrucciones perfectas = 1342



EVALUACIÓN CON 600:

Original     --> [0 1 0 0 0 0 0 0 0 1 1 1 0 0 1 0 0 1 1 0 1 1 1 1 1 1 1 0 1 0 1 0]
Reconstruido --> [0 1 0 0 0 0 0 0 0 1 1 1 0 0 1 0 0 1 1 0 1 1 1 1 1 1 1 0 1 0 1 0] | Precisión: 1.00
Distancia de Hamming: 0
--------------------------------------------------
Original     --> [0 1 0 1 1 1 0 1 0 1 1 1 1 0 1 0 0 1 1 0 1 0 0 1 0 1 0 1 0 0 1 0]
Reconstruido --> [0 1 0 0 1 1 0 1 0 1 1 1 1 0 0 0 0 1 1 0 1 0 1 1 0 1 1 0 0 0 1 0] | Precisión: 0.84
Distancia de Hamming: 5
--------------------------------------------------
Original     --> [1 0 0 1 0 1 1 1 1 1 1 1 1 0 0 1 0 1 0 1 1 1 0 1 1 0 0 1 1 0 0 0]
Reconstruido --> [1 0 0 1 0 1 1 1 1 1 1 1 1 0 0 1 0 1 0 1 1 1 0 1 1 0 0 1 1 0 0 0] | Precisión: 1.00
Distancia de Hamming: 0
--------------------------------------------------
Original     --> [1 1 1 1 1 1 0 0 1 0 1 1 1 1 0 1 0 0 1 0 1 1 0 1 0 1 0 0 1 0 1 0]
Reconstruido --> [1 1 1 0 1 0 0 0 1 0 1 1 1 1 0 1 0 1 1 0 1 1 0 1 0 1 0 0 1 0 1 0] | Precisión: 0.91
Distancia de Hamming: 3
--------------------------------------------------
Original     --> [1 0 1 1 1 1 1 0 0 1 0 0 1 0 0 0 0 0 0 1 0 0 1 1 1 0 0 0 0 0 0 0]
Reconstruido --> [1 0 1 1 1 1 1 0 0 1 1 1 1 0 0 0 0 0 0 1 0 0 1 1 1 0 0 0 0 0 0 0] | Precisión: 0.94
Distancia de Hamming: 2
--------------------------------------------------
Original     --> [0 0 0 1 1 1 1 0 0 0 1 1 0 1 1 1 0 0 1 1 0 1 0 0 0 1 1 1 0 1 0 0]
Reconstruido --> [1 0 0 1 1 1 1 0 0 0 1 1 0 1 1 0 1 0 1 1 0 1 0 0 0 1 1 1 1 0 0 0] | Precisión: 0.84
Distancia de Hamming: 5
--------------------------------------------------
Original     --> [1 0 1 0 1 0 1 1 0 0 0 0 0 0 0 1 1 1 0 0 0 0 1 1 1 1 0 0 0 0 1 0]
Reconstruido --> [0 0 1 0 1 0 1 1 0 0 1 0 0 0 0 1 1 1 0 0 0 0 1 1 0 1 0 0 0 1 1 0] | Precisión: 0.88
Distancia de Hamming: 4
--------------------------------------------------
Original     --> [0 1 0 1 0 1 1 1 1 0 1 0 0 1 1 1 0 1 0 0 1 0 0 1 1 0 0 0 0 0 1 1]
Reconstruido --> [0 1 0 1 0 1 1 1 1 0 1 0 0 1 1 1 0 1 0 0 1 0 0 1 1 0 1 0 1 0 1 1] | Precisión: 0.94
Distancia de Hamming: 2
--------------------------------------------------
Original     --> [0 1 0 0 1 0 1 0 0 0 0 1 1 0 1 1 0 1 1 1 1 0 0 0 1 0 1 1 1 0 1 1]
Reconstruido --> [0 0 0 0 1 1 1 0 0 0 0 1 1 0 1 1 0 0 1 1 1 0 0 0 1 0 1 1 1 0 1 1] | Precisión: 0.91
Distancia de Hamming: 3
--------------------------------------------------
Original     --> [1 0 0 1 0 1 1 0 1 0 1 1 1 0 1 0 0 1 0 0 1 0 0 0 0 0 1 1 1 0 0 1]
Reconstruido --> [1 0 0 1 0 1 1 0 1 0 1 1 1 0 1 0 0 1 0 0 1 0 0 0 0 0 1 1 1 0 0 1] | Precisión: 1.00
Distancia de Hamming: 0
--------------------------------------------------
La media de la precisión del descifrado es 0.9360
Distancia media de Hamming = 2.0477 | Número de bits: 32
Número de reconstrucciones perfectas = 2504



EVALUACIÓN CON 900:

Original     --> [1 0 0 1 0 0 1 0 1 1 0 1 1 0 1 0 0 0 0 1 1 0 0 0 1 0 0 0 0 1 1 1]
Reconstruido --> [1 1 0 1 0 0 1 0 1 1 0 1 1 0 1 0 0 0 0 1 1 0 0 1 1 0 0 0 1 1 1 1] | Precisión: 0.91
Distancia de Hamming: 3
--------------------------------------------------
Original     --> [1 1 1 1 0 0 0 0 0 0 1 0 0 0 0 1 1 0 0 1 0 1 0 1 0 0 0 1 1 1 1 1]
Reconstruido --> [1 1 1 1 0 0 0 0 0 0 1 0 0 0 0 1 1 0 0 1 0 1 0 1 0 0 0 1 1 1 1 1] | Precisión: 1.00
Distancia de Hamming: 0
--------------------------------------------------
Original     --> [0 1 0 0 0 0 1 0 0 1 0 1 1 1 1 0 0 1 1 0 0 0 1 0 0 1 1 0 1 0 1 1]
Reconstruido --> [0 1 0 0 0 0 1 0 0 1 0 1 1 1 1 0 0 1 1 0 0 0 1 0 0 1 1 0 1 0 1 1] | Precisión: 1.00
Distancia de Hamming: 0
--------------------------------------------------
Original     --> [1 1 1 0 1 1 0 0 0 0 1 1 0 0 1 1 0 0 1 0 1 0 1 0 0 1 0 1 1 1 0 1]
Reconstruido --> [1 1 1 0 1 1 0 0 0 0 1 1 0 0 1 1 0 0 1 0 1 0 1 0 0 1 0 1 1 1 0 1] | Precisión: 1.00
Distancia de Hamming: 0
--------------------------------------------------
Original     --> [0 1 0 0 0 0 0 0 0 1 1 1 1 0 0 1 0 1 1 0 1 0 0 1 1 1 1 1 1 1 0 1]
Reconstruido --> [0 1 0 0 0 0 0 0 0 1 0 1 1 0 0 1 0 1 1 0 1 0 0 1 1 1 1 1 1 1 0 1] | Precisión: 0.97
Distancia de Hamming: 1
--------------------------------------------------
Original     --> [1 1 0 1 1 0 1 0 0 0 0 0 0 0 1 1 1 1 1 1 0 1 1 1 0 0 0 1 1 1 0 0]
Reconstruido --> [1 1 0 1 1 0 1 0 1 0 0 0 0 0 1 1 1 1 1 1 1 1 1 1 0 0 0 1 1 1 0 0] | Precisión: 0.94
Distancia de Hamming: 2
--------------------------------------------------
Original     --> [0 1 0 1 0 1 0 1 0 1 1 1 0 1 0 1 0 0 0 1 1 1 1 0 0 1 1 1 0 0 1 1]
Reconstruido --> [0 1 0 1 0 1 0 1 0 1 0 1 0 1 0 1 0 0 1 1 0 1 1 0 0 1 1 1 0 0 1 1] | Precisión: 0.91
Distancia de Hamming: 3
--------------------------------------------------
Original     --> [1 0 1 1 1 0 0 0 0 0 0 0 1 0 0 0 1 0 1 1 1 0 0 1 1 1 0 1 0 1 1 1]
Reconstruido --> [1 0 1 1 1 0 0 0 0 0 0 0 1 0 0 0 1 0 1 1 1 0 0 1 1 1 0 1 0 1 0 1] | Precisión: 0.97
Distancia de Hamming: 1
--------------------------------------------------
Original     --> [1 1 0 1 0 1 0 1 0 0 0 0 0 0 1 0 1 1 1 0 1 0 0 1 0 1 0 1 0 1 1 1]
Reconstruido --> [1 1 0 1 0 1 0 1 0 0 0 0 0 0 1 0 1 1 1 0 1 0 0 1 0 1 0 1 0 1 0 1] | Precisión: 0.97
Distancia de Hamming: 1
--------------------------------------------------
Original     --> [0 1 1 1 0 0 0 1 1 0 1 1 0 0 0 0 0 0 0 0 1 1 1 1 0 0 1 0 1 0 1 1]
Reconstruido --> [0 1 1 1 0 0 0 1 1 0 1 1 0 1 0 0 1 0 1 0 1 1 1 1 0 0 1 0 0 0 1 1] | Precisión: 0.88
Distancia de Hamming: 4
--------------------------------------------------
La media de la precisión del descifrado es 0.9482
Distancia media de Hamming = 1.6592 | Número de bits: 32
Número de reconstrucciones perfectas = 3447



EVALUACIÓN CON 1200:

Original     --> [1 0 1 1 0 0 1 1 1 1 0 1 1 1 0 1 1 0 0 0 1 1 1 1 0 1 1 1 1 1 0 1]
Reconstruido --> [1 0 1 1 0 0 1 1 1 1 0 1 1 1 0 1 1 0 0 0 1 1 1 0 0 1 1 1 1 1 0 1] | Precisión: 0.97
Distancia de Hamming: 1
--------------------------------------------------
Original     --> [1 0 0 0 1 0 1 0 1 1 1 0 0 1 1 0 1 1 1 0 0 0 0 1 0 1 1 1 0 1 0 0]
Reconstruido --> [1 0 0 0 1 0 1 0 1 1 1 0 0 1 1 0 1 1 1 0 0 0 0 1 0 1 1 1 0 1 0 0] | Precisión: 1.00
Distancia de Hamming: 0
--------------------------------------------------
Original     --> [0 0 1 0 0 1 0 1 0 1 0 0 0 0 1 0 1 0 1 1 0 1 0 0 0 0 0 1 1 0 1 1]
Reconstruido --> [0 0 1 0 0 1 0 1 0 1 0 0 0 0 1 0 1 0 1 1 0 1 0 0 0 0 0 1 1 0 1 1] | Precisión: 1.00
Distancia de Hamming: 0
--------------------------------------------------
Original     --> [0 1 1 0 0 1 0 0 1 0 1 1 1 1 0 1 0 0 1 1 0 0 0 1 0 1 1 0 0 0 0 0]
Reconstruido --> [0 1 1 0 0 1 0 0 1 0 1 1 0 1 0 1 0 0 1 1 1 0 0 1 0 1 1 0 0 0 0 0] | Precisión: 0.94
Distancia de Hamming: 2
--------------------------------------------------
Original     --> [0 0 0 1 0 0 1 0 0 1 1 0 1 0 1 1 0 1 0 0 1 1 0 1 1 0 0 0 1 1 0 0]
Reconstruido --> [0 0 0 1 0 0 1 0 0 1 1 0 1 0 1 1 0 1 0 0 1 1 0 1 1 0 0 0 1 1 0 0] | Precisión: 1.00
Distancia de Hamming: 0
--------------------------------------------------
Original     --> [1 0 1 1 0 1 1 0 0 0 0 0 0 0 0 0 0 0 0 1 0 1 0 1 1 0 0 0 1 0 1 0]
Reconstruido --> [1 0 1 0 0 1 1 0 0 0 0 0 0 0 0 0 0 0 0 1 0 1 0 1 1 0 0 0 1 0 1 0] | Precisión: 0.97
Distancia de Hamming: 1
--------------------------------------------------
Original     --> [1 0 1 0 0 0 0 0 1 0 1 1 0 0 0 0 1 1 0 1 1 0 1 1 1 1 0 0 1 0 1 0]
Reconstruido --> [1 1 1 0 0 0 0 0 1 0 1 1 0 1 0 0 1 1 0 1 1 1 1 1 1 1 0 0 1 0 0 1] | Precisión: 0.84
Distancia de Hamming: 5
--------------------------------------------------
Original     --> [0 1 1 0 0 0 1 0 1 1 1 1 1 1 0 0 0 1 1 0 0 0 0 1 0 1 1 1 1 1 1 0]
Reconstruido --> [0 1 0 0 0 0 1 0 1 1 1 0 1 1 0 0 1 1 0 0 0 0 0 1 0 1 1 0 1 0 1 0] | Precisión: 0.81
Distancia de Hamming: 6
--------------------------------------------------
Original     --> [0 1 0 0 0 0 1 1 1 1 0 0 0 0 0 0 1 0 0 0 1 1 1 0 1 0 1 1 1 1 0 0]
Reconstruido --> [1 1 0 0 0 0 1 1 1 1 0 0 0 0 0 1 1 0 0 0 0 1 1 0 1 0 1 1 1 1 0 0] | Precisión: 0.91
Distancia de Hamming: 3
--------------------------------------------------
Original     --> [0 1 1 0 0 1 0 1 1 0 1 0 1 0 0 1 1 1 0 0 0 1 1 1 0 0 1 1 0 1 1 1]
Reconstruido --> [0 1 1 0 0 1 0 1 1 0 1 0 1 0 0 1 1 1 0 0 0 1 1 1 0 0 1 1 0 1 1 1] | Precisión: 1.00
Distancia de Hamming: 0
--------------------------------------------------
La media de la precisión del descifrado es 0.9547
Distancia media de Hamming = 1.4506 | Número de bits: 32
Número de reconstrucciones perfectas = 4067



EVALUACIÓN CON 1500:

Original     --> [1 0 0 0 1 1 0 0 1 1 1 1 1 0 1 1 0 0 0 1 0 0 1 0 0 1 1 0 1 1 0 0]
Reconstruido --> [1 0 0 0 1 1 0 0 1 1 1 1 1 0 1 1 0 0 0 1 0 0 1 0 0 1 1 0 1 1 0 0] | Precisión: 1.00
Distancia de Hamming: 0
--------------------------------------------------
Original     --> [0 1 0 0 0 0 0 0 1 1 0 1 0 1 0 1 1 0 0 0 1 0 1 0 0 1 1 0 1 0 1 0]
Reconstruido --> [0 0 0 0 0 0 0 0 1 1 0 1 0 1 0 1 1 0 0 0 1 0 1 0 0 1 1 0 1 0 1 0] | Precisión: 0.97
Distancia de Hamming: 1
--------------------------------------------------
Original     --> [0 1 0 1 1 0 0 0 1 0 0 0 0 1 0 1 0 1 1 0 1 0 0 0 0 0 0 0 0 1 0 0]
Reconstruido --> [0 1 0 1 1 0 0 0 1 0 0 0 0 1 0 1 0 1 1 0 1 0 0 1 0 0 0 0 0 1 0 0] | Precisión: 0.97
Distancia de Hamming: 1
--------------------------------------------------
Original     --> [0 0 0 0 0 0 0 0 1 0 0 1 0 0 1 1 1 0 0 1 1 0 1 1 0 0 1 1 0 0 1 1]
Reconstruido --> [0 0 0 0 0 0 0 0 1 0 0 1 0 0 1 1 1 0 0 1 1 0 1 1 0 1 1 1 0 0 1 1] | Precisión: 0.97
Distancia de Hamming: 1
--------------------------------------------------
Original     --> [0 1 1 1 0 1 1 0 0 1 0 1 0 0 1 0 0 0 0 1 0 0 1 1 0 0 0 1 0 1 1 1]
Reconstruido --> [0 1 1 1 0 1 1 0 0 1 0 1 1 0 1 0 0 0 0 1 1 0 1 1 0 1 0 1 0 1 1 1] | Precisión: 0.91
Distancia de Hamming: 3
--------------------------------------------------
Original     --> [0 1 0 0 1 0 0 1 0 0 1 1 0 1 0 1 0 0 0 0 0 0 0 1 0 0 0 0 0 0 1 1]
Reconstruido --> [0 1 0 0 1 0 1 1 0 0 1 1 0 1 0 1 0 0 0 0 0 0 0 1 0 0 0 1 0 0 1 1] | Precisión: 0.94
Distancia de Hamming: 2
--------------------------------------------------
Original     --> [1 1 1 0 1 1 0 1 1 0 0 0 1 0 0 0 1 1 1 0 0 0 1 1 1 1 1 1 1 0 1 1]
Reconstruido --> [1 1 1 0 1 0 0 1 1 0 0 0 1 0 0 0 1 1 1 0 0 0 1 1 1 1 1 1 0 0 1 1] | Precisión: 0.94
Distancia de Hamming: 2
--------------------------------------------------
Original     --> [0 0 0 0 0 1 0 0 0 0 1 0 1 0 0 1 1 0 0 1 1 1 0 1 1 0 1 0 0 0 0 0]
Reconstruido --> [0 0 0 0 0 1 0 0 0 0 1 0 1 0 0 1 1 0 0 1 1 1 0 1 1 0 1 0 0 0 0 0] | Precisión: 1.00
Distancia de Hamming: 0
--------------------------------------------------
Original     --> [0 1 1 0 1 1 1 0 0 0 0 1 0 1 0 0 1 0 0 0 0 0 1 1 0 0 1 1 0 0 0 0]
Reconstruido --> [0 1 1 0 1 1 1 1 0 0 0 1 0 1 1 1 1 0 0 0 0 0 0 1 0 0 1 1 0 0 0 0] | Precisión: 0.88
Distancia de Hamming: 4
--------------------------------------------------
Original     --> [1 0 1 1 0 1 1 1 0 1 1 1 0 1 0 1 1 1 0 0 0 1 0 0 1 1 1 1 1 0 1 0]
Reconstruido --> [1 0 1 1 0 1 1 1 0 1 1 1 0 1 0 1 1 1 0 0 0 1 0 0 1 1 1 1 1 0 1 0] | Precisión: 1.00
Distancia de Hamming: 0
--------------------------------------------------
La media de la precisión del descifrado es 0.9556
Distancia media de Hamming = 1.4208 | Número de bits: 32
Número de reconstrucciones perfectas = 4283



EVALUACIÓN CON 1800:

Original     --> [1 1 0 1 0 1 1 1 1 1 0 0 0 0 0 1 1 1 1 1 0 1 1 1 0 1 0 0 1 0 1 1]
Reconstruido --> [1 1 0 1 0 1 1 1 1 1 0 0 0 0 0 1 1 1 1 1 0 1 1 1 0 1 0 0 1 0 1 1] | Precisión: 1.00
Distancia de Hamming: 0
--------------------------------------------------
Original     --> [0 1 0 0 0 0 0 0 0 0 0 0 0 1 1 1 1 0 1 0 1 1 0 1 1 1 0 1 1 0 0 1]
Reconstruido --> [0 1 0 0 0 0 0 0 0 0 0 0 0 1 1 1 1 0 1 0 1 1 0 1 1 1 0 1 1 0 0 1] | Precisión: 1.00
Distancia de Hamming: 0
--------------------------------------------------
Original     --> [1 0 0 0 0 1 1 1 1 1 1 1 1 0 0 1 1 0 0 1 1 1 0 0 1 1 0 0 1 1 1 1]
Reconstruido --> [1 0 0 0 0 1 1 1 1 1 1 1 1 0 0 1 1 0 0 1 1 1 0 0 1 1 0 0 1 1 1 1] | Precisión: 1.00
Distancia de Hamming: 0
--------------------------------------------------
Original     --> [0 1 0 1 0 0 0 0 1 0 0 0 0 0 1 1 0 0 0 1 1 0 1 1 0 0 0 0 0 1 0 0]
Reconstruido --> [0 1 0 1 0 0 0 0 1 0 0 0 0 0 1 1 0 0 0 1 1 0 1 1 0 0 0 0 0 1 0 0] | Precisión: 1.00
Distancia de Hamming: 0
--------------------------------------------------
Original     --> [1 1 0 1 1 0 1 0 1 1 0 0 1 1 0 1 0 1 0 1 0 1 1 1 0 1 0 0 1 1 0 0]
Reconstruido --> [1 1 0 1 1 0 1 0 1 1 0 0 1 1 0 1 0 1 0 1 0 1 1 1 0 1 0 0 1 1 0 0] | Precisión: 1.00
Distancia de Hamming: 0
--------------------------------------------------
Original     --> [1 0 0 1 0 1 1 0 1 0 0 0 0 0 1 1 0 0 0 1 1 0 0 0 1 0 1 0 1 1 0 1]
Reconstruido --> [1 0 0 1 0 0 1 0 1 0 0 0 0 0 1 1 0 0 0 1 1 0 0 0 1 0 1 0 1 1 0 1] | Precisión: 0.97
Distancia de Hamming: 1
--------------------------------------------------
Original     --> [0 0 1 1 0 1 0 0 1 1 0 0 0 0 0 1 1 0 0 1 0 0 0 0 1 0 1 0 0 1 1 1]
Reconstruido --> [0 0 0 1 0 1 0 0 1 1 0 0 1 0 0 1 1 0 0 1 0 0 0 0 1 0 1 1 0 1 1 1] | Precisión: 0.91
Distancia de Hamming: 3
--------------------------------------------------
Original     --> [0 0 1 0 1 0 1 1 0 1 1 1 0 0 0 1 1 1 0 1 0 1 0 0 1 0 1 1 1 1 1 0]
Reconstruido --> [0 0 1 0 1 0 1 1 0 1 1 0 0 0 0 1 1 1 0 1 1 1 0 0 1 0 1 1 1 1 1 0] | Precisión: 0.94
Distancia de Hamming: 2
--------------------------------------------------
Original     --> [0 0 0 0 0 1 0 1 0 1 0 1 1 1 1 1 0 1 0 1 1 1 0 0 0 1 0 1 0 0 1 0]
Reconstruido --> [0 0 0 0 0 1 0 1 0 1 0 0 1 1 1 1 1 0 0 1 1 1 0 0 0 1 0 1 0 0 1 0] | Precisión: 0.91
Distancia de Hamming: 3
--------------------------------------------------
Original     --> [0 1 0 1 1 1 0 1 0 0 1 1 0 0 1 0 1 0 1 0 1 0 0 0 1 1 1 1 0 1 1 1]
Reconstruido --> [1 0 0 1 1 1 0 1 0 0 1 1 0 0 1 0 1 0 1 0 1 0 0 0 1 1 1 1 0 1 1 1] | Precisión: 0.94
Distancia de Hamming: 2
--------------------------------------------------
La media de la precisión del descifrado es 0.9560
Distancia media de Hamming = 1.4066 | Número de bits: 32
Número de reconstrucciones perfectas = 4356



EVALUACIÓN CON 2100:

Original     --> [0 0 1 1 1 0 0 1 0 1 1 0 1 0 0 1 0 1 0 1 1 0 0 1 1 0 0 1 1 1 1 0]
Reconstruido --> [0 0 1 1 1 0 1 1 0 1 1 0 1 0 0 1 0 1 0 1 1 0 0 1 1 0 0 1 1 1 1 0] | Precisión: 0.97
Distancia de Hamming: 1
--------------------------------------------------
Original     --> [1 1 1 0 1 1 1 0 1 1 0 1 1 0 1 1 1 0 1 0 1 1 1 0 0 1 0 1 0 1 1 1]
Reconstruido --> [1 1 1 0 1 1 1 0 1 1 0 1 1 0 1 1 1 0 1 0 1 1 1 0 0 1 0 1 0 1 1 1] | Precisión: 1.00
Distancia de Hamming: 0
--------------------------------------------------
Original     --> [0 0 1 0 0 0 0 0 1 0 0 0 1 0 0 0 0 1 0 0 0 0 1 1 1 1 1 0 1 0 1 0]
Reconstruido --> [0 0 1 0 0 0 0 0 1 0 0 0 1 0 0 0 0 1 0 0 0 0 1 1 1 1 1 0 1 0 1 0] | Precisión: 1.00
Distancia de Hamming: 0
--------------------------------------------------
Original     --> [1 1 1 1 1 0 1 1 0 1 0 1 0 1 0 1 1 0 1 1 1 0 0 0 1 0 0 0 1 0 1 0]
Reconstruido --> [1 1 1 1 1 0 1 1 0 1 0 1 0 1 0 1 1 0 1 1 1 0 0 0 1 0 0 0 1 1 1 0] | Precisión: 0.97
Distancia de Hamming: 1
--------------------------------------------------
Original     --> [0 1 1 0 1 0 0 0 0 0 0 1 1 1 0 0 1 1 0 0 1 0 1 0 0 1 0 0 0 1 1 0]
Reconstruido --> [0 1 1 0 1 0 0 0 1 0 0 1 1 1 0 0 0 1 0 0 1 0 1 0 0 0 0 0 0 1 1 0] | Precisión: 0.91
Distancia de Hamming: 3
--------------------------------------------------
Original     --> [0 1 0 1 1 1 0 0 1 0 0 1 0 1 0 1 0 0 0 1 1 0 1 1 1 0 0 1 0 1 0 1]
Reconstruido --> [0 1 0 1 1 1 0 0 1 0 0 1 0 1 0 1 0 0 0 1 1 0 1 1 1 0 0 1 0 1 0 1] | Precisión: 1.00
Distancia de Hamming: 0
--------------------------------------------------
Original     --> [1 0 1 1 0 0 0 1 0 0 1 0 0 0 1 0 0 0 0 0 0 0 0 0 1 0 1 0 1 1 1 0]
Reconstruido --> [1 0 1 1 0 0 0 1 0 0 0 0 0 0 0 0 0 0 0 0 0 0 0 0 1 0 1 0 1 1 1 0] | Precisión: 0.94
Distancia de Hamming: 2
--------------------------------------------------
Original     --> [0 0 0 0 0 1 0 1 1 0 0 0 1 0 1 0 0 0 1 0 0 0 0 1 1 1 1 1 1 0 1 1]
Reconstruido --> [0 0 0 0 0 1 0 1 1 0 0 0 1 0 1 0 0 0 1 0 0 0 0 1 0 1 1 1 1 0 1 1] | Precisión: 0.97
Distancia de Hamming: 1
--------------------------------------------------
Original     --> [1 0 0 1 1 1 0 1 1 0 0 1 0 0 0 1 0 1 0 0 0 0 1 0 1 1 0 0 0 1 0 0]
Reconstruido --> [1 0 0 1 1 1 0 1 1 0 0 1 0 0 0 1 0 1 0 0 0 0 1 0 1 1 0 0 0 1 0 0] | Precisión: 1.00
Distancia de Hamming: 0
--------------------------------------------------
Original     --> [1 0 0 0 0 1 0 1 1 0 0 1 0 0 0 0 0 1 1 1 1 1 1 1 1 0 1 1 1 1 1 0]
Reconstruido --> [1 0 0 0 0 1 0 1 1 0 0 1 0 0 0 0 0 1 1 1 1 1 1 1 0 0 1 1 1 1 1 0] | Precisión: 0.97
Distancia de Hamming: 1
--------------------------------------------------
La media de la precisión del descifrado es 0.9690
Distancia media de Hamming = 0.9910 | Número de bits: 32
Número de reconstrucciones perfectas = 5711



EVALUACIÓN CON 2400:

Original     --> [1 1 1 0 0 0 0 0 0 1 0 1 0 1 1 0 0 0 0 0 0 0 0 1 1 1 1 0 0 0 1 1]
Reconstruido --> [1 1 1 0 0 0 0 0 0 1 0 1 0 1 1 0 0 0 0 0 0 0 0 1 1 1 1 0 0 0 1 1] | Precisión: 1.00
Distancia de Hamming: 0
--------------------------------------------------
Original     --> [1 1 1 1 0 1 0 0 0 1 0 0 0 0 0 0 0 1 0 0 1 0 1 0 0 0 0 0 0 0 1 0]
Reconstruido --> [1 1 1 1 0 1 0 0 0 1 0 0 0 0 0 0 0 1 0 0 1 0 1 0 0 0 0 0 0 0 1 0] | Precisión: 1.00
Distancia de Hamming: 0
--------------------------------------------------
Original     --> [0 0 1 1 1 1 1 1 0 0 0 1 0 0 1 0 1 1 0 1 1 0 0 0 1 0 1 0 0 0 0 0]
Reconstruido --> [0 0 1 1 1 1 1 1 0 0 0 1 0 0 1 0 1 1 0 1 1 0 1 0 1 0 1 0 0 0 0 0] | Precisión: 0.97
Distancia de Hamming: 1
--------------------------------------------------
Original     --> [0 1 0 0 0 1 1 0 1 1 1 1 1 1 1 0 1 0 0 1 1 0 0 1 0 0 1 0 0 0 1 0]
Reconstruido --> [0 1 0 0 0 1 1 0 1 1 1 1 1 1 1 0 1 0 0 1 1 0 0 1 0 0 1 0 0 0 1 0] | Precisión: 1.00
Distancia de Hamming: 0
--------------------------------------------------
Original     --> [0 0 0 0 0 1 0 0 1 0 1 0 1 1 0 0 0 1 1 1 1 0 1 1 1 0 0 0 1 0 1 0]
Reconstruido --> [0 0 0 0 0 1 0 0 1 0 1 0 1 1 0 0 0 1 1 1 1 0 1 1 1 0 0 0 1 0 1 0] | Precisión: 1.00
Distancia de Hamming: 0
--------------------------------------------------
Original     --> [1 1 0 1 0 0 0 0 1 0 0 1 0 0 1 0 0 1 0 0 0 0 1 0 1 0 0 1 0 1 0 0]
Reconstruido --> [1 1 0 1 0 0 0 0 1 0 0 1 0 0 1 0 0 1 0 0 0 0 1 0 1 0 0 1 0 1 0 0] | Precisión: 1.00
Distancia de Hamming: 0
--------------------------------------------------
Original     --> [1 0 0 0 0 0 0 1 0 0 0 0 1 0 1 0 0 1 0 1 1 0 1 0 0 1 0 1 1 1 0 0]
Reconstruido --> [1 0 0 0 0 0 0 1 0 0 0 0 1 0 1 0 0 1 0 1 1 0 1 0 0 1 0 1 1 1 0 0] | Precisión: 1.00
Distancia de Hamming: 0
--------------------------------------------------
Original     --> [0 0 0 0 0 0 1 1 1 0 0 1 0 1 0 1 1 0 0 1 0 1 1 1 0 0 0 0 0 1 1 1]
Reconstruido --> [0 0 0 0 0 0 1 1 1 0 0 1 0 1 0 1 1 0 0 1 0 1 1 1 0 0 0 0 0 1 1 1] | Precisión: 1.00
Distancia de Hamming: 0
--------------------------------------------------
Original     --> [0 1 1 0 1 1 1 0 0 1 0 0 1 0 1 1 0 0 0 1 0 0 0 0 1 1 1 0 1 0 1 1]
Reconstruido --> [0 1 1 0 1 1 1 1 0 1 0 0 1 0 1 1 0 0 0 0 0 0 0 0 1 1 1 0 1 0 1 1] | Precisión: 0.94
Distancia de Hamming: 2
--------------------------------------------------
Original     --> [1 0 0 1 1 1 1 0 1 1 1 1 1 1 0 1 0 0 0 1 0 1 0 0 0 1 1 0 0 1 1 0]
Reconstruido --> [1 0 0 1 1 1 1 0 1 1 1 1 1 1 0 1 0 0 0 1 0 1 0 0 0 1 1 0 0 1 1 0] | Precisión: 1.00
Distancia de Hamming: 0
--------------------------------------------------
La media de la precisión del descifrado es 0.9719
Distancia media de Hamming = 0.9000 | Número de bits: 32
Número de reconstrucciones perfectas = 5991



EVALUACIÓN CON 2700:

Original     --> [1 0 0 0 1 1 1 0 1 0 1 0 1 1 1 0 1 1 0 1 1 1 1 0 0 0 0 0 1 1 0 1]
Reconstruido --> [1 0 0 0 1 1 1 0 1 0 1 0 1 1 1 0 1 1 0 1 1 1 1 0 0 0 0 0 1 1 0 1] | Precisión: 1.00
Distancia de Hamming: 0
--------------------------------------------------
Original     --> [0 1 1 1 1 1 0 0 1 1 1 1 1 1 1 0 1 0 1 0 1 1 1 1 0 1 0 0 1 0 1 0]
Reconstruido --> [0 1 1 1 1 1 0 0 1 1 1 1 1 1 1 0 1 0 1 0 1 1 1 1 0 1 0 0 1 0 1 0] | Precisión: 1.00
Distancia de Hamming: 0
--------------------------------------------------
Original     --> [0 0 0 0 1 1 0 1 0 0 1 1 0 1 0 1 1 1 1 0 1 0 1 0 1 0 0 1 0 1 1 0]
Reconstruido --> [0 0 0 0 1 1 0 1 0 0 1 1 0 1 0 1 1 1 1 0 1 0 1 0 1 0 0 1 0 1 1 0] | Precisión: 1.00
Distancia de Hamming: 0
--------------------------------------------------
Original     --> [0 1 0 0 0 1 0 0 1 1 1 1 0 1 0 0 0 0 1 1 1 1 1 0 1 0 1 1 1 0 1 0]
Reconstruido --> [0 1 0 0 0 1 0 1 0 1 1 1 0 1 1 0 0 0 1 1 0 1 1 1 1 0 1 1 1 0 1 0] | Precisión: 0.84
Distancia de Hamming: 5
--------------------------------------------------
Original     --> [0 1 1 1 1 0 0 0 1 0 0 0 0 1 0 0 0 1 1 0 1 0 1 1 0 1 1 0 0 0 1 1]
Reconstruido --> [0 1 1 1 1 0 0 0 1 0 0 0 0 1 0 0 0 1 1 0 1 0 1 1 0 1 1 0 0 0 1 1] | Precisión: 1.00
Distancia de Hamming: 0
--------------------------------------------------
Original     --> [0 0 1 0 0 0 1 0 1 0 0 1 0 1 1 0 1 0 1 0 0 0 1 0 1 0 0 0 1 1 1 1]
Reconstruido --> [0 0 1 0 0 0 1 0 1 0 0 1 0 1 1 0 1 0 0 0 0 0 1 0 1 0 0 0 1 1 1 1] | Precisión: 0.97
Distancia de Hamming: 1
--------------------------------------------------
Original     --> [0 1 1 1 1 0 0 1 0 1 1 0 1 0 1 0 1 0 0 1 0 1 0 1 0 0 0 1 0 1 0 1]
Reconstruido --> [0 1 1 1 1 0 0 1 1 1 1 0 1 0 0 0 1 0 0 1 0 1 0 1 1 0 0 1 0 1 0 1] | Precisión: 0.91
Distancia de Hamming: 3
--------------------------------------------------
Original     --> [0 1 0 1 1 0 0 1 0 1 1 0 1 1 1 0 1 0 1 0 0 0 1 1 0 1 0 1 1 1 0 1]
Reconstruido --> [0 1 0 1 1 0 0 1 0 1 1 0 1 1 1 0 1 0 1 0 0 0 1 1 0 1 0 1 1 1 0 1] | Precisión: 1.00
Distancia de Hamming: 0
--------------------------------------------------
Original     --> [0 1 1 0 1 1 0 0 0 0 1 0 0 1 1 1 1 0 1 0 1 1 1 0 0 1 0 1 1 1 1 1]
Reconstruido --> [0 1 1 0 1 1 0 0 0 0 1 0 0 1 1 1 1 0 1 0 1 1 1 0 0 1 0 1 1 1 1 1] | Precisión: 1.00
Distancia de Hamming: 0
--------------------------------------------------
Original     --> [0 1 0 0 1 0 0 0 1 0 1 0 1 0 0 1 1 1 0 0 0 0 0 1 0 0 0 1 1 1 0 0]
Reconstruido --> [0 1 0 0 1 0 0 0 1 0 1 0 1 0 0 1 1 1 0 0 0 0 0 1 0 0 0 1 1 1 0 0] | Precisión: 1.00
Distancia de Hamming: 0
--------------------------------------------------
La media de la precisión del descifrado es 0.9891
Distancia media de Hamming = 0.3492 | Número de bits: 32
Número de reconstrucciones perfectas = 8234



EVALUACIÓN CON 3000:

Original     --> [0 0 0 1 0 0 0 0 0 1 1 0 1 1 1 1 1 0 1 0 0 1 1 0 1 0 1 0 0 1 0 1]
Reconstruido --> [0 0 0 1 0 0 0 0 0 1 1 0 1 1 1 1 1 0 1 0 0 1 1 0 1 0 1 0 0 1 0 1] | Precisión: 1.00
Distancia de Hamming: 0
--------------------------------------------------
Original     --> [0 1 1 0 0 1 0 1 1 0 1 1 1 0 1 0 0 0 0 0 1 1 1 0 0 1 1 0 1 1 0 1]
Reconstruido --> [0 1 0 0 0 1 0 1 1 0 1 1 1 0 1 0 0 0 0 0 1 1 1 0 0 1 1 0 1 1 1 1] | Precisión: 0.94
Distancia de Hamming: 2
--------------------------------------------------
Original     --> [0 1 0 0 1 0 1 0 0 0 1 0 1 0 1 1 0 0 0 1 0 0 1 0 1 1 1 0 1 1 1 0]
Reconstruido --> [0 1 0 0 1 0 1 0 0 0 1 0 1 0 1 1 0 0 0 1 0 0 1 0 1 1 1 0 1 1 1 0] | Precisión: 1.00
Distancia de Hamming: 0
--------------------------------------------------
Original     --> [0 1 0 1 1 0 1 1 0 1 1 0 1 0 1 0 0 0 0 0 1 1 0 0 1 0 1 0 0 1 0 1]
Reconstruido --> [0 1 0 1 1 0 1 1 0 1 1 0 1 0 1 0 0 0 0 0 1 1 0 0 1 0 1 0 0 1 0 1] | Precisión: 1.00
Distancia de Hamming: 0
--------------------------------------------------
Original     --> [1 1 1 0 0 0 1 1 0 1 1 1 1 0 1 1 0 1 1 1 1 1 1 0 1 1 1 1 0 1 0 1]
Reconstruido --> [1 1 1 0 0 0 1 1 0 1 1 1 1 0 1 1 0 1 1 1 1 1 1 0 1 1 1 1 0 1 0 1] | Precisión: 1.00
Distancia de Hamming: 0
--------------------------------------------------
Original     --> [0 0 1 0 1 0 1 1 0 1 0 1 0 0 1 0 0 1 1 1 1 0 1 0 1 1 1 0 1 0 0 1]
Reconstruido --> [0 0 1 0 1 0 1 1 0 1 0 1 0 0 1 0 0 1 1 1 1 0 1 0 1 1 1 0 1 0 0 1] | Precisión: 1.00
Distancia de Hamming: 0
--------------------------------------------------
Original     --> [0 0 0 0 0 0 0 0 1 1 0 1 0 1 0 0 0 0 0 1 0 0 1 1 1 0 1 1 1 1 1 1]
Reconstruido --> [0 0 0 0 0 0 0 0 1 1 0 1 0 1 0 0 0 0 0 1 0 0 1 1 1 0 1 1 1 1 1 1] | Precisión: 1.00
Distancia de Hamming: 0
--------------------------------------------------
Original     --> [0 0 0 0 0 0 1 1 1 1 0 1 1 1 0 1 1 1 0 0 0 0 1 1 0 1 1 0 1 0 1 1]
Reconstruido --> [0 0 0 0 0 0 1 1 1 0 0 1 1 1 0 1 1 1 0 0 0 1 1 1 0 1 1 0 1 1 1 1] | Precisión: 0.91
Distancia de Hamming: 3
--------------------------------------------------
Original     --> [0 0 0 0 1 1 0 1 1 0 1 0 0 1 1 1 0 1 1 0 0 0 1 0 0 0 0 1 0 0 0 0]
Reconstruido --> [0 0 0 0 1 1 0 1 1 0 1 0 0 1 1 1 0 1 1 0 0 0 1 0 0 0 0 1 0 0 0 0] | Precisión: 1.00
Distancia de Hamming: 0
--------------------------------------------------
Original     --> [1 0 0 1 1 1 0 1 1 0 1 1 1 0 1 0 1 0 0 1 0 1 1 1 0 1 0 0 0 1 0 1]
Reconstruido --> [1 0 0 1 1 1 0 1 1 0 1 1 1 0 1 0 1 0 0 1 0 1 1 1 0 1 1 0 0 1 0 1] | Precisión: 0.97
Distancia de Hamming: 1
--------------------------------------------------
La media de la precisión del descifrado es 0.9801
Distancia media de Hamming = 0.6372 | Número de bits: 32
Número de reconstrucciones perfectas = 7041



EVALUACIÓN CON 3300:

Original     --> [0 0 0 0 0 0 0 0 0 0 0 0 0 0 0 1 1 0 1 0 0 0 1 0 1 1 1 0 1 1 1 1]
Reconstruido --> [0 1 0 0 0 0 1 0 0 0 0 0 0 0 1 1 1 0 0 0 0 0 0 0 1 1 1 0 1 1 1 1] | Precisión: 0.84
Distancia de Hamming: 5
--------------------------------------------------
Original     --> [0 1 1 1 1 1 0 1 1 0 0 0 0 1 1 0 0 0 1 1 0 0 1 0 0 0 1 1 0 1 0 0]
Reconstruido --> [0 1 1 1 1 0 0 1 1 0 1 0 0 0 1 0 0 0 1 1 0 0 1 0 1 0 1 1 0 1 0 0] | Precisión: 0.88
Distancia de Hamming: 4
--------------------------------------------------
Original     --> [0 1 0 1 0 1 1 0 0 0 0 1 1 1 0 1 0 1 0 1 0 0 0 1 1 0 0 0 1 1 0 1]
Reconstruido --> [0 1 0 1 0 1 1 0 0 0 0 1 1 1 0 1 0 1 0 1 0 0 0 1 1 0 0 0 1 1 0 1] | Precisión: 1.00
Distancia de Hamming: 0
--------------------------------------------------
Original     --> [1 0 1 0 0 0 1 0 0 1 0 0 1 1 0 1 1 0 0 1 1 1 0 0 0 1 0 1 1 0 1 1]
Reconstruido --> [1 0 1 0 0 0 1 0 0 1 0 0 1 1 0 1 1 0 0 1 1 1 0 0 0 1 0 1 1 0 1 1] | Precisión: 1.00
Distancia de Hamming: 0
--------------------------------------------------
Original     --> [0 0 0 0 0 0 0 1 0 1 1 1 0 0 1 1 0 0 0 1 1 0 0 0 0 1 1 0 1 1 0 0]
Reconstruido --> [0 0 0 0 0 0 0 1 0 1 1 1 0 0 1 1 0 0 0 1 1 0 0 0 0 1 1 0 1 1 0 0] | Precisión: 1.00
Distancia de Hamming: 0
--------------------------------------------------
Original     --> [0 1 0 0 1 0 0 0 0 0 0 0 0 0 0 1 1 1 1 0 1 1 1 0 0 1 1 0 0 0 0 0]
Reconstruido --> [0 1 0 0 1 0 1 0 0 0 0 0 0 0 0 1 1 1 1 0 1 1 1 0 0 1 1 0 0 0 0 0] | Precisión: 0.97
Distancia de Hamming: 1
--------------------------------------------------
Original     --> [1 0 0 1 1 1 1 1 0 0 1 0 0 0 1 0 1 0 0 1 0 0 0 1 0 1 1 1 1 1 0 1]
Reconstruido --> [1 0 0 1 1 1 1 1 1 1 1 0 1 0 1 0 1 0 0 1 0 0 0 1 0 1 1 1 1 1 0 1] | Precisión: 0.91
Distancia de Hamming: 3
--------------------------------------------------
Original     --> [1 1 1 0 0 0 1 0 1 0 0 1 1 1 0 1 0 1 0 1 0 1 0 1 1 0 1 0 0 0 1 0]
Reconstruido --> [1 1 1 0 0 0 1 0 1 0 0 1 1 1 0 1 0 1 0 1 0 1 1 1 1 0 1 0 0 0 1 0] | Precisión: 0.97
Distancia de Hamming: 1
--------------------------------------------------
Original     --> [0 1 1 1 1 0 0 0 0 1 0 1 0 1 1 0 0 0 1 1 0 0 1 1 0 1 1 0 0 0 1 1]
Reconstruido --> [0 1 1 1 1 0 0 0 0 1 0 1 0 1 1 0 0 0 1 1 0 0 1 1 0 1 1 0 0 0 1 1] | Precisión: 1.00
Distancia de Hamming: 0
--------------------------------------------------
Original     --> [1 0 1 0 1 1 1 0 1 0 1 0 0 1 0 1 1 1 0 1 0 1 1 0 0 0 1 1 1 0 1 0]
Reconstruido --> [1 0 1 0 1 0 1 0 1 0 1 0 0 1 0 1 1 1 0 1 0 1 1 0 1 0 1 1 1 0 1 0] | Precisión: 0.94
Distancia de Hamming: 2
--------------------------------------------------
La media de la precisión del descifrado es 0.9698
Distancia media de Hamming = 0.9665 | Número de bits: 32
Número de reconstrucciones perfectas = 5908



EVALUACIÓN CON 3600:

Original     --> [1 0 0 1 1 1 1 0 0 0 1 0 0 1 1 0 1 0 1 0 0 0 0 0 0 1 0 0 0 0 1 1]
Reconstruido --> [1 0 0 1 1 1 1 0 0 0 1 0 0 1 1 0 1 0 1 0 0 0 0 0 0 1 0 0 0 0 1 1] | Precisión: 1.00
Distancia de Hamming: 0
--------------------------------------------------
Original     --> [1 1 1 1 1 1 1 0 1 1 0 0 1 0 0 0 0 0 1 0 0 1 1 0 1 1 0 0 0 1 1 0]
Reconstruido --> [1 1 1 1 1 1 1 0 1 1 0 0 1 0 0 0 0 0 1 0 0 1 1 0 1 1 0 0 0 1 1 0] | Precisión: 1.00
Distancia de Hamming: 0
--------------------------------------------------
Original     --> [1 0 0 0 0 0 1 0 1 0 0 1 1 1 1 1 0 1 1 1 0 0 1 1 1 0 0 0 1 0 1 0]
Reconstruido --> [1 0 0 0 0 0 1 0 1 0 0 1 1 1 1 1 0 1 1 1 0 0 1 1 1 0 0 0 1 0 1 0] | Precisión: 1.00
Distancia de Hamming: 0
--------------------------------------------------
Original     --> [0 0 1 1 0 0 1 1 0 1 1 1 1 0 1 1 1 0 1 1 1 1 0 0 0 0 0 1 1 1 1 0]
Reconstruido --> [0 0 1 1 0 0 1 1 0 1 1 1 1 0 1 1 1 0 1 1 1 1 0 0 0 0 0 1 1 1 1 0] | Precisión: 1.00
Distancia de Hamming: 0
--------------------------------------------------
Original     --> [0 1 1 1 0 1 1 1 0 1 0 0 0 0 1 0 0 0 0 0 1 1 1 1 1 0 1 0 1 1 1 0]
Reconstruido --> [0 1 1 1 0 1 1 1 0 1 0 0 0 0 1 0 0 0 0 0 1 1 1 1 1 0 1 0 1 1 1 0] | Precisión: 1.00
Distancia de Hamming: 0
--------------------------------------------------
Original     --> [1 0 1 0 0 0 1 1 1 1 0 1 1 0 1 1 0 1 0 0 1 1 0 0 0 0 0 1 0 1 1 1]
Reconstruido --> [1 0 1 0 0 0 1 1 1 1 0 1 1 0 1 1 0 1 0 0 1 1 0 0 0 0 0 1 0 1 1 1] | Precisión: 1.00
Distancia de Hamming: 0
--------------------------------------------------
Original     --> [1 0 0 0 1 1 0 1 1 1 1 1 1 1 0 1 0 0 1 0 1 1 1 1 0 0 1 0 1 0 1 0]
Reconstruido --> [1 0 0 0 1 1 0 1 1 1 1 1 1 1 0 1 0 0 1 0 1 1 1 1 0 0 1 0 1 0 1 0] | Precisión: 1.00
Distancia de Hamming: 0
--------------------------------------------------
Original     --> [1 1 0 0 1 1 0 0 1 1 0 1 0 1 1 0 0 0 1 1 1 0 1 0 1 1 1 1 1 0 1 0]
Reconstruido --> [1 1 0 1 1 1 0 0 1 1 0 1 0 1 1 0 0 0 1 1 1 0 1 0 1 1 1 1 1 0 1 0] | Precisión: 0.97
Distancia de Hamming: 1
--------------------------------------------------
Original     --> [0 1 1 0 1 0 1 0 0 0 1 1 0 1 0 1 1 0 1 1 0 1 0 0 0 0 0 0 1 0 0 0]
Reconstruido --> [0 1 1 0 1 0 1 0 0 0 1 1 0 1 0 1 1 0 1 1 0 1 0 0 0 0 0 0 1 0 0 0] | Precisión: 1.00
Distancia de Hamming: 0
--------------------------------------------------
Original     --> [0 0 0 0 1 0 1 0 0 0 0 1 0 1 1 1 1 1 0 1 1 0 0 0 1 1 0 0 0 1 0 1]
Reconstruido --> [0 0 0 0 1 0 1 0 0 0 0 1 0 1 1 1 1 1 0 1 1 0 0 0 1 1 0 0 0 1 0 1] | Precisión: 1.00
Distancia de Hamming: 0
--------------------------------------------------
La media de la precisión del descifrado es 0.9802
Distancia media de Hamming = 0.6330 | Número de bits: 32
Número de reconstrucciones perfectas = 7202



EVALUACIÓN CON 3900:

Original     --> [0 0 1 1 1 1 1 0 1 0 0 0 1 1 1 1 0 0 0 0 1 0 1 1 0 0 0 0 0 1 0 0]
Reconstruido --> [0 0 0 1 1 1 1 0 1 0 0 0 1 1 1 1 0 0 0 0 1 0 1 1 0 0 0 0 0 1 0 0] | Precisión: 0.97
Distancia de Hamming: 1
--------------------------------------------------
Original     --> [0 0 1 0 1 1 1 0 1 1 0 1 1 0 0 1 1 1 1 0 0 1 1 1 1 0 1 1 1 0 1 0]
Reconstruido --> [0 0 1 0 1 1 1 0 1 1 0 1 1 0 0 1 1 1 1 0 0 1 1 1 1 0 1 1 1 0 1 0] | Precisión: 1.00
Distancia de Hamming: 0
--------------------------------------------------
Original     --> [1 0 1 1 0 1 0 1 1 1 1 1 0 1 0 0 1 1 1 1 0 1 1 0 0 1 1 1 1 0 1 0]
Reconstruido --> [1 0 1 1 0 1 0 1 1 1 1 1 0 1 0 0 1 1 1 1 0 1 1 0 0 1 1 1 1 0 1 0] | Precisión: 1.00
Distancia de Hamming: 0
--------------------------------------------------
Original     --> [1 1 1 1 1 0 0 1 1 1 0 1 0 0 1 1 1 1 1 1 0 0 1 0 0 1 1 1 1 0 1 0]
Reconstruido --> [1 1 1 1 1 0 0 1 1 1 0 1 0 0 1 1 1 1 1 1 0 0 1 0 0 1 1 1 1 0 1 0] | Precisión: 1.00
Distancia de Hamming: 0
--------------------------------------------------
Original     --> [0 1 0 1 0 0 1 0 0 1 0 1 0 0 1 0 0 1 0 0 0 1 1 1 0 0 1 0 0 1 0 1]
Reconstruido --> [0 1 0 1 0 0 1 0 0 1 0 1 0 0 1 0 0 1 0 0 0 1 1 1 0 0 1 0 0 1 0 1] | Precisión: 1.00
Distancia de Hamming: 0
--------------------------------------------------
Original     --> [0 0 1 0 0 1 0 0 0 0 0 0 0 1 1 0 0 0 1 1 1 1 0 1 0 1 0 0 0 0 1 1]
Reconstruido --> [0 0 1 0 0 1 0 0 0 0 0 0 0 0 1 0 0 0 1 1 1 1 0 1 0 1 0 0 0 0 1 1] | Precisión: 0.97
Distancia de Hamming: 1
--------------------------------------------------
Original     --> [1 0 1 1 0 1 0 1 1 0 0 1 1 1 0 0 1 0 0 0 1 1 1 1 1 0 1 1 1 1 1 0]
Reconstruido --> [1 0 1 1 0 1 0 1 1 0 0 1 1 1 0 0 1 0 0 0 1 1 1 1 1 0 1 1 1 1 1 0] | Precisión: 1.00
Distancia de Hamming: 0
--------------------------------------------------
Original     --> [1 0 0 1 1 0 0 0 1 0 0 0 1 1 1 1 0 1 0 1 0 1 1 1 0 1 0 1 1 0 1 1]
Reconstruido --> [1 0 0 1 1 0 0 0 1 0 0 0 1 1 1 1 0 1 0 1 0 1 1 1 0 1 0 1 1 0 1 1] | Precisión: 1.00
Distancia de Hamming: 0
--------------------------------------------------
Original     --> [0 0 1 1 0 0 0 1 0 0 0 0 1 0 1 0 1 0 0 0 0 0 0 1 0 0 1 0 0 0 1 1]
Reconstruido --> [0 0 1 1 0 0 0 1 0 0 0 0 1 0 1 0 1 0 0 0 0 0 0 1 0 0 1 0 0 0 1 1] | Precisión: 1.00
Distancia de Hamming: 0
--------------------------------------------------
Original     --> [0 0 1 1 1 0 0 1 0 1 0 0 0 0 0 1 0 0 0 0 0 1 1 0 0 1 0 0 0 0 1 0]
Reconstruido --> [0 0 1 1 1 0 0 1 0 1 0 0 0 0 0 1 0 0 0 0 0 0 1 0 0 1 0 0 0 0 1 1] | Precisión: 0.94
Distancia de Hamming: 2
--------------------------------------------------
La media de la precisión del descifrado es 0.9798
Distancia media de Hamming = 0.6450 | Número de bits: 32
Número de reconstrucciones perfectas = 7105



EVALUACIÓN CON 4200:

Original     --> [0 1 1 1 1 1 1 1 1 0 1 1 0 0 1 1 0 1 0 1 1 1 0 0 0 0 1 0 1 0 0 1]
Reconstruido --> [0 1 1 1 1 1 1 1 1 0 1 1 0 0 1 1 0 1 0 1 1 1 0 0 0 0 1 0 1 0 0 1] | Precisión: 1.00
Distancia de Hamming: 0
--------------------------------------------------
Original     --> [1 1 1 1 1 0 1 0 0 0 1 1 0 1 1 1 1 0 0 1 0 1 0 0 0 1 0 1 1 0 0 1]
Reconstruido --> [1 1 1 1 1 0 1 0 0 0 1 1 0 1 1 1 1 0 0 1 0 1 0 0 0 1 0 1 1 0 0 1] | Precisión: 1.00
Distancia de Hamming: 0
--------------------------------------------------
Original     --> [1 0 1 0 0 1 0 0 0 0 1 1 0 0 1 0 1 0 1 0 1 0 1 0 0 0 1 1 1 1 0 1]
Reconstruido --> [1 0 1 0 0 1 0 0 0 0 1 1 0 0 1 0 1 0 1 0 1 0 1 0 0 0 1 1 1 1 0 1] | Precisión: 1.00
Distancia de Hamming: 0
--------------------------------------------------
Original     --> [1 1 0 0 1 1 0 0 0 1 1 0 0 1 0 0 0 0 0 0 1 0 1 0 1 1 0 1 1 1 0 0]
Reconstruido --> [1 1 0 0 1 1 0 0 0 1 1 0 0 1 0 0 0 0 0 0 1 0 1 0 1 1 0 1 1 1 0 0] | Precisión: 1.00
Distancia de Hamming: 0
--------------------------------------------------
Original     --> [1 1 0 1 0 0 1 1 1 1 1 1 0 1 0 1 1 1 1 0 1 1 1 1 1 0 0 0 0 1 1 1]
Reconstruido --> [1 1 0 1 0 0 1 1 1 1 1 1 0 1 0 1 1 1 1 0 1 1 1 1 1 0 0 0 0 1 1 1] | Precisión: 1.00
Distancia de Hamming: 0
--------------------------------------------------
Original     --> [1 0 1 0 1 1 1 0 0 1 1 1 0 0 0 0 0 1 1 0 0 1 0 1 0 0 0 1 1 1 1 0]
Reconstruido --> [1 0 1 0 1 1 1 0 0 1 1 1 0 0 0 0 0 1 1 0 0 1 0 1 0 0 0 1 1 1 1 0] | Precisión: 1.00
Distancia de Hamming: 0
--------------------------------------------------
Original     --> [0 1 1 0 0 0 0 1 0 0 0 1 0 1 0 0 1 0 0 0 1 0 0 0 0 1 1 0 1 1 1 1]
Reconstruido --> [0 1 1 0 0 0 0 1 0 0 0 1 0 1 0 0 1 0 0 0 1 0 0 0 0 1 1 0 0 1 1 1] | Precisión: 0.97
Distancia de Hamming: 1
--------------------------------------------------
Original     --> [0 0 1 1 1 0 1 1 1 0 1 0 1 1 1 1 0 1 0 0 1 1 1 0 0 1 1 0 0 0 0 0]
Reconstruido --> [0 0 1 1 1 0 1 1 1 0 1 0 1 1 1 1 0 1 0 0 1 1 1 0 0 1 1 0 0 0 0 0] | Precisión: 1.00
Distancia de Hamming: 0
--------------------------------------------------
Original     --> [1 1 1 1 1 1 1 1 1 0 1 0 1 0 0 1 0 1 1 1 0 1 0 0 0 0 0 1 1 0 1 1]
Reconstruido --> [1 1 1 1 1 1 1 1 1 0 1 0 1 0 0 1 0 1 1 1 0 1 0 0 0 0 0 1 1 0 1 1] | Precisión: 1.00
Distancia de Hamming: 0
--------------------------------------------------
Original     --> [0 0 0 1 0 1 1 0 1 1 1 1 1 1 1 1 0 0 0 1 0 1 1 1 1 0 1 0 0 0 0 1]
Reconstruido --> [0 0 0 1 0 1 1 0 1 1 1 1 1 1 1 1 0 0 0 1 0 1 1 1 1 0 1 0 0 0 0 1] | Precisión: 1.00
Distancia de Hamming: 0
--------------------------------------------------
La media de la precisión del descifrado es 0.9884
Distancia media de Hamming = 0.3712 | Número de bits: 32
Número de reconstrucciones perfectas = 8371



EVALUACIÓN CON 4500:

Original     --> [0 0 0 0 1 0 1 1 1 0 1 0 1 1 0 1 0 0 1 1 0 1 1 0 1 0 0 1 1 1 0 1]
Reconstruido --> [0 0 0 0 1 0 1 1 1 0 1 0 1 1 0 1 0 0 1 1 0 1 1 0 1 0 0 1 1 1 0 1] | Precisión: 1.00
Distancia de Hamming: 0
--------------------------------------------------
Original     --> [1 0 1 1 0 0 1 0 0 0 1 0 1 1 0 1 1 0 1 1 1 1 1 0 0 1 0 0 1 1 0 1]
Reconstruido --> [1 0 1 1 0 0 1 0 0 0 1 0 1 1 0 1 1 0 1 1 1 1 1 0 0 1 0 0 1 1 0 1] | Precisión: 1.00
Distancia de Hamming: 0
--------------------------------------------------
Original     --> [1 0 1 1 1 1 0 1 1 1 1 0 1 0 0 1 1 0 1 0 1 1 0 0 1 1 0 0 1 1 0 0]
Reconstruido --> [1 0 1 1 1 1 0 1 1 1 1 0 1 0 0 1 1 0 1 0 1 1 0 0 1 1 0 0 1 1 0 0] | Precisión: 1.00
Distancia de Hamming: 0
--------------------------------------------------
Original     --> [0 1 0 0 0 1 0 1 1 1 0 1 1 0 1 1 0 1 0 1 1 0 0 0 1 0 0 1 0 0 1 0]
Reconstruido --> [0 1 0 0 0 1 0 1 1 1 0 1 1 0 1 1 0 1 0 1 1 0 0 0 1 0 0 1 0 0 1 0] | Precisión: 1.00
Distancia de Hamming: 0
--------------------------------------------------
Original     --> [0 1 1 0 1 0 1 0 1 0 0 0 0 0 1 0 0 0 0 1 1 0 0 0 1 1 1 1 0 0 0 1]
Reconstruido --> [0 1 1 0 1 0 1 0 1 0 0 0 0 0 1 0 0 0 0 1 1 0 0 0 1 1 1 1 0 0 0 1] | Precisión: 1.00
Distancia de Hamming: 0
--------------------------------------------------
Original     --> [0 1 0 0 1 1 1 0 0 1 1 0 0 1 0 0 1 1 0 0 0 0 0 0 0 0 0 1 0 0 1 0]
Reconstruido --> [0 1 0 0 1 1 1 0 0 1 1 0 0 1 0 0 1 1 0 0 0 0 0 0 0 0 0 1 0 0 1 0] | Precisión: 1.00
Distancia de Hamming: 0
--------------------------------------------------
Original     --> [0 0 1 0 0 0 1 1 0 1 0 1 1 1 0 1 0 0 0 1 1 1 1 1 1 0 1 1 0 0 1 1]
Reconstruido --> [0 0 1 0 0 0 1 1 0 1 0 1 1 1 0 1 0 0 0 1 1 1 1 1 1 0 1 1 0 0 1 1] | Precisión: 1.00
Distancia de Hamming: 0
--------------------------------------------------
Original     --> [0 0 0 1 0 1 1 0 0 1 0 0 1 0 1 1 0 0 0 0 0 0 1 0 1 1 0 0 0 0 0 1]
Reconstruido --> [0 0 0 1 0 1 1 0 0 1 0 0 1 0 1 1 0 0 0 0 0 0 1 0 1 1 0 0 0 0 0 1] | Precisión: 1.00
Distancia de Hamming: 0
--------------------------------------------------
Original     --> [0 1 1 1 0 1 0 1 0 0 1 1 0 0 0 0 0 1 1 0 1 1 0 1 0 1 0 1 0 1 0 0]
Reconstruido --> [0 1 1 1 0 1 0 1 0 0 1 1 0 0 0 0 0 1 1 0 1 1 0 1 0 1 0 1 0 1 0 0] | Precisión: 1.00
Distancia de Hamming: 0
--------------------------------------------------
Original     --> [1 0 0 1 0 1 1 1 0 0 1 0 1 1 0 0 1 0 0 0 0 0 0 1 1 1 0 0 0 1 0 1]
Reconstruido --> [1 0 0 1 0 1 0 1 0 0 1 0 1 0 0 0 1 0 0 0 0 0 0 1 1 1 0 0 0 1 0 1] | Precisión: 0.94
Distancia de Hamming: 2
--------------------------------------------------
La media de la precisión del descifrado es 0.9900
Distancia media de Hamming = 0.3209 | Número de bits: 32
Número de reconstrucciones perfectas = 8490



EVALUACIÓN CON 4800:

Original     --> [0 0 0 0 1 1 0 1 1 1 0 1 0 1 0 0 0 0 1 0 1 0 0 1 1 0 0 1 0 0 0 0]
Reconstruido --> [0 0 0 0 1 1 0 1 1 1 0 1 0 1 0 0 0 0 1 0 1 0 0 1 1 0 0 1 0 0 0 0] | Precisión: 1.00
Distancia de Hamming: 0
--------------------------------------------------
Original     --> [1 0 0 0 0 0 0 1 1 0 1 0 1 1 1 1 1 0 0 1 1 1 0 0 0 1 0 1 1 0 1 1]
Reconstruido --> [1 0 0 0 0 0 0 1 1 0 1 0 1 1 1 1 1 0 0 1 1 1 0 0 0 1 0 1 1 0 1 1] | Precisión: 1.00
Distancia de Hamming: 0
--------------------------------------------------
Original     --> [0 1 0 0 1 1 1 0 1 1 0 1 0 1 1 0 1 1 1 0 1 0 0 0 0 0 0 0 0 1 1 0]
Reconstruido --> [0 1 0 0 1 1 1 1 1 1 0 1 0 1 1 0 1 1 1 0 0 0 0 0 0 0 0 1 0 1 1 0] | Precisión: 0.91
Distancia de Hamming: 3
--------------------------------------------------
Original     --> [0 0 0 0 1 1 1 1 0 0 1 1 1 1 0 0 0 0 0 1 1 1 1 1 1 1 0 1 1 0 0 1]
Reconstruido --> [0 0 0 0 1 1 1 1 0 0 1 1 1 1 0 0 0 0 0 1 1 1 1 1 1 1 0 1 1 0 0 1] | Precisión: 1.00
Distancia de Hamming: 0
--------------------------------------------------
Original     --> [0 0 1 1 0 0 1 0 0 1 1 1 0 0 0 0 1 1 1 1 0 0 1 0 1 0 0 0 0 0 1 1]
Reconstruido --> [0 0 1 1 0 0 1 0 0 1 1 1 0 0 0 0 1 1 1 1 0 0 1 0 1 0 0 0 0 0 1 1] | Precisión: 1.00
Distancia de Hamming: 0
--------------------------------------------------
Original     --> [1 0 0 1 1 0 0 0 1 1 1 1 1 0 1 0 0 1 0 1 0 0 0 1 0 0 0 0 0 0 1 1]
Reconstruido --> [1 0 0 1 1 0 0 0 1 1 1 1 0 0 1 0 0 1 1 1 0 1 0 0 0 0 0 0 0 0 1 1] | Precisión: 0.88
Distancia de Hamming: 4
--------------------------------------------------
Original     --> [1 1 1 1 0 1 0 0 1 1 0 1 0 0 1 0 0 0 1 0 1 0 0 0 0 0 1 1 1 0 1 1]
Reconstruido --> [1 1 1 1 0 1 0 0 1 1 0 1 0 0 1 0 0 0 1 0 1 0 0 0 0 0 1 1 1 0 1 1] | Precisión: 1.00
Distancia de Hamming: 0
--------------------------------------------------
Original     --> [0 0 1 0 0 0 1 1 0 1 1 0 1 1 1 0 1 1 0 1 1 1 1 1 0 1 1 0 0 1 0 0]
Reconstruido --> [0 0 1 0 0 0 1 1 0 1 1 0 1 1 1 0 1 1 0 1 1 1 1 1 0 1 1 0 0 1 0 0] | Precisión: 1.00
Distancia de Hamming: 0
--------------------------------------------------
Original     --> [0 0 0 1 0 1 0 1 1 1 0 1 0 0 0 1 1 0 0 0 0 0 1 0 0 0 1 0 0 0 0 1]
Reconstruido --> [0 0 0 1 0 1 0 1 1 1 0 1 0 0 0 1 1 0 0 0 0 0 1 0 0 0 1 0 0 0 0 1] | Precisión: 1.00
Distancia de Hamming: 0
--------------------------------------------------
Original     --> [0 1 1 1 1 1 0 0 1 0 1 1 0 1 0 1 0 1 1 1 0 0 1 0 0 0 0 0 0 1 0 1]
Reconstruido --> [1 1 0 1 1 1 1 0 1 0 1 1 0 1 0 0 0 1 1 1 0 0 1 0 0 0 0 0 0 1 0 1] | Precisión: 0.88
Distancia de Hamming: 4
--------------------------------------------------
La media de la precisión del descifrado es 0.9694
Distancia media de Hamming = 0.9805 | Número de bits: 32
Número de reconstrucciones perfectas = 5891



EVALUACIÓN CON 5100:

Original     --> [0 0 1 1 1 0 1 1 1 0 1 0 0 0 1 0 0 0 1 0 1 1 1 0 0 1 0 1 1 1 0 0]
Reconstruido --> [0 0 1 1 1 0 1 1 1 0 1 0 0 0 1 0 0 0 1 0 1 1 1 0 0 1 0 1 1 1 0 0] | Precisión: 1.00
Distancia de Hamming: 0
--------------------------------------------------
Original     --> [1 1 1 0 0 0 0 0 0 1 1 0 0 1 0 1 1 0 1 0 1 0 0 1 1 1 0 0 1 1 1 0]
Reconstruido --> [1 1 1 1 0 0 0 0 0 1 1 0 0 1 0 1 1 0 1 0 1 0 0 1 1 1 0 0 1 1 1 1] | Precisión: 0.94
Distancia de Hamming: 2
--------------------------------------------------
Original     --> [1 0 0 1 1 0 0 0 1 0 1 0 0 1 0 0 0 1 1 1 0 1 1 1 0 1 1 1 1 0 1 1]
Reconstruido --> [1 0 0 0 1 0 0 0 1 0 1 0 0 1 0 1 0 1 1 1 0 1 1 1 0 1 1 1 1 1 0 0] | Precisión: 0.84
Distancia de Hamming: 5
--------------------------------------------------
Original     --> [1 0 1 0 0 1 0 1 1 1 0 1 0 1 0 0 0 1 1 0 1 0 0 1 0 1 0 1 0 1 1 0]
Reconstruido --> [1 0 1 0 0 1 0 1 1 1 0 1 0 1 0 0 0 1 1 0 1 0 0 1 0 1 0 1 0 1 1 0] | Precisión: 1.00
Distancia de Hamming: 0
--------------------------------------------------
Original     --> [0 1 1 0 1 0 0 1 0 0 0 0 1 0 1 1 1 0 1 0 0 1 0 0 1 0 0 0 0 1 0 0]
Reconstruido --> [0 1 1 0 1 0 0 1 0 0 0 0 1 0 1 1 1 0 1 0 0 1 0 0 0 0 0 0 0 0 1 0] | Precisión: 0.91
Distancia de Hamming: 3
--------------------------------------------------
Original     --> [0 1 1 1 0 1 0 1 0 1 0 0 1 0 0 0 1 0 0 1 0 0 1 1 0 1 1 0 0 0 1 1]
Reconstruido --> [0 1 1 1 0 1 0 1 0 1 0 0 1 0 0 0 1 0 0 1 0 0 1 1 0 1 1 0 0 0 1 1] | Precisión: 1.00
Distancia de Hamming: 0
--------------------------------------------------
Original     --> [1 0 1 0 1 1 1 1 0 0 0 1 1 1 1 0 1 0 1 0 1 1 0 0 1 0 0 0 1 1 1 0]
Reconstruido --> [1 0 1 0 1 1 1 1 1 0 0 1 1 1 1 0 1 0 1 0 1 1 0 0 1 0 1 0 1 1 1 0] | Precisión: 0.94
Distancia de Hamming: 2
--------------------------------------------------
Original     --> [1 1 1 1 1 1 0 0 1 1 0 1 1 0 1 1 0 0 1 0 1 0 0 1 1 0 0 1 0 1 1 1]
Reconstruido --> [1 1 1 1 1 1 0 0 1 1 0 1 1 0 1 1 0 0 1 0 1 0 0 1 1 0 0 1 0 1 1 1] | Precisión: 1.00
Distancia de Hamming: 0
--------------------------------------------------
Original     --> [1 0 0 0 1 0 0 0 1 0 1 1 1 0 0 1 1 1 0 1 0 1 1 1 0 1 0 0 0 0 0 1]
Reconstruido --> [1 0 0 0 1 0 0 0 1 0 1 1 1 0 0 1 1 1 0 1 0 1 1 1 0 1 0 0 0 0 0 1] | Precisión: 1.00
Distancia de Hamming: 0
--------------------------------------------------
Original     --> [0 0 1 1 0 1 1 1 1 1 1 0 1 0 0 1 1 0 0 1 1 0 0 0 0 0 1 1 1 0 0 0]
Reconstruido --> [0 0 1 1 0 1 1 1 1 1 1 0 1 0 0 1 1 0 0 1 1 0 0 0 0 0 1 1 1 0 0 0] | Precisión: 1.00
Distancia de Hamming: 0
--------------------------------------------------
La media de la precisión del descifrado es 0.9804
Distancia media de Hamming = 0.6262 | Número de bits: 32
Número de reconstrucciones perfectas = 7205



EVALUACIÓN CON 5400:

Original     --> [0 1 0 0 0 0 1 0 1 0 0 0 1 1 0 0 0 1 0 1 0 1 1 0 1 1 1 1 0 0 0 1]
Reconstruido --> [0 1 0 0 0 0 1 0 1 0 0 0 1 1 0 0 0 1 0 1 0 1 1 0 1 1 1 1 0 0 0 1] | Precisión: 1.00
Distancia de Hamming: 0
--------------------------------------------------
Original     --> [1 0 0 0 0 0 1 0 0 1 1 0 1 1 1 0 0 1 0 0 1 0 1 0 0 1 0 1 0 0 0 1]
Reconstruido --> [1 0 0 0 0 0 1 0 0 1 1 0 1 1 1 0 0 1 0 0 1 0 1 0 0 1 0 1 0 0 0 1] | Precisión: 1.00
Distancia de Hamming: 0
--------------------------------------------------
Original     --> [0 0 0 0 0 0 0 0 0 1 0 0 1 1 1 0 1 0 1 0 0 0 1 1 0 0 1 1 1 0 1 0]
Reconstruido --> [0 0 0 0 0 0 0 0 0 1 0 0 1 1 1 0 1 0 1 0 0 0 1 1 0 0 1 1 0 0 1 0] | Precisión: 0.97
Distancia de Hamming: 1
--------------------------------------------------
Original     --> [0 1 0 1 0 0 1 1 0 1 0 1 1 1 0 0 1 1 1 1 0 1 0 1 0 0 0 0 0 0 0 1]
Reconstruido --> [0 1 0 1 0 0 1 1 0 1 0 1 1 1 0 0 1 1 1 1 0 1 0 1 0 0 0 0 0 0 0 1] | Precisión: 1.00
Distancia de Hamming: 0
--------------------------------------------------
Original     --> [1 0 1 1 0 0 0 1 1 1 0 1 0 1 1 0 0 0 1 0 0 0 1 1 1 1 1 0 1 1 1 1]
Reconstruido --> [1 0 1 1 0 0 0 1 1 1 0 1 0 1 1 0 0 0 1 0 0 0 1 1 1 1 1 0 1 1 1 1] | Precisión: 1.00
Distancia de Hamming: 0
--------------------------------------------------
Original     --> [1 1 1 1 0 1 0 0 0 1 1 1 0 1 1 1 0 1 0 1 0 1 0 0 1 0 1 1 1 1 1 0]
Reconstruido --> [1 1 1 1 0 1 0 0 0 1 1 1 0 1 1 1 0 1 0 1 0 1 0 0 1 0 1 1 1 1 1 0] | Precisión: 1.00
Distancia de Hamming: 0
--------------------------------------------------
Original     --> [0 1 1 0 0 0 0 0 1 0 0 0 0 1 1 1 0 0 1 1 0 1 0 1 1 1 0 1 0 1 0 0]
Reconstruido --> [0 1 1 0 0 0 0 0 1 0 0 0 0 1 1 1 0 0 1 1 0 1 0 1 1 1 0 1 0 1 0 0] | Precisión: 1.00
Distancia de Hamming: 0
--------------------------------------------------
Original     --> [1 0 0 0 0 0 1 0 0 0 1 1 1 0 1 0 0 1 0 1 0 1 1 1 1 0 1 0 0 0 0 1]
Reconstruido --> [1 0 0 0 0 0 1 0 0 0 1 1 1 0 1 0 0 1 0 1 0 1 1 1 1 0 0 0 0 0 0 1] | Precisión: 0.97
Distancia de Hamming: 1
--------------------------------------------------
Original     --> [1 0 1 0 1 1 1 1 1 0 0 0 1 1 1 0 0 0 1 1 0 1 1 0 0 1 0 0 0 0 1 1]
Reconstruido --> [1 0 1 0 1 1 1 1 1 0 0 0 1 1 1 0 0 0 1 1 0 1 1 0 0 1 0 0 0 0 1 1] | Precisión: 1.00
Distancia de Hamming: 0
--------------------------------------------------
Original     --> [0 1 1 0 0 0 1 1 1 1 0 0 0 0 1 0 0 1 1 1 0 0 0 0 1 1 1 0 0 1 0 0]
Reconstruido --> [0 1 1 0 0 0 1 1 1 1 0 0 0 0 1 0 0 1 1 1 0 0 0 0 1 1 1 0 0 1 0 0] | Precisión: 1.00
Distancia de Hamming: 0
--------------------------------------------------
La media de la precisión del descifrado es 0.9894
Distancia media de Hamming = 0.3403 | Número de bits: 32
Número de reconstrucciones perfectas = 8354



EVALUACIÓN CON 5700:

Original     --> [1 1 1 0 0 1 0 0 1 0 0 0 1 0 0 0 1 0 0 1 1 0 1 1 1 1 1 0 1 0 1 0]
Reconstruido --> [1 1 1 0 0 1 0 0 1 0 0 0 1 0 0 0 1 0 0 1 1 0 1 1 1 1 1 0 1 0 1 0] | Precisión: 1.00
Distancia de Hamming: 0
--------------------------------------------------
Original     --> [0 0 1 0 1 1 1 1 1 1 1 1 0 0 1 0 1 1 1 0 1 1 0 0 1 1 0 0 1 1 1 1]
Reconstruido --> [0 0 1 0 1 1 1 1 1 1 1 1 0 0 1 0 0 1 1 0 1 1 0 0 1 1 0 0 1 1 1 1] | Precisión: 0.97
Distancia de Hamming: 1
--------------------------------------------------
Original     --> [0 1 1 1 1 1 0 1 1 0 1 1 1 0 0 1 1 1 1 0 0 0 1 0 0 0 0 0 0 0 1 0]
Reconstruido --> [0 1 1 1 1 1 0 1 1 0 1 1 1 0 0 1 1 1 1 0 0 0 1 0 0 0 0 0 0 0 1 0] | Precisión: 1.00
Distancia de Hamming: 0
--------------------------------------------------
Original     --> [0 0 1 0 0 0 1 1 1 0 0 0 0 1 0 0 0 0 1 1 0 0 1 0 0 0 0 0 0 1 1 1]
Reconstruido --> [0 0 1 0 0 0 1 0 1 0 0 1 0 1 0 0 0 0 1 1 0 0 1 0 0 0 0 0 0 1 1 1] | Precisión: 0.94
Distancia de Hamming: 2
--------------------------------------------------
Original     --> [1 1 0 0 0 1 1 0 1 1 1 0 0 1 1 1 0 0 1 1 1 0 0 0 1 1 0 0 0 1 1 1]
Reconstruido --> [1 1 0 0 0 1 1 0 1 1 1 0 0 1 1 1 0 0 1 1 1 0 0 0 1 1 0 0 0 1 1 1] | Precisión: 1.00
Distancia de Hamming: 0
--------------------------------------------------
Original     --> [0 1 1 0 0 1 0 1 1 1 1 1 0 1 0 1 1 1 0 1 1 0 1 0 0 1 1 0 1 0 0 1]
Reconstruido --> [0 1 1 0 0 1 0 1 1 1 1 1 0 1 0 1 1 1 0 1 1 0 1 0 0 1 1 0 1 0 0 1] | Precisión: 1.00
Distancia de Hamming: 0
--------------------------------------------------
Original     --> [1 1 0 0 1 1 0 0 0 1 1 0 0 0 1 0 0 1 1 1 1 0 1 0 1 0 0 0 1 0 0 1]
Reconstruido --> [1 1 0 0 1 1 0 0 0 1 1 0 0 0 1 0 0 1 1 1 1 0 1 0 1 0 0 0 1 0 0 1] | Precisión: 1.00
Distancia de Hamming: 0
--------------------------------------------------
Original     --> [1 0 0 1 1 0 1 0 0 1 1 0 0 0 1 1 1 1 0 1 1 0 1 0 1 1 0 0 1 1 1 0]
Reconstruido --> [1 0 0 1 1 0 1 0 0 1 1 0 0 0 1 1 1 1 0 1 1 0 1 0 1 1 0 0 1 1 1 0] | Precisión: 1.00
Distancia de Hamming: 0
--------------------------------------------------
Original     --> [1 1 1 1 1 0 1 0 0 1 0 1 1 0 0 1 1 0 1 1 1 0 0 0 0 0 0 0 0 1 1 1]
Reconstruido --> [1 1 1 1 1 0 1 0 0 1 0 1 1 0 0 1 1 0 1 1 1 0 0 0 0 0 0 0 0 1 1 1] | Precisión: 1.00
Distancia de Hamming: 0
--------------------------------------------------
Original     --> [0 0 1 0 1 0 0 0 0 0 0 1 0 1 1 0 0 1 0 0 1 0 0 0 0 1 0 0 0 1 1 1]
Reconstruido --> [0 0 1 0 1 0 0 0 0 0 0 1 0 1 1 0 0 1 0 0 1 0 0 0 0 1 0 0 0 1 1 1] | Precisión: 1.00
Distancia de Hamming: 0
--------------------------------------------------
La media de la precisión del descifrado es 0.9891
Distancia media de Hamming = 0.3494 | Número de bits: 32
Número de reconstrucciones perfectas = 8317



EVALUACIÓN CON 6000:

Original     --> [0 0 0 0 1 1 0 0 0 1 1 1 0 1 0 1 0 0 0 1 0 0 1 0 1 1 0 0 1 0 1 1]
Reconstruido --> [0 0 0 0 1 1 0 0 0 1 1 1 0 1 0 1 0 0 0 1 0 0 1 0 1 1 0 0 1 0 1 1] | Precisión: 1.00
Distancia de Hamming: 0
--------------------------------------------------
Original     --> [0 1 1 1 0 0 0 1 1 1 0 0 1 0 0 0 1 0 0 1 1 1 1 1 1 1 1 0 0 1 0 0]
Reconstruido --> [0 1 1 1 0 0 0 1 1 1 0 0 1 0 0 0 1 0 0 1 1 1 1 1 1 1 1 0 0 1 0 0] | Precisión: 1.00
Distancia de Hamming: 0
--------------------------------------------------
Original     --> [1 1 0 0 1 1 0 0 0 0 1 1 0 0 1 1 0 0 0 1 1 0 0 0 0 0 0 1 0 0 1 1]
Reconstruido --> [1 1 0 0 1 1 0 0 0 0 1 1 0 0 1 1 0 0 0 1 1 0 0 0 0 0 0 1 0 0 1 1] | Precisión: 1.00
Distancia de Hamming: 0
--------------------------------------------------
Original     --> [1 0 0 1 1 1 1 1 1 0 0 1 1 0 1 1 0 0 0 1 0 0 0 1 1 0 1 1 0 1 0 0]
Reconstruido --> [1 0 0 1 1 1 1 1 1 0 0 1 1 0 1 1 0 0 0 1 0 0 0 1 1 0 1 1 0 1 0 0] | Precisión: 1.00
Distancia de Hamming: 0
--------------------------------------------------
Original     --> [0 1 0 1 1 1 0 1 0 1 0 1 1 0 1 1 1 0 0 0 0 1 1 1 1 0 0 0 0 1 0 1]
Reconstruido --> [0 1 0 1 1 1 0 1 0 1 0 1 1 0 1 1 1 0 0 0 0 1 1 1 1 0 0 0 0 1 0 1] | Precisión: 1.00
Distancia de Hamming: 0
--------------------------------------------------
Original     --> [1 1 0 0 1 1 0 0 0 0 0 0 1 1 1 0 0 1 1 1 0 1 0 1 1 1 1 0 1 0 0 0]
Reconstruido --> [1 1 0 0 1 1 0 0 0 0 0 0 1 1 1 0 0 1 1 1 0 1 0 1 1 1 1 0 1 0 0 0] | Precisión: 1.00
Distancia de Hamming: 0
--------------------------------------------------
Original     --> [1 1 0 0 1 0 1 1 0 1 0 0 0 1 0 1 1 1 0 0 0 0 1 0 0 0 1 0 0 0 0 0]
Reconstruido --> [1 1 0 0 1 0 1 1 0 1 0 0 0 1 0 1 1 1 0 0 0 0 1 0 0 0 1 0 0 0 0 0] | Precisión: 1.00
Distancia de Hamming: 0
--------------------------------------------------
Original     --> [0 1 1 0 1 1 0 1 0 1 1 0 1 1 0 1 0 0 0 1 0 0 0 0 0 1 1 1 1 1 0 1]
Reconstruido --> [0 1 1 0 1 1 0 1 0 1 1 0 1 1 0 1 0 0 0 1 0 0 0 0 0 1 1 1 1 1 0 1] | Precisión: 1.00
Distancia de Hamming: 0
--------------------------------------------------
Original     --> [1 0 0 0 1 1 0 0 0 0 1 0 0 1 1 0 1 1 0 1 1 0 0 1 1 1 0 1 0 1 0 1]
Reconstruido --> [1 0 0 0 1 1 0 0 0 0 1 0 0 1 1 0 1 1 0 1 1 0 0 1 1 1 0 1 0 1 0 1] | Precisión: 1.00
Distancia de Hamming: 0
--------------------------------------------------
Original     --> [0 0 1 1 0 0 1 1 1 1 1 1 0 1 0 0 1 1 0 0 1 0 1 0 1 1 0 1 1 1 1 1]
Reconstruido --> [0 0 1 1 1 0 1 1 1 1 1 1 0 1 0 0 1 1 0 0 1 0 1 0 1 0 0 1 1 1 1 1] | Precisión: 0.94
Distancia de Hamming: 2
--------------------------------------------------
La media de la precisión del descifrado es 0.9891
Distancia media de Hamming = 0.3489 | Número de bits: 32
Número de reconstrucciones perfectas = 8447


Tiempo total de ejecución (s): 4386.499102830887

