-- RESULTADOS DEL EXPERIMENTO 1.1. --

s = 32
Tamaño del batch = 512
Adam optimizer learning rate = 0.01
Epochs totales = 6000
Epochs iniciales = 300


EVALUACIÓN CON 300:

Original     --> [1 1 1 1 1 0 0 0 1 1 0 1 1 0 1 1 1 0 1 0 0 0 1 0 0 1 1 0 1 0 1 0]
Reconstruido --> [0 1 0 1 1 0 0 0 1 1 0 1 1 0 0 1 0 1 1 0 0 0 1 0 0 1 1 1 1 0 1 0] | Precisión: 0.81
Distancia de Hamming: 6
--------------------------------------------------
Original     --> [1 0 0 1 1 0 0 0 0 1 1 0 0 0 0 0 0 1 0 1 0 1 1 1 1 1 0 1 1 0 0 1]
Reconstruido --> [0 0 0 1 1 0 0 0 0 1 1 1 0 0 0 1 0 1 0 1 0 1 1 1 1 1 0 1 1 0 0 1] | Precisión: 0.91
Distancia de Hamming: 3
--------------------------------------------------
Original     --> [1 1 0 1 1 1 1 0 1 1 0 1 0 1 1 0 1 0 1 0 1 1 0 1 0 0 0 0 0 0 1 1]
Reconstruido --> [0 1 0 1 0 1 1 0 1 1 0 1 0 1 1 0 1 0 1 0 1 1 0 1 0 0 0 0 0 0 1 1] | Precisión: 0.94
Distancia de Hamming: 2
--------------------------------------------------
Original     --> [0 0 0 1 1 1 1 1 1 0 1 0 1 1 1 0 0 0 1 1 1 1 1 0 1 0 0 0 0 1 0 0]
Reconstruido --> [0 0 1 0 0 0 1 1 0 0 1 1 1 1 1 0 0 0 1 1 1 1 0 0 1 0 0 0 0 1 0 0] | Precisión: 0.78
Distancia de Hamming: 7
--------------------------------------------------
Original     --> [0 1 0 0 0 0 1 0 1 0 0 1 1 0 1 1 0 1 1 0 1 1 1 0 1 1 1 0 0 1 0 1]
Reconstruido --> [0 0 0 0 0 0 1 0 0 0 0 1 1 0 1 1 0 1 1 0 0 1 1 1 1 1 1 0 0 1 0 1] | Precisión: 0.88
Distancia de Hamming: 4
--------------------------------------------------
Original     --> [0 0 1 0 0 1 1 0 0 0 1 1 1 1 1 0 1 0 0 0 0 1 1 0 1 0 1 1 1 1 0 0]
Reconstruido --> [0 0 0 0 0 1 1 0 0 0 1 0 1 1 1 0 1 0 0 0 0 1 1 0 1 0 1 0 1 1 1 0] | Precisión: 0.88
Distancia de Hamming: 4
--------------------------------------------------
Original     --> [0 1 1 1 0 0 0 0 0 1 0 0 0 0 1 0 1 0 1 1 0 1 1 1 0 1 1 0 1 0 1 0]
Reconstruido --> [0 1 0 1 0 0 0 0 0 0 0 1 0 0 1 0 1 1 1 1 0 1 1 1 0 0 1 1 1 0 1 0] | Precisión: 0.81
Distancia de Hamming: 6
--------------------------------------------------
Original     --> [1 0 1 0 0 0 1 1 0 0 0 0 1 0 0 1 0 0 1 0 1 0 1 1 1 0 0 0 0 0 1 0]
Reconstruido --> [0 0 1 0 0 0 1 1 1 0 0 0 1 0 0 1 0 0 1 0 1 0 1 1 1 1 0 0 0 1 1 0] | Precisión: 0.88
Distancia de Hamming: 4
--------------------------------------------------
Original     --> [0 0 0 0 1 0 0 1 0 1 1 0 0 0 1 1 0 1 0 0 1 1 0 0 0 0 1 1 0 1 0 1]
Reconstruido --> [0 0 0 0 1 0 1 1 1 1 1 0 0 1 1 1 0 1 0 0 1 1 1 1 0 1 1 0 0 1 0 1] | Precisión: 0.78
Distancia de Hamming: 7
--------------------------------------------------
Original     --> [0 1 1 0 1 1 1 1 0 1 1 1 1 1 1 0 1 0 0 1 1 0 1 1 1 0 0 1 0 0 0 1]
Reconstruido --> [0 1 0 0 0 0 0 1 1 1 1 1 0 1 1 0 1 0 0 1 1 0 1 1 1 0 0 1 0 1 0 1] | Precisión: 0.78
Distancia de Hamming: 7
--------------------------------------------------
La media de la precisión del descifrado es 0.8648
Distancia media de Hamming = 4.3253 | Número de bits: 32
Número de reconstrucciones perfectas = 102



EVALUACIÓN CON 600:

Original     --> [0 1 0 1 1 1 1 0 0 0 1 1 1 0 1 0 1 1 1 1 1 1 0 0 0 1 1 0 1 0 1 1]
Reconstruido --> [0 1 0 1 1 1 1 0 0 0 1 0 1 0 1 0 1 1 1 1 1 1 0 0 0 1 1 0 0 0 1 1] | Precisión: 0.94
Distancia de Hamming: 2
--------------------------------------------------
Original     --> [0 0 0 0 0 0 1 1 1 0 0 0 0 1 0 1 1 0 0 1 1 0 1 1 1 1 1 0 0 0 0 1]
Reconstruido --> [0 0 0 0 0 0 1 0 1 0 0 0 0 1 0 1 1 0 1 1 1 0 1 1 1 1 0 0 0 0 0 1] | Precisión: 0.91
Distancia de Hamming: 3
--------------------------------------------------
Original     --> [1 0 0 1 1 0 1 0 1 0 0 1 0 0 0 0 1 1 0 1 0 0 0 0 1 1 0 0 0 0 1 1]
Reconstruido --> [1 0 0 1 1 1 1 0 1 1 0 1 0 0 1 0 1 0 1 1 0 0 0 0 1 1 0 0 0 0 0 1] | Precisión: 0.81
Distancia de Hamming: 6
--------------------------------------------------
Original     --> [1 0 1 0 0 1 1 0 0 1 1 1 0 1 0 0 0 1 1 0 0 0 1 0 0 0 1 1 0 0 0 0]
Reconstruido --> [0 0 1 0 0 1 1 0 0 1 1 1 0 1 1 0 0 0 0 0 0 1 1 1 0 0 0 1 0 0 0 0] | Precisión: 0.78
Distancia de Hamming: 7
--------------------------------------------------
Original     --> [1 1 1 0 0 1 0 1 1 0 0 0 0 0 1 0 1 1 0 0 1 1 0 1 0 1 1 1 0 1 0 0]
Reconstruido --> [0 1 1 0 0 1 0 1 0 0 0 1 0 0 1 1 1 1 1 0 1 1 0 1 0 1 1 1 0 1 1 0] | Precisión: 0.81
Distancia de Hamming: 6
--------------------------------------------------
Original     --> [0 1 0 1 0 0 0 1 0 1 1 1 1 1 1 0 0 0 0 0 0 1 0 1 0 1 0 0 0 0 1 1]
Reconstruido --> [0 1 0 1 0 0 0 1 0 1 1 1 1 1 1 0 0 0 0 0 0 1 0 1 0 1 0 0 0 0 0 1] | Precisión: 0.97
Distancia de Hamming: 1
--------------------------------------------------
Original     --> [0 1 0 0 0 1 1 1 1 0 0 1 1 0 0 1 0 0 0 0 0 0 1 0 1 0 0 1 0 0 1 1]
Reconstruido --> [0 1 0 0 0 1 1 1 1 1 0 1 1 0 0 1 0 0 1 0 0 0 1 0 1 0 0 1 0 0 0 1] | Precisión: 0.91
Distancia de Hamming: 3
--------------------------------------------------
Original     --> [1 0 1 1 1 0 0 0 0 0 0 0 1 1 1 0 1 0 1 1 1 1 0 1 0 0 0 1 0 1 1 0]
Reconstruido --> [0 0 0 1 1 0 0 0 0 0 0 0 1 1 1 0 1 1 1 1 1 1 0 1 0 0 1 1 0 1 1 0] | Precisión: 0.88
Distancia de Hamming: 4
--------------------------------------------------
Original     --> [1 1 1 0 0 1 0 0 1 0 0 0 0 0 1 1 0 0 0 0 1 1 0 1 0 1 0 0 1 0 0 0]
Reconstruido --> [1 1 1 0 0 1 0 0 1 0 0 0 0 0 1 1 0 0 0 0 1 1 0 1 0 1 0 0 1 0 0 0] | Precisión: 1.00
Distancia de Hamming: 0
--------------------------------------------------
Original     --> [1 0 0 0 0 1 1 0 0 0 0 1 0 0 1 1 0 1 0 0 0 1 1 1 1 0 0 0 0 0 1 1]
Reconstruido --> [0 1 0 0 0 1 1 0 0 0 0 1 0 0 1 1 0 0 0 0 0 1 1 1 1 0 0 0 0 0 0 1] | Precisión: 0.88
Distancia de Hamming: 4
--------------------------------------------------
La media de la precisión del descifrado es 0.8874
Distancia media de Hamming = 3.6034 | Número de bits: 32
Número de reconstrucciones perfectas = 260



EVALUACIÓN CON 900:

Original     --> [1 1 0 0 1 1 0 1 1 0 0 1 0 0 0 0 1 0 1 0 1 0 0 1 0 0 1 1 0 0 1 0]
Reconstruido --> [1 1 0 0 1 0 0 1 1 0 0 1 0 1 0 0 1 0 1 0 1 0 0 1 0 0 1 1 0 0 1 0] | Precisión: 0.94
Distancia de Hamming: 2
--------------------------------------------------
Original     --> [1 0 0 1 1 1 0 1 0 0 1 1 0 0 1 1 0 1 0 0 0 0 0 0 1 0 1 1 0 1 0 1]
Reconstruido --> [1 0 0 1 1 1 0 1 0 1 1 1 0 1 0 1 0 1 0 0 0 0 0 0 1 0 1 1 0 1 0 1] | Precisión: 0.91
Distancia de Hamming: 3
--------------------------------------------------
Original     --> [1 1 0 0 1 0 1 1 0 0 0 1 0 1 1 0 0 0 1 1 1 0 1 0 1 0 1 1 1 1 1 0]
Reconstruido --> [1 1 0 0 1 0 1 1 0 0 0 1 0 1 1 0 0 0 1 1 1 0 1 0 1 0 1 1 1 1 1 0] | Precisión: 1.00
Distancia de Hamming: 0
--------------------------------------------------
Original     --> [1 0 0 1 1 0 0 0 1 0 0 0 1 1 0 1 1 1 1 1 0 0 1 0 1 1 0 0 0 0 1 1]
Reconstruido --> [1 0 0 1 1 0 0 0 1 1 0 0 1 0 0 1 1 1 1 1 0 0 1 0 1 1 0 0 0 0 0 1] | Precisión: 0.91
Distancia de Hamming: 3
--------------------------------------------------
Original     --> [0 1 1 0 1 0 1 0 1 1 0 0 0 0 1 0 0 0 0 1 1 1 0 0 0 0 0 0 0 0 0 1]
Reconstruido --> [0 1 1 0 1 0 1 0 1 1 0 0 0 0 1 0 0 1 0 1 1 1 0 0 0 0 0 0 0 0 0 1] | Precisión: 0.97
Distancia de Hamming: 1
--------------------------------------------------
Original     --> [0 0 0 1 1 1 0 0 0 0 0 1 0 1 1 1 1 1 1 0 1 0 1 0 1 1 1 0 0 0 1 1]
Reconstruido --> [0 0 0 1 1 0 0 0 0 1 0 1 0 0 1 1 1 1 1 0 1 0 1 0 1 1 1 0 0 0 1 1] | Precisión: 0.91
Distancia de Hamming: 3
--------------------------------------------------
Original     --> [1 0 0 1 1 1 1 1 1 1 0 0 1 0 1 1 1 1 0 1 1 1 1 1 0 1 1 0 0 0 0 0]
Reconstruido --> [1 0 0 1 1 0 1 1 1 1 0 0 1 0 1 1 1 1 0 1 1 1 1 1 0 1 1 0 0 0 0 0] | Precisión: 0.97
Distancia de Hamming: 1
--------------------------------------------------
Original     --> [0 1 1 1 0 0 0 0 0 0 0 0 0 0 0 1 0 0 1 0 0 1 1 0 1 0 0 0 1 1 1 1]
Reconstruido --> [0 1 1 0 0 0 0 0 0 0 0 0 0 0 0 1 0 0 1 0 0 1 1 0 1 0 0 0 1 1 1 1] | Precisión: 0.97
Distancia de Hamming: 1
--------------------------------------------------
Original     --> [1 0 0 0 1 0 1 0 0 1 1 1 0 0 0 1 1 0 1 1 0 1 1 1 0 0 0 1 0 1 0 0]
Reconstruido --> [1 0 0 0 0 0 1 0 0 0 0 1 0 0 0 1 1 0 1 1 0 1 1 0 0 0 0 1 0 0 0 0] | Precisión: 0.84
Distancia de Hamming: 5
--------------------------------------------------
Original     --> [1 1 0 0 1 0 0 0 1 1 1 1 0 1 1 1 0 0 0 1 1 0 0 1 1 1 1 0 1 1 0 0]
Reconstruido --> [1 1 0 0 1 1 0 1 1 1 1 1 0 0 1 1 0 0 0 1 1 0 0 1 1 1 1 0 1 1 0 0] | Precisión: 0.91
Distancia de Hamming: 3
--------------------------------------------------
La media de la precisión del descifrado es 0.9148
Distancia media de Hamming = 2.7266 | Número de bits: 32
Número de reconstrucciones perfectas = 617



EVALUACIÓN CON 1200:

Original     --> [0 0 0 1 0 1 0 1 1 0 1 1 1 1 0 0 0 1 0 1 0 1 0 0 1 1 0 1 1 1 1 1]
Reconstruido --> [0 0 0 0 1 1 1 0 1 0 1 0 1 0 0 1 0 1 1 1 0 1 0 0 1 0 0 1 1 1 1 1] | Precisión: 0.72
Distancia de Hamming: 9
--------------------------------------------------
Original     --> [0 0 1 1 1 1 1 0 0 0 0 0 0 0 0 1 1 1 1 0 1 1 0 0 1 0 0 0 1 1 0 0]
Reconstruido --> [0 0 0 1 1 1 1 1 1 0 0 0 0 0 0 1 1 1 1 0 1 1 0 0 1 0 0 0 1 1 0 0] | Precisión: 0.91
Distancia de Hamming: 3
--------------------------------------------------
Original     --> [0 0 0 0 0 1 1 1 0 1 0 1 1 1 0 1 0 1 1 1 1 1 0 0 0 0 1 1 0 0 1 1]
Reconstruido --> [0 0 0 0 0 1 1 1 0 1 0 1 1 1 0 1 0 1 1 1 1 1 0 0 0 0 1 1 0 1 1 1] | Precisión: 0.97
Distancia de Hamming: 1
--------------------------------------------------
Original     --> [0 0 0 0 0 1 1 1 0 0 1 0 1 0 0 0 0 0 0 1 1 1 1 0 1 1 1 0 1 0 0 0]
Reconstruido --> [0 0 1 0 0 1 1 1 0 0 1 0 1 0 1 0 0 0 0 1 1 1 1 0 1 1 1 0 1 0 0 0] | Precisión: 0.94
Distancia de Hamming: 2
--------------------------------------------------
Original     --> [0 0 1 0 1 0 1 0 1 1 1 0 1 1 0 0 1 0 1 0 1 1 1 1 1 0 0 0 1 1 0 0]
Reconstruido --> [0 0 0 0 1 0 1 0 1 0 1 0 1 1 1 0 1 0 1 0 1 1 0 1 1 0 0 0 0 1 0 1] | Precisión: 0.81
Distancia de Hamming: 6
--------------------------------------------------
Original     --> [0 1 1 0 0 1 0 1 0 0 0 1 1 0 0 0 0 1 0 0 1 1 1 0 0 1 0 1 1 0 1 0]
Reconstruido --> [0 1 1 0 0 1 1 1 0 0 0 1 1 0 0 0 0 1 0 0 1 1 1 0 0 1 0 1 1 0 1 0] | Precisión: 0.97
Distancia de Hamming: 1
--------------------------------------------------
Original     --> [1 0 0 1 1 1 1 0 1 1 0 1 0 1 0 0 0 1 1 0 0 0 0 1 1 0 0 0 0 0 1 1]
Reconstruido --> [1 0 1 1 1 1 0 0 1 1 0 1 0 1 0 0 0 1 1 0 0 0 0 1 1 0 0 0 0 0 1 1] | Precisión: 0.94
Distancia de Hamming: 2
--------------------------------------------------
Original     --> [1 1 1 0 1 1 0 1 1 0 0 0 0 1 1 1 1 0 1 0 0 0 0 0 1 0 1 1 0 1 0 1]
Reconstruido --> [1 0 1 0 1 1 0 1 1 0 0 1 0 1 1 0 1 0 1 0 0 0 0 0 1 0 1 1 0 0 0 1] | Precisión: 0.88
Distancia de Hamming: 4
--------------------------------------------------
Original     --> [1 1 0 0 0 0 0 1 1 1 0 1 0 0 1 1 0 0 0 1 1 1 0 1 0 1 0 0 1 0 0 1]
Reconstruido --> [1 1 1 0 1 0 0 1 1 1 0 1 0 0 1 0 0 0 0 1 1 1 0 1 0 0 0 0 1 1 1 1] | Precisión: 0.81
Distancia de Hamming: 6
--------------------------------------------------
Original     --> [0 1 0 1 0 1 0 0 1 0 0 1 0 1 0 1 1 1 1 0 0 0 1 0 1 1 0 1 0 0 0 1]
Reconstruido --> [0 1 0 1 0 1 1 0 1 0 0 1 0 1 0 0 1 1 1 0 0 0 1 0 1 1 0 1 0 0 0 1] | Precisión: 0.94
Distancia de Hamming: 2
--------------------------------------------------
La media de la precisión del descifrado es 0.9136
Distancia media de Hamming = 2.7653 | Número de bits: 32
Número de reconstrucciones perfectas = 650



EVALUACIÓN CON 1500:

Original     --> [1 0 0 0 0 0 0 0 1 1 0 1 0 1 1 0 0 0 0 1 1 0 0 1 0 1 0 0 0 0 0 1]
Reconstruido --> [0 0 0 0 0 0 0 0 1 1 0 1 0 1 1 0 0 0 0 1 1 0 0 1 0 1 0 0 0 0 0 0] | Precisión: 0.94
Distancia de Hamming: 2
--------------------------------------------------
Original     --> [1 1 0 0 1 0 1 1 0 0 0 0 1 0 1 0 0 0 1 1 1 0 1 0 0 1 1 1 0 1 1 1]
Reconstruido --> [1 1 0 0 1 0 1 1 0 0 0 0 1 0 1 0 0 0 1 1 1 0 1 0 0 1 1 1 0 1 1 0] | Precisión: 0.97
Distancia de Hamming: 1
--------------------------------------------------
Original     --> [1 1 1 0 0 0 1 0 1 1 1 0 1 1 1 1 0 1 1 0 1 1 1 1 1 0 0 0 0 1 0 0]
Reconstruido --> [1 1 1 0 0 0 1 0 1 1 1 0 1 1 1 1 0 1 1 0 1 0 1 1 1 0 0 0 0 1 1 1] | Precisión: 0.91
Distancia de Hamming: 3
--------------------------------------------------
Original     --> [0 1 1 0 1 1 0 1 1 0 1 0 0 0 1 0 1 0 1 0 0 1 1 0 0 0 1 0 0 1 0 0]
Reconstruido --> [0 1 1 0 1 1 0 1 1 0 1 0 0 0 1 0 1 0 1 0 0 0 1 0 0 0 1 0 0 1 1 0] | Precisión: 0.94
Distancia de Hamming: 2
--------------------------------------------------
Original     --> [0 1 1 0 1 0 0 0 0 1 0 1 1 1 0 1 0 0 0 0 0 1 1 0 0 0 1 1 1 0 1 0]
Reconstruido --> [0 1 1 1 1 0 0 1 0 1 0 1 1 1 0 1 1 0 0 0 0 1 1 0 0 0 1 1 1 0 0 1] | Precisión: 0.84
Distancia de Hamming: 5
--------------------------------------------------
Original     --> [1 1 0 1 0 1 1 1 0 1 1 0 0 1 0 0 0 0 0 1 0 1 0 0 1 0 1 1 0 1 1 0]
Reconstruido --> [1 1 0 1 0 1 1 1 0 1 1 0 0 0 0 0 0 0 0 1 0 1 0 0 1 0 1 1 0 1 0 0] | Precisión: 0.94
Distancia de Hamming: 2
--------------------------------------------------
Original     --> [0 1 0 1 0 0 0 1 1 1 1 0 0 0 0 0 1 1 1 0 1 1 0 1 0 0 1 0 0 1 1 0]
Reconstruido --> [0 1 0 1 0 0 0 1 1 1 1 0 1 0 0 0 1 1 1 1 1 1 0 1 0 0 1 0 0 1 1 1] | Precisión: 0.91
Distancia de Hamming: 3
--------------------------------------------------
Original     --> [0 0 1 0 0 0 1 0 1 0 1 0 1 0 1 1 0 1 0 0 1 1 0 0 1 1 0 0 1 0 1 1]
Reconstruido --> [0 0 1 1 0 0 1 0 1 0 1 0 1 0 0 0 0 1 0 0 1 1 1 1 1 1 0 0 1 0 0 1] | Precisión: 0.81
Distancia de Hamming: 6
--------------------------------------------------
Original     --> [0 0 0 1 1 1 0 0 0 1 0 0 1 1 1 0 0 0 0 0 0 0 0 1 1 0 1 0 0 1 1 1]
Reconstruido --> [0 0 0 1 1 1 0 0 0 1 0 0 1 1 1 0 0 0 0 1 0 1 0 1 1 0 1 0 0 1 0 1] | Precisión: 0.91
Distancia de Hamming: 3
--------------------------------------------------
Original     --> [1 1 1 1 1 0 0 0 1 0 0 1 0 1 1 0 0 1 0 0 0 0 0 0 0 1 0 1 0 0 1 0]
Reconstruido --> [1 1 1 1 1 0 0 0 1 0 0 1 1 1 1 0 0 1 0 0 0 0 0 0 0 1 0 1 0 0 0 1] | Precisión: 0.91
Distancia de Hamming: 3
--------------------------------------------------
La media de la precisión del descifrado es 0.9070
Distancia media de Hamming = 2.9745 | Número de bits: 32
Número de reconstrucciones perfectas = 230



EVALUACIÓN CON 1800:

Original     --> [0 1 1 0 1 1 1 0 0 0 0 0 1 1 1 1 1 0 0 1 1 1 0 1 0 1 0 0 0 0 1 0]
Reconstruido --> [0 0 1 0 1 1 1 0 0 0 1 0 1 1 1 1 1 0 0 1 1 1 0 1 0 1 0 0 0 0 1 0] | Precisión: 0.94
Distancia de Hamming: 2
--------------------------------------------------
Original     --> [0 0 1 0 0 0 1 1 1 0 1 0 0 0 1 1 1 1 1 0 1 1 0 1 1 1 1 1 1 1 0 0]
Reconstruido --> [0 0 1 0 0 0 1 0 1 0 1 0 0 0 1 1 1 1 1 0 1 1 0 1 1 1 1 1 1 1 0 0] | Precisión: 0.97
Distancia de Hamming: 1
--------------------------------------------------
Original     --> [1 1 1 0 1 1 1 1 0 0 0 1 1 0 0 1 0 0 1 0 0 1 0 0 0 0 1 0 0 1 0 0]
Reconstruido --> [1 1 1 0 1 1 1 0 0 0 1 1 0 0 0 0 0 0 1 0 0 1 0 0 1 0 1 0 0 1 0 0] | Precisión: 0.84
Distancia de Hamming: 5
--------------------------------------------------
Original     --> [1 1 0 1 1 1 0 1 1 1 1 0 0 1 0 1 1 1 1 1 1 1 0 1 1 0 1 0 1 1 0 1]
Reconstruido --> [1 1 0 1 1 0 1 0 1 1 1 0 0 1 0 0 1 1 1 1 1 1 0 1 1 0 1 0 1 1 0 1] | Precisión: 0.88
Distancia de Hamming: 4
--------------------------------------------------
Original     --> [0 1 0 1 1 1 1 1 0 0 0 1 1 0 0 1 1 0 1 0 0 0 0 1 1 0 0 1 1 1 0 1]
Reconstruido --> [0 1 1 1 1 0 1 0 0 1 0 1 1 0 0 0 0 0 1 1 1 0 0 0 1 0 0 1 1 1 0 1] | Precisión: 0.72
Distancia de Hamming: 9
--------------------------------------------------
Original     --> [1 0 0 0 1 1 0 0 0 1 1 0 0 1 0 1 1 1 1 0 0 0 1 0 0 1 1 1 1 1 0 0]
Reconstruido --> [1 0 0 0 1 1 1 0 0 1 1 0 0 1 0 0 1 1 1 0 0 0 1 0 0 1 1 1 1 1 0 0] | Precisión: 0.94
Distancia de Hamming: 2
--------------------------------------------------
Original     --> [1 0 0 1 0 1 1 0 0 1 0 0 0 0 1 1 1 1 0 0 0 1 0 0 1 1 0 1 1 1 0 1]
Reconstruido --> [1 0 0 1 0 1 0 0 0 1 0 0 0 0 1 1 1 1 0 0 0 1 0 0 0 0 0 1 1 1 0 1] | Precisión: 0.91
Distancia de Hamming: 3
--------------------------------------------------
Original     --> [1 1 1 0 1 1 0 1 1 0 0 1 0 1 0 1 1 1 1 0 1 0 1 0 1 1 0 0 0 0 0 1]
Reconstruido --> [1 1 1 0 1 1 1 0 1 0 0 1 0 1 0 1 1 1 1 0 1 0 1 0 1 1 0 0 0 0 0 1] | Precisión: 0.94
Distancia de Hamming: 2
--------------------------------------------------
Original     --> [0 1 0 1 0 1 1 1 1 0 1 0 1 0 0 0 1 1 1 1 0 1 1 0 0 1 0 1 1 1 1 1]
Reconstruido --> [1 1 0 1 0 1 1 0 1 0 1 0 1 0 1 0 1 1 1 1 1 1 1 0 0 1 1 1 1 1 0 1] | Precisión: 0.81
Distancia de Hamming: 6
--------------------------------------------------
Original     --> [0 1 0 1 1 1 0 1 1 0 1 1 0 1 1 0 1 0 0 0 1 0 0 1 1 1 1 1 0 1 0 0]
Reconstruido --> [0 1 1 0 1 1 1 0 1 0 1 0 1 1 1 0 0 0 0 0 1 0 0 1 0 1 1 1 0 1 0 0] | Precisión: 0.75
Distancia de Hamming: 8
--------------------------------------------------
La media de la precisión del descifrado es 0.9188
Distancia media de Hamming = 2.5978 | Número de bits: 32
Número de reconstrucciones perfectas = 668



EVALUACIÓN CON 2100:

Original     --> [1 1 0 0 1 0 1 1 0 0 1 1 1 1 0 0 0 0 1 1 0 1 1 0 1 0 0 1 1 1 1 1]
Reconstruido --> [1 1 0 0 1 0 1 1 0 0 0 1 1 1 0 0 0 0 1 1 0 1 1 0 1 0 0 1 1 1 1 1] | Precisión: 0.97
Distancia de Hamming: 1
--------------------------------------------------
Original     --> [1 1 0 1 1 0 0 0 1 1 0 0 1 0 0 1 1 1 0 0 0 1 1 1 1 0 0 0 0 1 1 1]
Reconstruido --> [1 1 0 1 1 0 0 0 1 1 0 0 1 0 0 1 1 1 0 0 0 1 1 1 1 0 0 0 0 1 0 1] | Precisión: 0.97
Distancia de Hamming: 1
--------------------------------------------------
Original     --> [1 1 1 0 0 0 1 1 1 1 1 1 0 1 1 0 1 1 1 1 1 1 0 1 1 0 0 0 0 0 1 1]
Reconstruido --> [1 1 0 0 0 0 1 1 1 1 0 1 0 1 1 0 1 1 1 1 0 1 0 1 1 0 0 0 0 0 0 1] | Precisión: 0.88
Distancia de Hamming: 4
--------------------------------------------------
Original     --> [0 0 1 0 0 1 1 0 0 1 0 1 1 0 1 0 1 1 1 0 1 0 1 0 0 0 0 1 1 1 1 1]
Reconstruido --> [0 0 1 0 0 1 1 0 0 1 0 1 1 0 1 0 1 1 1 0 0 0 1 0 0 0 0 1 1 1 0 1] | Precisión: 0.94
Distancia de Hamming: 2
--------------------------------------------------
Original     --> [0 0 1 1 0 0 0 0 0 1 0 0 0 0 1 1 1 0 0 0 0 1 0 0 1 1 0 0 1 0 0 1]
Reconstruido --> [0 0 1 1 0 0 0 0 0 1 0 0 0 0 1 1 1 0 0 0 0 1 0 0 1 0 0 0 1 0 0 1] | Precisión: 0.97
Distancia de Hamming: 1
--------------------------------------------------
Original     --> [1 1 1 0 0 0 0 1 1 1 1 1 0 0 0 1 1 1 1 0 0 0 1 0 1 0 1 1 0 0 1 0]
Reconstruido --> [1 1 1 0 0 0 0 1 1 1 0 1 0 0 0 1 1 1 1 0 0 0 1 0 1 0 1 1 0 0 0 0] | Precisión: 0.94
Distancia de Hamming: 2
--------------------------------------------------
Original     --> [1 0 1 1 1 0 0 0 0 1 1 0 1 1 1 0 1 1 0 0 1 0 0 0 0 0 0 1 0 0 1 1]
Reconstruido --> [1 0 1 1 1 0 0 0 0 1 0 0 1 1 1 0 1 1 0 0 1 0 0 0 0 0 0 1 0 0 1 1] | Precisión: 0.97
Distancia de Hamming: 1
--------------------------------------------------
Original     --> [0 1 0 0 0 0 1 0 1 0 1 1 0 0 1 0 0 0 1 1 0 1 1 0 0 0 0 1 0 0 1 0]
Reconstruido --> [0 1 0 0 0 0 1 0 1 0 0 1 0 0 1 0 0 0 1 1 0 1 1 0 0 0 0 1 0 0 0 0] | Precisión: 0.94
Distancia de Hamming: 2
--------------------------------------------------
Original     --> [0 0 1 1 1 0 1 0 0 1 1 0 0 1 0 0 0 0 0 1 1 1 0 0 0 0 1 1 0 0 0 1]
Reconstruido --> [0 0 1 1 1 0 1 0 0 1 0 0 0 1 0 0 0 0 0 1 0 1 0 0 0 0 1 1 0 0 1 1] | Precisión: 0.91
Distancia de Hamming: 3
--------------------------------------------------
Original     --> [1 0 0 0 1 0 1 1 1 1 0 0 1 1 1 1 0 1 1 0 1 0 1 0 1 0 1 1 1 1 1 1]
Reconstruido --> [1 0 0 0 1 0 1 1 1 1 0 0 1 1 1 1 0 1 1 0 0 0 1 0 1 1 1 1 1 1 1 1] | Precisión: 0.94
Distancia de Hamming: 2
--------------------------------------------------
La media de la precisión del descifrado es 0.9225
Distancia media de Hamming = 2.4805 | Número de bits: 32
Número de reconstrucciones perfectas = 532



EVALUACIÓN CON 2400:

Original     --> [1 1 0 0 1 1 0 0 0 1 0 0 1 0 1 0 1 0 1 0 0 1 0 0 0 1 1 1 1 0 1 0]
Reconstruido --> [1 1 0 0 1 1 0 0 0 1 0 0 1 0 1 0 1 0 1 0 0 1 0 0 0 1 1 1 1 0 0 0] | Precisión: 0.97
Distancia de Hamming: 1
--------------------------------------------------
Original     --> [1 0 0 0 1 0 0 0 1 1 0 1 0 0 0 1 1 0 1 0 1 1 0 0 1 1 0 0 1 1 1 0]
Reconstruido --> [1 0 1 0 1 0 1 0 1 1 0 1 1 0 0 1 1 1 1 0 1 1 0 0 1 1 0 0 1 0 0 0] | Precisión: 0.81
Distancia de Hamming: 6
--------------------------------------------------
Original     --> [1 1 0 1 1 0 0 0 0 0 1 0 0 1 0 0 1 1 0 0 0 1 1 1 0 1 0 0 0 1 0 0]
Reconstruido --> [1 1 0 0 1 0 0 0 0 0 1 0 0 1 0 0 1 1 0 0 0 1 1 1 0 1 0 0 0 1 0 0] | Precisión: 0.97
Distancia de Hamming: 1
--------------------------------------------------
Original     --> [1 1 1 1 0 1 0 0 0 0 1 0 1 0 1 1 0 0 1 0 0 0 1 1 1 0 1 1 1 1 1 0]
Reconstruido --> [1 1 1 1 0 1 0 0 0 0 1 0 1 1 1 1 0 0 1 0 0 0 1 1 1 0 1 1 1 1 0 0] | Precisión: 0.94
Distancia de Hamming: 2
--------------------------------------------------
Original     --> [1 0 1 1 0 1 0 1 0 1 0 0 0 0 1 1 0 0 1 0 0 1 0 1 1 1 0 1 0 0 0 0]
Reconstruido --> [1 0 1 1 0 1 0 1 0 1 0 0 0 0 1 1 0 0 1 0 0 1 0 1 1 1 1 1 0 0 0 0] | Precisión: 0.97
Distancia de Hamming: 1
--------------------------------------------------
Original     --> [1 1 1 1 1 0 0 0 0 1 0 1 0 1 0 1 1 1 0 1 1 0 0 1 0 0 1 1 1 1 0 1]
Reconstruido --> [1 1 1 1 1 0 0 0 0 1 0 1 0 1 0 1 1 1 0 1 1 0 0 1 0 0 0 1 1 1 0 1] | Precisión: 0.97
Distancia de Hamming: 1
--------------------------------------------------
Original     --> [1 1 1 0 1 1 1 1 0 1 0 0 1 0 0 0 0 0 1 0 1 0 1 0 0 1 1 0 1 1 1 0]
Reconstruido --> [1 1 1 0 1 1 1 1 0 1 0 0 1 0 0 0 0 0 1 0 1 0 1 0 0 1 0 0 1 1 0 0] | Precisión: 0.94
Distancia de Hamming: 2
--------------------------------------------------
Original     --> [1 1 0 1 1 0 1 0 0 1 1 1 1 1 1 0 0 0 1 1 1 1 1 1 0 0 0 1 0 1 0 0]
Reconstruido --> [1 1 0 1 1 0 1 0 0 1 1 1 1 1 1 0 0 0 1 1 1 1 1 1 0 0 1 1 0 1 0 0] | Precisión: 0.97
Distancia de Hamming: 1
--------------------------------------------------
Original     --> [1 1 1 0 1 0 1 0 0 0 1 1 1 0 1 0 0 0 0 1 1 0 1 0 1 1 1 1 1 0 1 1]
Reconstruido --> [1 0 0 0 1 0 1 1 0 0 0 1 1 0 1 0 0 0 0 1 1 0 1 0 1 1 0 1 1 0 0 0] | Precisión: 0.78
Distancia de Hamming: 7
--------------------------------------------------
Original     --> [1 0 1 0 1 1 0 1 1 1 0 1 0 1 0 1 0 1 1 0 1 1 1 1 0 0 0 0 1 1 1 0]
Reconstruido --> [1 1 1 0 1 1 1 1 1 1 0 1 0 1 0 1 0 1 1 0 1 1 1 1 0 0 0 0 1 1 0 0] | Precisión: 0.91
Distancia de Hamming: 3
--------------------------------------------------
La media de la precisión del descifrado es 0.9384
Distancia media de Hamming = 1.9725 | Número de bits: 32
Número de reconstrucciones perfectas = 1367



EVALUACIÓN CON 2700:

Original     --> [1 1 1 1 1 0 1 0 1 1 1 1 0 1 0 0 1 1 0 0 1 0 1 1 1 1 1 1 1 0 1 0]
Reconstruido --> [0 1 1 1 1 1 1 0 1 1 1 1 0 1 0 0 1 1 0 1 1 0 1 1 1 1 1 1 1 0 1 0] | Precisión: 0.91
Distancia de Hamming: 3
--------------------------------------------------
Original     --> [0 0 0 1 0 0 0 0 0 0 0 0 0 0 0 1 0 0 1 0 0 0 1 1 0 1 0 1 1 0 0 0]
Reconstruido --> [0 0 0 1 0 1 0 0 0 0 0 0 0 0 0 1 0 0 1 1 0 0 1 0 0 1 0 1 1 0 0 1] | Precisión: 0.88
Distancia de Hamming: 4
--------------------------------------------------
Original     --> [0 0 1 0 1 1 1 1 1 1 0 0 0 1 1 1 0 0 1 1 1 1 1 0 0 1 0 0 1 1 0 0]
Reconstruido --> [1 0 1 0 1 1 1 1 1 1 0 0 0 1 1 1 0 0 1 1 1 1 1 0 0 1 0 0 1 1 0 0] | Precisión: 0.97
Distancia de Hamming: 1
--------------------------------------------------
Original     --> [0 0 1 1 0 0 0 1 1 0 1 1 0 0 1 1 0 1 1 1 0 1 0 0 1 1 0 1 0 0 1 1]
Reconstruido --> [0 0 1 1 0 0 0 1 1 0 1 1 0 0 1 1 0 1 1 1 0 1 0 0 1 1 0 1 0 0 1 1] | Precisión: 1.00
Distancia de Hamming: 0
--------------------------------------------------
Original     --> [1 1 1 0 1 1 0 0 0 0 0 0 0 0 0 1 0 0 1 1 0 0 0 0 1 0 1 0 1 0 0 1]
Reconstruido --> [0 1 1 0 1 1 0 0 0 0 0 0 0 0 0 1 0 0 1 1 0 0 0 0 1 0 1 0 1 0 0 1] | Precisión: 0.97
Distancia de Hamming: 1
--------------------------------------------------
Original     --> [0 0 0 0 0 0 0 0 0 0 1 0 1 1 0 1 1 1 0 0 1 0 1 1 0 0 0 1 0 1 1 0]
Reconstruido --> [0 0 0 0 0 1 0 0 0 0 1 0 1 1 0 1 1 1 0 1 1 0 1 1 0 0 0 1 0 1 1 0] | Precisión: 0.94
Distancia de Hamming: 2
--------------------------------------------------
Original     --> [1 0 1 1 0 0 0 1 1 0 0 0 1 0 1 0 0 1 1 1 0 0 0 1 0 1 1 0 1 0 0 1]
Reconstruido --> [0 0 1 1 0 0 0 1 1 0 0 0 1 0 1 0 0 1 1 1 0 0 0 1 0 1 1 0 1 0 0 1] | Precisión: 0.97
Distancia de Hamming: 1
--------------------------------------------------
Original     --> [1 0 1 0 0 0 1 1 1 1 1 1 1 1 1 1 1 0 0 0 1 1 0 1 0 1 1 1 0 0 1 0]
Reconstruido --> [0 0 1 0 0 0 1 1 1 1 1 1 1 1 1 1 1 0 0 1 1 1 0 1 0 1 1 1 0 0 1 1] | Precisión: 0.91
Distancia de Hamming: 3
--------------------------------------------------
Original     --> [0 0 1 1 1 0 0 1 0 1 1 0 0 1 1 1 1 1 1 1 0 1 1 0 0 0 1 1 0 0 0 1]
Reconstruido --> [0 0 1 1 1 1 0 1 0 1 1 0 0 1 1 1 1 1 1 0 0 1 1 0 0 0 0 1 0 0 0 0] | Precisión: 0.88
Distancia de Hamming: 4
--------------------------------------------------
Original     --> [1 0 1 1 0 1 0 0 0 1 1 1 0 0 1 0 1 1 1 0 1 1 1 1 0 0 1 1 1 0 1 0]
Reconstruido --> [0 0 0 1 0 1 0 0 0 1 1 1 0 0 1 0 1 1 1 1 1 1 1 1 0 0 0 0 1 0 1 0] | Precisión: 0.84
Distancia de Hamming: 5
--------------------------------------------------
La media de la precisión del descifrado es 0.9278
Distancia media de Hamming = 2.3090 | Número de bits: 32
Número de reconstrucciones perfectas = 719



EVALUACIÓN CON 3000:

Original     --> [0 1 0 1 0 0 1 0 0 1 0 0 1 0 1 0 0 1 1 1 1 1 0 1 1 1 1 1 0 1 0 1]
Reconstruido --> [0 1 0 1 0 0 1 0 0 1 0 0 1 0 1 0 0 1 1 1 1 1 0 1 1 1 1 1 0 1 0 1] | Precisión: 1.00
Distancia de Hamming: 0
--------------------------------------------------
Original     --> [0 1 0 0 0 0 1 0 0 1 0 1 0 0 1 1 1 1 0 1 1 0 0 1 1 1 0 1 1 1 1 1]
Reconstruido --> [0 1 0 0 0 0 1 0 0 1 0 1 0 0 1 1 1 1 0 1 1 0 0 1 1 1 0 1 1 1 1 1] | Precisión: 1.00
Distancia de Hamming: 0
--------------------------------------------------
Original     --> [1 0 0 0 0 0 0 0 1 1 0 0 1 1 0 1 0 0 0 0 0 0 0 1 1 1 0 0 0 0 0 0]
Reconstruido --> [1 0 0 0 0 0 0 0 1 1 0 0 1 1 0 1 0 0 0 0 0 0 0 1 1 1 0 0 0 0 0 0] | Precisión: 1.00
Distancia de Hamming: 0
--------------------------------------------------
Original     --> [0 0 1 1 1 0 0 1 0 0 1 0 0 0 1 1 1 1 1 0 1 0 1 1 0 1 1 1 0 0 0 0]
Reconstruido --> [0 0 1 1 1 0 0 1 0 0 1 0 0 0 1 1 1 1 1 0 1 0 1 1 0 1 1 1 0 0 0 0] | Precisión: 1.00
Distancia de Hamming: 0
--------------------------------------------------
Original     --> [1 1 1 0 0 1 0 0 1 0 0 1 0 0 0 1 1 0 0 0 0 0 1 1 0 0 1 1 1 1 0 0]
Reconstruido --> [1 1 1 0 0 1 1 0 1 1 0 1 0 0 0 1 1 0 1 0 0 1 1 1 0 0 1 1 1 1 0 0] | Precisión: 0.88
Distancia de Hamming: 4
--------------------------------------------------
Original     --> [0 1 1 1 1 1 0 1 0 0 0 1 1 0 0 0 1 0 0 1 0 0 0 1 0 1 1 1 1 0 1 1]
Reconstruido --> [0 1 1 1 1 1 0 1 0 1 0 1 1 0 0 0 1 1 1 1 0 1 0 1 0 1 1 1 1 0 1 1] | Precisión: 0.88
Distancia de Hamming: 4
--------------------------------------------------
Original     --> [1 0 0 0 1 0 1 0 0 0 0 0 0 1 1 0 0 0 1 1 1 0 0 1 0 0 0 0 0 1 1 0]
Reconstruido --> [1 1 0 0 1 0 1 0 0 0 0 1 0 1 1 0 0 1 1 0 1 0 0 0 0 0 0 0 0 1 0 0] | Precisión: 0.81
Distancia de Hamming: 6
--------------------------------------------------
Original     --> [0 1 1 0 0 0 0 1 0 0 0 1 1 1 1 0 1 1 1 0 1 1 1 0 0 0 0 0 1 1 1 1]
Reconstruido --> [0 1 1 0 0 0 0 1 0 0 0 1 1 1 1 0 1 1 1 0 1 1 1 0 0 0 0 0 1 1 1 1] | Precisión: 1.00
Distancia de Hamming: 0
--------------------------------------------------
Original     --> [1 0 0 0 0 0 0 1 1 1 0 1 0 1 1 1 0 0 0 1 1 0 0 0 0 1 1 0 0 1 1 0]
Reconstruido --> [1 0 0 0 0 0 0 0 1 1 0 1 0 1 1 1 0 1 0 1 1 0 1 0 0 1 1 0 0 1 1 0] | Precisión: 0.91
Distancia de Hamming: 3
--------------------------------------------------
Original     --> [1 0 0 1 1 1 0 1 1 1 1 1 0 1 1 1 0 1 1 1 0 0 0 1 0 1 1 1 0 0 0 0]
Reconstruido --> [1 0 0 1 1 1 0 0 1 1 1 1 0 1 1 1 0 1 1 1 0 0 0 1 0 1 1 1 0 0 0 0] | Precisión: 0.97
Distancia de Hamming: 1
--------------------------------------------------
La media de la precisión del descifrado es 0.9511
Distancia media de Hamming = 1.5649 | Número de bits: 32
Número de reconstrucciones perfectas = 2150



EVALUACIÓN CON 3300:

Original     --> [1 1 1 1 0 1 0 0 1 1 1 0 0 0 1 1 0 1 1 0 0 0 1 1 1 1 0 1 0 0 0 1]
Reconstruido --> [1 1 1 1 0 1 0 0 1 1 1 1 0 0 1 1 0 1 1 0 0 0 1 1 1 1 0 1 0 0 0 1] | Precisión: 0.97
Distancia de Hamming: 1
--------------------------------------------------
Original     --> [0 0 0 0 0 0 1 0 1 1 1 1 0 1 0 1 1 0 0 1 0 1 0 0 0 0 0 1 1 0 0 1]
Reconstruido --> [0 0 0 0 0 0 1 0 1 1 0 1 0 1 0 1 1 0 0 0 0 1 0 0 0 0 1 0 1 0 0 1] | Precisión: 0.88
Distancia de Hamming: 4
--------------------------------------------------
Original     --> [1 1 1 0 1 0 1 1 1 0 0 0 1 1 0 0 0 1 0 1 1 1 0 1 1 0 1 0 1 0 1 1]
Reconstruido --> [1 1 1 0 1 0 1 0 1 0 0 0 1 1 0 0 0 1 0 1 1 1 0 1 1 0 1 1 1 0 1 1] | Precisión: 0.94
Distancia de Hamming: 2
--------------------------------------------------
Original     --> [0 1 0 1 0 0 1 0 1 0 0 0 1 0 1 0 0 1 0 0 0 1 1 0 0 0 0 0 0 1 0 1]
Reconstruido --> [0 1 0 1 0 1 1 0 1 0 1 0 1 0 1 0 0 1 0 0 0 1 1 0 0 0 0 0 0 1 0 1] | Precisión: 0.94
Distancia de Hamming: 2
--------------------------------------------------
Original     --> [1 0 1 1 1 0 0 1 0 1 1 1 1 1 0 1 0 1 1 0 1 0 0 0 1 1 1 0 1 1 1 1]
Reconstruido --> [1 0 1 1 1 0 0 0 0 1 0 1 1 1 0 1 0 1 1 0 1 0 0 0 1 1 1 0 1 1 1 1] | Precisión: 0.94
Distancia de Hamming: 2
--------------------------------------------------
Original     --> [0 1 1 1 1 1 1 1 0 0 0 1 0 0 1 0 1 0 0 0 0 0 0 0 1 0 1 0 1 0 0 1]
Reconstruido --> [0 1 1 1 1 0 1 0 1 1 0 1 0 0 1 0 1 0 0 0 1 0 0 0 1 0 1 0 1 0 0 1] | Precisión: 0.84
Distancia de Hamming: 5
--------------------------------------------------
Original     --> [1 0 0 1 0 0 1 0 1 1 1 0 1 0 0 0 1 0 1 0 1 0 1 0 1 0 0 0 1 1 0 1]
Reconstruido --> [1 0 0 1 0 1 1 0 1 1 0 1 1 0 0 0 1 0 1 0 1 0 1 0 1 0 0 1 1 1 0 1] | Precisión: 0.88
Distancia de Hamming: 4
--------------------------------------------------
Original     --> [1 0 1 0 1 0 0 1 1 0 1 1 1 1 1 0 0 1 1 1 1 1 0 1 0 1 0 1 1 1 0 0]
Reconstruido --> [1 0 1 0 1 0 0 0 1 0 0 0 1 1 1 0 0 0 1 1 1 1 0 1 0 1 0 0 1 1 0 0] | Precisión: 0.84
Distancia de Hamming: 5
--------------------------------------------------
Original     --> [0 0 0 0 0 1 0 0 0 0 0 1 1 1 1 0 1 0 1 1 0 1 0 0 1 1 1 0 1 1 1 1]
Reconstruido --> [0 1 0 0 0 0 0 0 0 0 0 1 1 1 1 0 1 0 1 1 0 1 0 1 1 1 1 1 1 0 1 1] | Precisión: 0.84
Distancia de Hamming: 5
--------------------------------------------------
Original     --> [0 0 1 1 1 0 1 0 0 0 1 1 0 1 1 1 1 1 1 1 0 1 0 1 0 0 0 0 0 0 0 0]
Reconstruido --> [0 0 1 1 1 0 1 0 0 0 0 1 0 1 1 0 1 1 1 0 0 1 0 1 0 0 0 0 0 0 0 0] | Precisión: 0.91
Distancia de Hamming: 3
--------------------------------------------------
La media de la precisión del descifrado es 0.8867
Distancia media de Hamming = 3.6254 | Número de bits: 32
Número de reconstrucciones perfectas = 173



EVALUACIÓN CON 3600:

Original     --> [0 0 0 1 1 0 0 0 0 0 0 1 1 1 1 0 0 0 1 1 0 1 0 0 0 1 1 1 1 0 1 0]
Reconstruido --> [0 0 0 1 1 0 0 0 1 0 0 1 1 1 1 1 0 0 1 1 0 1 0 0 0 1 1 1 1 0 1 0] | Precisión: 0.94
Distancia de Hamming: 2
--------------------------------------------------
Original     --> [0 1 1 1 1 1 0 0 0 1 0 1 1 1 1 1 1 1 0 0 1 0 0 0 0 1 0 0 1 1 0 0]
Reconstruido --> [0 1 1 1 0 0 0 1 1 1 0 1 1 1 1 1 1 1 0 0 1 0 0 0 0 1 0 0 1 1 0 0] | Precisión: 0.88
Distancia de Hamming: 4
--------------------------------------------------
Original     --> [0 0 0 0 1 0 1 1 0 0 0 0 0 0 0 1 0 1 0 0 1 1 1 1 1 1 0 0 1 1 0 1]
Reconstruido --> [0 0 0 0 1 0 1 1 1 0 0 0 0 0 0 1 0 1 0 0 1 1 1 1 1 1 0 0 1 1 0 1] | Precisión: 0.97
Distancia de Hamming: 1
--------------------------------------------------
Original     --> [0 0 0 1 1 0 1 0 0 0 1 0 1 1 1 1 1 0 1 1 1 0 0 1 1 0 0 0 0 0 1 1]
Reconstruido --> [0 0 0 1 1 0 1 1 0 0 1 0 1 1 1 0 1 0 1 1 1 0 0 1 1 0 0 0 0 0 1 1] | Precisión: 0.94
Distancia de Hamming: 2
--------------------------------------------------
Original     --> [1 1 1 0 0 1 0 1 0 1 0 0 0 1 1 1 1 0 0 0 0 1 1 0 1 1 0 1 0 1 0 1]
Reconstruido --> [1 1 1 0 0 1 0 1 1 1 0 0 0 1 1 0 1 0 0 0 0 1 1 0 1 1 0 1 0 1 0 1] | Precisión: 0.94
Distancia de Hamming: 2
--------------------------------------------------
Original     --> [0 0 0 1 0 0 1 1 1 0 0 0 0 1 1 0 1 0 1 0 0 1 0 0 1 0 0 0 0 1 0 1]
Reconstruido --> [0 0 0 1 0 0 1 1 1 1 0 0 0 1 0 0 1 0 1 1 0 1 1 0 0 0 0 0 0 1 0 1] | Precisión: 0.84
Distancia de Hamming: 5
--------------------------------------------------
Original     --> [1 1 0 1 1 0 1 1 1 0 1 1 1 1 0 1 1 0 0 1 1 0 1 0 1 0 0 0 0 1 0 1]
Reconstruido --> [1 1 0 1 1 0 1 1 1 0 1 1 1 1 0 0 1 0 0 1 1 0 1 0 1 0 0 0 0 1 0 1] | Precisión: 0.97
Distancia de Hamming: 1
--------------------------------------------------
Original     --> [1 1 1 0 1 1 0 0 1 0 1 1 1 0 1 1 1 0 1 0 0 0 0 0 1 1 1 0 1 1 0 0]
Reconstruido --> [1 1 1 0 1 1 0 0 1 0 1 1 1 0 1 1 1 0 1 0 0 0 0 0 1 1 1 0 1 1 0 0] | Precisión: 1.00
Distancia de Hamming: 0
--------------------------------------------------
Original     --> [1 1 1 1 0 1 0 0 1 0 1 1 1 1 1 1 1 1 0 0 0 1 1 0 0 0 0 0 1 1 1 1]
Reconstruido --> [1 1 1 1 0 1 0 1 1 0 1 1 1 1 1 1 1 1 0 0 0 1 1 0 0 0 0 0 1 1 1 1] | Precisión: 0.97
Distancia de Hamming: 1
--------------------------------------------------
Original     --> [0 0 0 1 1 0 1 0 0 1 0 0 1 1 0 1 1 0 1 0 1 0 1 0 1 0 0 1 1 1 1 0]
Reconstruido --> [0 0 0 1 1 0 1 1 1 1 0 0 1 1 0 0 1 0 1 0 1 0 1 0 1 0 0 1 1 1 1 0] | Precisión: 0.91
Distancia de Hamming: 3
--------------------------------------------------
La media de la precisión del descifrado es 0.9301
Distancia media de Hamming = 2.2369 | Número de bits: 32
Número de reconstrucciones perfectas = 901



EVALUACIÓN CON 3900:

Original     --> [0 1 0 0 0 1 1 0 1 0 0 0 0 1 1 1 1 1 1 0 0 1 1 0 0 0 0 0 1 1 0 1]
Reconstruido --> [0 1 0 0 0 1 1 0 1 0 0 0 0 1 1 1 1 1 1 0 0 1 1 1 0 0 0 0 1 1 0 1] | Precisión: 0.97
Distancia de Hamming: 1
--------------------------------------------------
Original     --> [1 1 0 1 0 0 0 0 1 0 1 0 1 0 1 1 0 1 1 1 0 1 0 1 1 0 1 1 1 0 1 1]
Reconstruido --> [1 1 0 1 0 0 0 0 1 0 1 0 1 0 1 1 0 1 1 1 0 1 0 1 1 0 1 1 1 0 1 1] | Precisión: 1.00
Distancia de Hamming: 0
--------------------------------------------------
Original     --> [1 1 0 1 0 0 0 0 0 0 0 0 0 1 0 1 0 1 0 0 1 0 1 1 1 0 1 0 0 0 1 0]
Reconstruido --> [1 1 0 1 0 0 0 0 0 0 0 0 0 1 0 1 0 1 0 0 1 0 1 0 1 0 1 0 0 0 1 0] | Precisión: 0.97
Distancia de Hamming: 1
--------------------------------------------------
Original     --> [1 1 0 1 0 0 1 1 0 1 0 0 0 1 1 1 1 0 0 0 1 1 1 1 0 0 0 1 0 0 1 1]
Reconstruido --> [1 1 0 1 0 0 1 1 0 1 0 0 0 1 1 1 1 0 0 0 1 1 1 1 0 0 0 1 0 0 1 1] | Precisión: 1.00
Distancia de Hamming: 0
--------------------------------------------------
Original     --> [0 1 0 1 0 1 1 0 0 1 0 0 1 0 0 1 1 1 1 0 1 1 0 0 1 0 1 0 1 0 0 0]
Reconstruido --> [0 1 0 1 0 1 1 0 0 1 0 0 1 0 0 1 1 1 0 0 1 1 0 1 1 0 1 0 1 0 0 0] | Precisión: 0.94
Distancia de Hamming: 2
--------------------------------------------------
Original     --> [1 0 0 0 1 1 0 1 0 0 0 0 1 1 0 0 1 1 1 1 1 1 0 0 0 1 1 0 1 0 1 1]
Reconstruido --> [1 0 0 0 1 1 0 1 0 0 0 0 1 1 0 0 1 1 0 1 1 1 0 0 0 1 1 0 1 0 1 1] | Precisión: 0.97
Distancia de Hamming: 1
--------------------------------------------------
Original     --> [1 1 0 0 1 1 1 1 1 0 0 1 1 0 0 1 1 1 1 0 0 1 1 0 1 0 0 1 0 1 0 1]
Reconstruido --> [1 1 0 0 0 1 1 1 1 0 0 1 1 0 0 1 1 1 0 0 0 1 1 1 1 0 0 1 0 1 0 1] | Precisión: 0.91
Distancia de Hamming: 3
--------------------------------------------------
Original     --> [0 0 1 1 0 0 1 0 1 1 1 0 1 0 0 1 1 0 0 0 0 0 1 1 0 1 0 1 1 0 1 0]
Reconstruido --> [0 0 1 1 0 0 0 0 1 1 1 0 1 0 0 1 1 0 1 0 0 0 1 1 0 1 0 1 1 0 1 0] | Precisión: 0.94
Distancia de Hamming: 2
--------------------------------------------------
Original     --> [0 1 1 0 1 1 0 0 0 1 0 0 1 0 1 1 1 1 0 0 1 0 0 0 1 1 0 0 1 1 0 1]
Reconstruido --> [0 1 1 0 1 1 0 0 0 1 0 0 1 0 1 1 1 1 0 0 1 0 0 0 1 1 0 0 1 1 0 1] | Precisión: 1.00
Distancia de Hamming: 0
--------------------------------------------------
Original     --> [1 0 1 0 1 0 0 1 1 1 1 0 1 0 0 1 1 0 0 0 1 1 1 1 1 1 0 0 1 0 1 1]
Reconstruido --> [1 0 1 0 1 0 0 1 1 1 1 0 1 0 0 1 1 0 0 0 1 0 1 0 1 1 0 0 0 0 0 1] | Precisión: 0.88
Distancia de Hamming: 4
--------------------------------------------------
La media de la precisión del descifrado es 0.9417
Distancia media de Hamming = 1.8642 | Número de bits: 32
Número de reconstrucciones perfectas = 1533



EVALUACIÓN CON 4200:

Original     --> [1 1 0 0 0 1 0 0 1 1 1 0 0 0 0 0 1 0 1 1 1 1 1 0 1 1 0 0 1 0 0 1]
Reconstruido --> [0 1 0 0 1 1 0 0 1 1 1 0 0 0 0 0 1 0 0 1 1 1 0 0 1 1 0 0 1 0 0 1] | Precisión: 0.88
Distancia de Hamming: 4
--------------------------------------------------
Original     --> [1 1 0 0 0 0 0 0 1 1 0 0 1 0 1 1 0 1 1 0 0 0 0 1 1 1 1 1 1 0 1 0]
Reconstruido --> [0 1 0 0 1 0 0 0 1 1 0 0 1 0 1 1 0 1 0 1 0 0 0 1 1 1 1 1 1 0 0 0] | Precisión: 0.84
Distancia de Hamming: 5
--------------------------------------------------
Original     --> [0 1 0 1 0 1 0 0 1 1 0 1 0 0 0 1 0 0 1 0 1 1 0 1 0 1 0 0 0 0 0 1]
Reconstruido --> [0 1 0 1 1 1 0 0 1 1 0 1 0 0 0 1 0 0 0 0 1 1 0 1 0 1 0 0 0 0 0 1] | Precisión: 0.94
Distancia de Hamming: 2
--------------------------------------------------
Original     --> [0 0 0 1 0 1 0 0 0 0 1 0 0 1 0 1 1 1 0 0 1 1 0 1 0 1 1 0 0 0 0 1]
Reconstruido --> [0 0 0 1 0 1 0 0 0 0 1 0 0 1 0 1 1 1 0 0 1 1 0 1 0 1 1 0 0 0 0 1] | Precisión: 1.00
Distancia de Hamming: 0
--------------------------------------------------
Original     --> [1 1 0 0 0 0 0 1 1 1 1 1 0 1 1 0 1 1 0 0 0 1 0 0 0 1 1 0 1 1 1 1]
Reconstruido --> [1 1 0 0 1 1 0 1 1 1 1 1 0 1 1 0 1 1 0 1 0 1 1 0 0 1 1 0 1 1 1 1] | Precisión: 0.88
Distancia de Hamming: 4
--------------------------------------------------
Original     --> [1 0 1 1 1 0 1 1 1 1 1 1 0 0 1 0 0 1 1 1 0 1 0 1 0 1 1 1 1 0 1 1]
Reconstruido --> [1 0 1 1 1 0 1 1 1 1 1 1 0 0 1 0 0 1 1 1 0 1 0 1 0 1 1 1 1 0 1 1] | Precisión: 1.00
Distancia de Hamming: 0
--------------------------------------------------
Original     --> [0 0 1 0 1 1 1 1 1 1 0 0 1 1 0 0 0 0 0 1 0 0 0 1 0 0 0 0 1 1 1 0]
Reconstruido --> [1 0 1 0 0 1 1 1 1 1 0 0 1 1 0 0 0 0 1 1 0 0 1 1 0 0 0 0 1 1 1 0] | Precisión: 0.88
Distancia de Hamming: 4
--------------------------------------------------
Original     --> [1 1 1 0 0 0 0 0 1 1 1 0 1 0 1 1 0 0 1 1 1 0 1 1 0 0 1 1 0 0 1 0]
Reconstruido --> [0 1 1 0 1 0 0 0 1 1 1 0 1 0 1 1 0 0 1 1 1 0 1 1 0 0 1 1 0 0 1 0] | Precisión: 0.94
Distancia de Hamming: 2
--------------------------------------------------
Original     --> [1 1 0 0 0 0 1 1 1 0 1 0 1 1 0 0 1 1 0 1 0 1 1 0 1 1 0 1 0 0 0 1]
Reconstruido --> [0 1 0 0 0 0 1 1 1 0 1 0 1 1 0 0 1 1 0 1 0 1 0 0 1 1 0 1 0 0 0 1] | Precisión: 0.94
Distancia de Hamming: 2
--------------------------------------------------
Original     --> [1 0 0 0 1 0 0 1 1 0 0 1 0 0 1 1 1 1 1 1 0 0 0 0 1 1 1 1 1 0 0 0]
Reconstruido --> [0 0 0 0 1 0 0 1 1 0 0 1 0 0 1 1 1 1 1 1 0 0 1 0 1 1 1 1 1 0 0 0] | Precisión: 0.94
Distancia de Hamming: 2
--------------------------------------------------
La media de la precisión del descifrado es 0.9266
Distancia media de Hamming = 2.3481 | Número de bits: 32
Número de reconstrucciones perfectas = 618



EVALUACIÓN CON 4500:

Original     --> [1 0 1 0 0 0 0 0 1 0 0 1 1 0 0 0 1 0 0 1 1 0 1 0 1 1 0 0 0 1 0 1]
Reconstruido --> [1 0 1 0 0 0 0 1 1 1 0 1 1 1 0 0 1 0 0 1 1 0 1 0 1 1 0 0 0 0 0 1] | Precisión: 0.88
Distancia de Hamming: 4
--------------------------------------------------
Original     --> [1 1 1 1 1 1 1 1 0 1 0 1 0 1 0 0 0 0 1 0 1 1 0 1 0 1 1 1 0 1 0 0]
Reconstruido --> [1 1 1 1 1 1 1 1 0 1 0 1 0 1 0 0 1 0 1 1 1 1 0 1 0 1 1 1 0 0 0 0] | Precisión: 0.91
Distancia de Hamming: 3
--------------------------------------------------
Original     --> [0 0 0 0 1 0 0 0 1 0 0 1 0 0 0 0 0 1 1 0 1 0 1 1 0 0 0 1 1 0 1 0]
Reconstruido --> [0 1 0 0 1 0 0 1 1 0 0 1 0 0 0 0 0 1 1 0 1 0 1 1 0 0 0 1 1 1 1 0] | Precisión: 0.91
Distancia de Hamming: 3
--------------------------------------------------
Original     --> [1 0 0 1 1 0 0 1 1 1 1 1 0 1 0 1 1 1 0 0 1 1 0 1 0 0 1 1 0 1 0 1]
Reconstruido --> [1 0 0 1 0 0 0 1 1 1 1 1 0 1 1 1 1 1 0 0 1 1 0 1 0 0 1 1 0 0 0 1] | Precisión: 0.91
Distancia de Hamming: 3
--------------------------------------------------
Original     --> [0 0 0 1 1 0 1 1 1 0 0 1 1 1 1 0 1 0 1 0 0 1 0 0 1 1 0 0 1 1 1 1]
Reconstruido --> [0 0 0 1 1 0 1 1 1 0 0 1 1 1 0 0 1 0 1 0 0 1 0 0 1 1 0 0 1 1 1 1] | Precisión: 0.97
Distancia de Hamming: 1
--------------------------------------------------
Original     --> [0 0 0 1 1 0 1 0 1 0 0 0 0 1 1 1 0 0 1 1 1 1 0 0 0 0 0 0 0 0 1 0]
Reconstruido --> [0 0 0 1 1 0 1 1 1 0 0 0 0 1 1 1 0 0 0 1 1 1 0 0 0 0 0 0 0 1 1 0] | Precisión: 0.91
Distancia de Hamming: 3
--------------------------------------------------
Original     --> [1 1 0 1 0 1 0 1 1 0 1 0 1 1 0 0 0 1 0 0 1 1 0 0 1 0 0 1 0 0 1 1]
Reconstruido --> [1 1 0 1 0 1 0 1 1 0 1 0 1 1 0 0 0 1 0 0 1 1 0 0 1 0 0 1 0 1 1 1] | Precisión: 0.97
Distancia de Hamming: 1
--------------------------------------------------
Original     --> [1 0 1 0 0 1 0 0 1 0 0 0 0 0 1 1 0 0 1 0 0 0 1 1 0 1 0 0 1 1 1 1]
Reconstruido --> [1 0 1 0 0 1 0 0 1 0 0 0 0 0 1 1 0 0 1 0 0 0 1 1 0 1 1 0 1 1 1 1] | Precisión: 0.97
Distancia de Hamming: 1
--------------------------------------------------
Original     --> [1 0 1 0 0 1 1 0 1 1 0 1 0 1 1 0 0 0 0 1 0 0 0 0 1 1 1 0 0 1 0 0]
Reconstruido --> [1 0 1 0 0 1 1 0 1 1 0 1 0 1 0 0 0 0 0 1 0 0 0 0 1 1 1 0 0 0 0 0] | Precisión: 0.94
Distancia de Hamming: 2
--------------------------------------------------
Original     --> [1 0 1 1 0 0 1 0 1 0 0 1 1 1 1 1 1 0 1 1 0 1 0 0 0 1 0 0 0 1 1 0]
Reconstruido --> [1 0 1 1 0 0 1 0 1 0 0 1 1 1 0 1 1 0 1 1 0 1 0 0 0 1 0 0 0 1 1 0] | Precisión: 0.97
Distancia de Hamming: 1
--------------------------------------------------
La media de la precisión del descifrado es 0.9320
Distancia media de Hamming = 2.1751 | Número de bits: 32
Número de reconstrucciones perfectas = 1332



EVALUACIÓN CON 4800:

Original     --> [1 1 0 0 1 1 1 1 1 1 0 1 1 0 0 0 1 1 0 1 0 1 0 0 0 0 0 1 0 0 1 0]
Reconstruido --> [1 1 0 0 1 1 1 1 1 1 0 1 1 0 0 0 1 1 0 1 1 0 0 0 0 0 0 1 0 0 1 0] | Precisión: 0.94
Distancia de Hamming: 2
--------------------------------------------------
Original     --> [1 0 0 1 0 1 1 0 0 0 0 0 0 0 1 0 0 0 1 0 1 1 1 1 1 1 0 1 1 0 0 0]
Reconstruido --> [1 0 0 1 0 1 1 0 0 1 0 1 0 0 1 0 0 1 1 0 1 1 1 1 1 1 0 1 1 0 0 0] | Precisión: 0.91
Distancia de Hamming: 3
--------------------------------------------------
Original     --> [0 1 0 1 1 0 0 1 0 1 1 1 1 1 1 0 1 0 1 1 1 0 1 1 0 0 0 0 0 1 1 0]
Reconstruido --> [0 1 0 1 1 0 0 1 0 1 1 1 1 1 1 0 1 1 1 1 1 0 0 1 0 0 1 0 0 1 1 0] | Precisión: 0.91
Distancia de Hamming: 3
--------------------------------------------------
Original     --> [0 1 1 1 0 0 0 1 1 0 0 1 1 0 1 0 1 1 0 0 0 0 0 0 0 0 0 0 0 1 0 0]
Reconstruido --> [0 1 1 1 0 0 0 1 1 1 0 1 1 1 1 1 1 1 0 0 0 1 0 0 1 0 0 0 0 1 0 0] | Precisión: 0.84
Distancia de Hamming: 5
--------------------------------------------------
Original     --> [0 1 0 0 0 0 1 1 1 1 1 0 0 1 0 1 0 1 0 1 0 1 1 1 1 1 1 1 0 1 0 0]
Reconstruido --> [0 1 0 0 0 0 1 1 1 0 1 0 0 1 0 1 0 1 0 1 1 0 1 1 1 1 1 1 0 1 0 0] | Precisión: 0.91
Distancia de Hamming: 3
--------------------------------------------------
Original     --> [1 0 1 1 0 1 1 0 1 0 1 1 1 0 1 1 1 1 0 0 1 0 0 1 1 0 1 1 1 1 0 0]
Reconstruido --> [1 1 1 1 0 1 1 0 1 0 1 1 1 1 1 1 1 1 0 0 1 1 0 1 1 0 1 1 1 0 0 0] | Precisión: 0.88
Distancia de Hamming: 4
--------------------------------------------------
Original     --> [0 1 0 1 1 0 0 1 0 1 0 0 0 0 1 1 1 1 0 0 1 1 1 0 0 0 1 0 0 0 0 1]
Reconstruido --> [0 1 0 1 1 0 0 1 0 0 0 0 0 0 1 1 1 1 0 0 1 0 1 0 1 0 1 0 1 0 0 1] | Precisión: 0.88
Distancia de Hamming: 4
--------------------------------------------------
Original     --> [1 1 1 1 0 1 1 0 1 0 1 1 1 0 1 0 0 0 0 0 1 1 0 1 1 1 0 1 1 0 0 0]
Reconstruido --> [1 1 1 1 0 1 1 0 1 1 1 1 1 0 1 0 0 1 0 0 1 1 0 1 1 1 0 1 1 0 0 0] | Precisión: 0.94
Distancia de Hamming: 2
--------------------------------------------------
Original     --> [1 1 1 0 1 1 1 0 0 1 0 0 1 0 0 0 0 1 1 0 1 1 0 0 0 0 1 0 0 0 1 1]
Reconstruido --> [1 1 1 0 1 1 1 0 0 1 0 0 1 0 0 0 0 1 1 0 1 1 0 0 0 0 1 0 0 0 1 1] | Precisión: 1.00
Distancia de Hamming: 0
--------------------------------------------------
Original     --> [0 1 1 0 0 0 1 1 1 0 0 1 0 1 0 0 0 1 0 1 0 1 0 0 0 0 0 0 0 0 1 0]
Reconstruido --> [0 1 1 0 0 0 1 1 1 1 0 1 0 1 0 0 0 1 0 1 0 0 0 1 0 0 0 0 0 0 1 0] | Precisión: 0.91
Distancia de Hamming: 3
--------------------------------------------------
La media de la precisión del descifrado es 0.8873
Distancia media de Hamming = 3.6049 | Número de bits: 32
Número de reconstrucciones perfectas = 161



EVALUACIÓN CON 5100:

Original     --> [1 0 0 1 0 1 0 0 0 1 0 1 0 0 1 0 1 0 0 0 1 1 0 0 0 1 0 1 1 0 1 0]
Reconstruido --> [1 0 0 1 0 1 0 0 0 1 0 1 0 0 1 1 1 0 0 0 1 1 0 0 0 1 1 1 1 0 1 0] | Precisión: 0.94
Distancia de Hamming: 2
--------------------------------------------------
Original     --> [0 0 0 0 1 0 0 1 1 0 0 0 1 0 0 0 0 1 0 0 0 1 1 1 0 1 0 0 1 1 0 1]
Reconstruido --> [0 0 0 0 1 0 0 1 1 0 0 0 1 0 0 0 0 1 0 0 0 1 1 1 0 1 0 0 1 1 0 1] | Precisión: 1.00
Distancia de Hamming: 0
--------------------------------------------------
Original     --> [0 0 1 0 1 0 0 1 0 1 1 0 0 0 0 1 0 1 1 1 1 1 1 0 1 0 1 0 1 1 0 0]
Reconstruido --> [0 0 1 0 1 0 0 1 0 1 1 0 0 0 0 1 0 1 1 0 1 1 1 0 1 0 1 0 1 1 0 0] | Precisión: 0.97
Distancia de Hamming: 1
--------------------------------------------------
Original     --> [0 0 0 1 1 0 1 1 0 0 0 0 0 1 0 1 1 1 0 1 0 1 0 0 0 1 1 0 0 1 0 1]
Reconstruido --> [0 0 0 1 1 0 1 1 0 0 0 0 0 1 0 1 1 1 0 0 0 1 0 0 0 1 0 0 0 1 0 1] | Precisión: 0.94
Distancia de Hamming: 2
--------------------------------------------------
Original     --> [1 1 1 1 0 0 1 1 0 0 1 0 0 0 1 1 1 1 1 0 0 0 0 0 0 1 0 0 0 0 0 0]
Reconstruido --> [1 1 1 1 0 0 1 1 0 0 1 0 0 0 1 1 1 1 1 0 0 0 0 0 0 1 1 0 0 0 0 0] | Precisión: 0.97
Distancia de Hamming: 1
--------------------------------------------------
Original     --> [1 0 0 0 0 1 0 0 1 1 0 1 0 0 0 0 1 1 1 1 0 1 0 0 1 0 1 1 0 0 0 1]
Reconstruido --> [1 0 0 0 0 1 0 0 1 1 0 1 0 0 0 1 1 1 1 0 0 1 0 0 1 0 1 1 0 0 0 1] | Precisión: 0.94
Distancia de Hamming: 2
--------------------------------------------------
Original     --> [0 1 1 1 0 0 0 0 0 1 1 1 0 1 0 0 1 1 0 0 1 1 1 0 0 0 1 0 0 1 0 0]
Reconstruido --> [0 1 1 1 0 0 0 0 0 1 1 1 0 1 0 0 1 1 0 0 1 1 1 0 0 0 1 0 0 1 0 0] | Precisión: 1.00
Distancia de Hamming: 0
--------------------------------------------------
Original     --> [1 1 0 1 0 0 1 0 1 0 0 1 1 0 0 0 1 1 0 0 1 1 1 1 0 1 0 1 1 1 1 1]
Reconstruido --> [1 1 0 1 0 0 1 0 1 0 0 1 1 0 0 0 1 1 0 0 1 1 1 1 0 1 1 1 1 1 1 1] | Precisión: 0.97
Distancia de Hamming: 1
--------------------------------------------------
Original     --> [1 1 1 0 0 1 1 1 1 0 1 1 1 0 1 0 0 0 1 0 1 0 1 0 1 0 0 0 1 0 1 1]
Reconstruido --> [1 1 1 0 0 1 1 1 1 0 1 1 1 0 1 0 0 0 1 0 1 0 1 0 1 0 1 0 1 0 1 1] | Precisión: 0.97
Distancia de Hamming: 1
--------------------------------------------------
Original     --> [0 1 1 0 1 0 1 1 1 1 0 1 1 0 1 0 1 0 1 0 1 0 0 0 1 1 1 1 1 0 0 1]
Reconstruido --> [0 0 0 0 1 1 0 1 1 1 0 0 1 0 1 0 1 0 1 0 1 0 0 0 1 1 0 1 1 0 0 1] | Precisión: 0.81
Distancia de Hamming: 6
--------------------------------------------------
La media de la precisión del descifrado es 0.9430
Distancia media de Hamming = 1.8231 | Número de bits: 32
Número de reconstrucciones perfectas = 1557



EVALUACIÓN CON 5400:

Original     --> [1 0 0 0 1 1 0 1 0 1 0 0 0 1 1 0 1 0 1 1 1 1 1 1 1 0 0 0 1 1 0 1]
Reconstruido --> [1 0 0 0 1 1 0 1 0 1 0 0 0 0 1 0 1 0 0 1 1 1 1 1 1 0 1 0 1 1 0 1] | Precisión: 0.91
Distancia de Hamming: 3
--------------------------------------------------
Original     --> [1 0 1 1 0 0 1 0 1 1 1 0 1 0 1 1 1 0 0 1 1 0 0 0 1 1 1 1 1 1 1 1]
Reconstruido --> [1 0 1 1 0 0 1 0 1 1 1 0 1 0 1 1 1 0 0 1 1 0 0 0 1 1 1 1 1 1 1 1] | Precisión: 1.00
Distancia de Hamming: 0
--------------------------------------------------
Original     --> [0 0 0 1 1 1 0 1 0 1 1 0 1 0 0 0 0 1 1 0 0 1 1 1 1 0 1 0 0 1 1 0]
Reconstruido --> [0 0 0 1 1 1 0 1 0 1 1 0 1 0 0 0 0 1 0 0 0 1 1 1 1 0 1 0 0 1 1 0] | Precisión: 0.97
Distancia de Hamming: 1
--------------------------------------------------
Original     --> [1 1 0 0 1 0 1 0 1 0 0 1 1 1 0 0 0 1 0 1 0 0 1 0 0 1 0 1 0 0 1 0]
Reconstruido --> [1 1 0 0 1 0 1 0 1 0 0 1 1 0 0 0 0 1 0 1 0 0 1 0 0 1 1 1 0 0 1 0] | Precisión: 0.94
Distancia de Hamming: 2
--------------------------------------------------
Original     --> [1 1 0 0 1 1 1 1 0 1 1 0 1 0 0 0 1 1 0 1 0 0 0 0 0 0 0 1 0 1 1 1]
Reconstruido --> [1 1 0 0 1 1 1 1 0 1 1 0 1 0 0 0 1 1 0 1 0 0 0 0 0 0 1 1 0 0 1 1] | Precisión: 0.94
Distancia de Hamming: 2
--------------------------------------------------
Original     --> [1 1 1 1 0 0 0 1 1 1 1 0 0 1 0 0 0 1 0 1 1 1 1 0 1 1 1 1 0 0 0 1]
Reconstruido --> [1 1 1 1 0 0 0 1 1 1 0 0 0 0 0 0 0 1 0 1 1 1 1 0 1 0 0 1 0 0 0 1] | Precisión: 0.88
Distancia de Hamming: 4
--------------------------------------------------
Original     --> [0 1 0 1 1 1 0 0 1 0 1 0 0 1 0 0 0 0 0 1 0 1 0 1 1 1 1 0 1 1 1 1]
Reconstruido --> [0 1 0 1 1 1 0 0 1 0 1 0 0 1 0 0 0 0 1 1 0 1 0 1 1 1 0 0 1 1 1 1] | Precisión: 0.94
Distancia de Hamming: 2
--------------------------------------------------
Original     --> [0 1 0 1 1 0 1 0 0 0 1 0 0 0 1 0 1 1 1 1 0 0 0 0 0 1 0 0 1 1 0 0]
Reconstruido --> [0 1 0 1 1 0 1 0 0 0 1 0 0 0 1 0 1 1 0 1 0 0 0 0 0 1 1 0 1 1 0 0] | Precisión: 0.94
Distancia de Hamming: 2
--------------------------------------------------
Original     --> [0 0 1 1 0 1 1 0 0 1 1 1 0 0 1 0 1 0 0 0 1 1 0 1 1 0 0 0 0 1 1 1]
Reconstruido --> [0 0 1 1 0 1 1 0 0 1 1 1 0 1 1 0 1 0 1 0 1 1 0 1 1 0 1 0 0 1 1 1] | Precisión: 0.91
Distancia de Hamming: 3
--------------------------------------------------
Original     --> [1 1 0 0 0 1 0 0 0 1 1 1 1 0 0 0 1 1 0 0 1 0 0 0 1 0 1 0 0 1 1 0]
Reconstruido --> [1 1 0 0 0 1 0 0 0 1 1 1 1 0 0 0 1 1 0 0 1 0 0 0 1 0 1 0 0 0 1 0] | Precisión: 0.97
Distancia de Hamming: 1
--------------------------------------------------
La media de la precisión del descifrado es 0.9287
Distancia media de Hamming = 2.2806 | Número de bits: 32
Número de reconstrucciones perfectas = 785



EVALUACIÓN CON 5700:

Original     --> [1 1 1 1 0 0 0 0 0 0 1 1 0 1 1 1 1 1 0 1 0 0 0 1 0 1 1 0 0 0 1 1]
Reconstruido --> [1 1 1 0 0 0 0 0 0 0 1 1 0 1 1 1 0 1 0 1 0 0 0 1 0 1 1 0 0 1 1 1] | Precisión: 0.91
Distancia de Hamming: 3
--------------------------------------------------
Original     --> [1 1 1 0 1 0 1 1 0 1 0 0 0 1 1 0 1 1 1 1 1 1 0 0 0 0 1 0 1 0 0 1]
Reconstruido --> [1 1 1 0 1 0 1 1 0 1 0 0 0 1 1 0 0 1 1 0 1 1 0 0 0 0 1 0 1 0 0 1] | Precisión: 0.94
Distancia de Hamming: 2
--------------------------------------------------
Original     --> [0 0 1 1 0 1 0 0 1 1 0 1 1 0 0 1 0 1 1 1 0 0 0 1 1 1 0 0 0 0 1 1]
Reconstruido --> [0 0 1 1 0 1 0 1 1 1 0 1 1 0 0 1 0 1 1 1 0 0 0 1 1 1 0 0 0 0 1 1] | Precisión: 0.97
Distancia de Hamming: 1
--------------------------------------------------
Original     --> [1 1 0 0 0 1 1 0 1 1 0 1 0 1 0 1 0 0 0 1 0 0 1 1 1 0 0 1 1 1 1 0]
Reconstruido --> [1 1 0 0 0 1 1 1 1 1 0 1 0 1 0 1 0 0 0 1 0 0 1 1 1 0 0 1 1 1 1 1] | Precisión: 0.94
Distancia de Hamming: 2
--------------------------------------------------
Original     --> [0 0 0 1 0 1 0 1 0 0 1 0 1 0 1 0 0 1 0 1 0 1 0 1 1 1 1 0 0 1 1 1]
Reconstruido --> [0 0 0 1 0 1 0 1 0 0 0 0 1 0 1 0 0 1 0 1 0 1 0 1 1 1 0 0 0 1 1 1] | Precisión: 0.94
Distancia de Hamming: 2
--------------------------------------------------
Original     --> [0 0 0 1 1 1 1 1 1 0 0 0 1 1 0 1 1 1 0 1 0 1 1 0 1 1 1 1 1 1 1 1]
Reconstruido --> [0 0 0 0 1 1 1 1 1 0 0 0 1 1 0 1 1 1 0 1 0 1 1 0 1 1 1 1 1 1 1 1] | Precisión: 0.97
Distancia de Hamming: 1
--------------------------------------------------
Original     --> [0 1 1 1 1 1 1 0 0 0 0 1 0 1 0 1 1 0 1 0 0 1 1 0 1 0 1 0 1 0 0 0]
Reconstruido --> [0 1 1 0 1 1 1 1 0 0 0 1 0 1 0 1 0 0 1 0 0 1 1 0 1 0 1 0 1 0 0 0] | Precisión: 0.91
Distancia de Hamming: 3
--------------------------------------------------
Original     --> [1 0 1 1 0 0 0 1 1 0 1 1 1 1 1 1 1 1 0 0 0 0 1 0 1 1 0 1 0 0 1 0]
Reconstruido --> [1 0 1 0 0 0 0 1 1 0 1 1 1 1 0 1 0 1 0 0 0 0 1 0 1 1 0 0 0 1 1 0] | Precisión: 0.84
Distancia de Hamming: 5
--------------------------------------------------
Original     --> [1 0 1 0 0 1 1 0 1 0 0 0 1 0 1 1 1 0 1 1 0 0 1 0 1 1 1 0 1 0 0 1]
Reconstruido --> [1 0 1 0 0 1 1 0 1 0 0 0 1 0 1 1 0 0 1 1 0 0 1 0 1 1 1 0 1 0 0 1] | Precisión: 0.97
Distancia de Hamming: 1
--------------------------------------------------
Original     --> [0 0 0 0 0 1 0 1 0 0 0 1 1 0 1 0 1 1 1 1 1 1 1 0 1 1 0 0 1 0 1 1]
Reconstruido --> [0 0 0 0 0 1 0 1 0 0 0 0 1 0 1 0 0 1 1 1 1 1 1 0 1 1 0 0 1 0 1 1] | Precisión: 0.94
Distancia de Hamming: 2
--------------------------------------------------
La media de la precisión del descifrado es 0.9272
Distancia media de Hamming = 2.3304 | Número de bits: 32
Número de reconstrucciones perfectas = 908



EVALUACIÓN CON 6000:

Original     --> [0 0 0 0 1 1 0 0 0 1 0 1 0 1 0 0 1 0 0 1 1 1 0 1 1 1 1 1 0 1 0 0]
Reconstruido --> [0 0 0 0 1 1 0 0 1 1 0 1 0 1 0 0 1 0 0 1 1 1 0 1 0 1 1 1 0 1 0 0] | Precisión: 0.94
Distancia de Hamming: 2
--------------------------------------------------
Original     --> [0 0 0 0 1 1 0 1 0 0 0 0 1 1 0 1 0 1 1 1 1 1 1 1 0 0 1 0 0 0 1 0]
Reconstruido --> [0 0 0 0 0 1 0 1 0 0 0 0 1 1 0 1 0 1 1 1 1 1 1 1 0 0 1 0 0 0 1 0] | Precisión: 0.97
Distancia de Hamming: 1
--------------------------------------------------
Original     --> [1 0 1 0 0 0 1 1 0 0 0 1 1 0 0 0 0 1 0 1 1 1 1 0 1 1 0 0 1 0 1 1]
Reconstruido --> [1 0 1 0 0 0 1 1 0 0 1 1 1 0 1 0 0 1 0 1 1 1 1 0 0 1 0 0 0 0 1 1] | Precisión: 0.88
Distancia de Hamming: 4
--------------------------------------------------
Original     --> [1 0 0 0 1 1 1 0 0 1 1 0 1 1 0 0 1 1 1 0 1 0 0 1 0 1 0 1 1 0 1 0]
Reconstruido --> [1 0 0 0 1 1 1 1 0 0 1 0 1 1 0 0 1 1 1 0 1 0 0 1 1 1 0 1 0 0 1 0] | Precisión: 0.88
Distancia de Hamming: 4
--------------------------------------------------
Original     --> [1 0 1 1 1 0 1 0 0 1 1 1 0 0 1 1 1 0 0 1 1 1 0 0 0 1 0 1 1 1 0 1]
Reconstruido --> [1 0 1 1 0 0 1 0 0 1 0 1 1 0 1 1 1 0 0 1 1 1 0 0 0 1 0 1 1 1 0 1] | Precisión: 0.91
Distancia de Hamming: 3
--------------------------------------------------
Original     --> [0 0 1 1 1 1 0 1 0 1 0 0 1 1 0 0 1 0 0 1 0 0 1 1 0 1 1 1 0 1 0 1]
Reconstruido --> [0 0 1 1 0 1 0 1 0 1 1 1 1 1 0 0 1 0 0 1 0 0 1 1 0 1 1 1 0 1 0 1] | Precisión: 0.91
Distancia de Hamming: 3
--------------------------------------------------
Original     --> [1 1 0 0 1 0 1 0 1 0 1 1 0 0 1 0 0 0 1 1 1 1 0 1 0 1 0 1 1 1 0 1]
Reconstruido --> [1 1 0 0 1 0 1 0 1 1 1 1 1 0 1 0 0 0 1 1 1 1 0 1 1 1 0 1 1 0 0 1] | Precisión: 0.88
Distancia de Hamming: 4
--------------------------------------------------
Original     --> [0 1 1 1 0 1 0 0 0 0 1 1 0 0 1 0 1 0 0 0 1 1 1 0 0 1 1 1 0 0 1 0]
Reconstruido --> [0 1 1 1 0 1 0 0 0 0 1 1 0 0 1 0 1 1 0 1 1 1 1 0 0 1 1 1 0 0 1 0] | Precisión: 0.94
Distancia de Hamming: 2
--------------------------------------------------
Original     --> [1 1 0 1 0 0 1 0 0 1 0 0 0 0 0 1 1 0 1 0 1 0 1 1 0 1 0 0 0 0 0 1]
Reconstruido --> [1 1 0 1 0 0 1 1 0 1 0 0 0 0 0 1 1 1 1 0 1 1 1 1 0 1 0 0 0 0 0 1] | Precisión: 0.91
Distancia de Hamming: 3
--------------------------------------------------
Original     --> [1 1 0 1 0 0 1 1 0 1 0 1 0 0 0 1 0 0 0 0 0 1 1 0 0 0 1 0 1 1 0 0]
Reconstruido --> [1 1 0 1 0 0 1 1 0 1 0 1 0 0 1 1 0 0 0 0 0 1 1 0 0 0 1 0 1 1 0 0] | Precisión: 0.97
Distancia de Hamming: 1
--------------------------------------------------
La media de la precisión del descifrado es 0.9031
Distancia media de Hamming = 3.1004 | Número de bits: 32
Número de reconstrucciones perfectas = 422


Tiempo total de ejecución (s): 4381.126812458038

