-- RESULTADOS DEL EXPERIMENTO 1.1. --

Número de mensajes = 10000
Número de bits = 32
Tamaño del batch = 512
Epochs totales = 6000
Epochs iniciales = 300


EVALUACIÓN CON 300:

Original     --> [0 0 0 0 0 1 0 1 1 1 1 1 1 0 1 0 1 1 0 1 0 1 1 1 0 1 1 1 0 1 0 0]
Reconstruido --> [0 1 0 0 0 1 0 1 1 1 1 1 1 0 1 0 1 1 0 1 0 1 1 1 0 0 1 1 0 1 0 0] | Precisión: 0.94
Distancia de Hamming: 2
--------------------------------------------------
Original     --> [0 1 1 1 1 1 1 1 0 1 1 0 1 1 0 0 0 0 1 0 0 1 0 0 0 0 0 0 1 1 0 0]
Reconstruido --> [0 1 1 1 1 1 1 1 0 1 1 0 1 1 0 0 0 0 1 0 0 1 0 0 0 0 0 1 1 1 0 0] | Precisión: 0.97
Distancia de Hamming: 1
--------------------------------------------------
Original     --> [1 0 0 1 1 1 1 1 0 0 1 1 0 1 0 0 0 1 1 1 0 1 1 0 0 0 1 1 0 0 1 1]
Reconstruido --> [0 0 0 1 0 1 1 1 0 0 1 1 0 1 0 0 0 0 1 1 1 1 1 0 1 1 1 1 1 0 1 1] | Precisión: 0.78
Distancia de Hamming: 7
--------------------------------------------------
Original     --> [0 1 1 1 0 1 0 0 0 0 1 0 1 0 1 0 1 1 0 0 0 1 0 1 1 1 0 0 0 1 1 1]
Reconstruido --> [0 1 1 1 0 1 0 0 1 0 1 0 1 0 0 0 1 1 0 1 0 1 0 1 1 1 0 0 0 1 1 1] | Precisión: 0.91
Distancia de Hamming: 3
--------------------------------------------------
Original     --> [1 1 0 1 1 1 0 1 1 0 0 0 0 0 0 1 1 0 1 1 0 0 1 1 0 1 1 1 0 1 0 1]
Reconstruido --> [0 1 1 1 1 1 0 1 0 0 0 0 0 0 0 1 1 0 0 0 0 0 1 0 0 1 1 1 0 1 0 1] | Precisión: 0.81
Distancia de Hamming: 6
--------------------------------------------------
Original     --> [1 0 0 1 0 0 0 1 1 0 1 0 1 0 0 1 1 0 0 0 0 1 1 1 0 1 0 1 0 1 0 1]
Reconstruido --> [1 1 0 1 0 0 0 1 1 0 1 0 1 1 0 1 1 0 0 0 0 1 1 1 1 1 0 0 0 1 0 1] | Precisión: 0.88
Distancia de Hamming: 4
--------------------------------------------------
Original     --> [0 0 1 1 0 1 0 0 0 1 1 1 0 1 0 0 1 1 0 0 1 0 0 1 0 0 0 0 0 0 0 0]
Reconstruido --> [0 1 1 1 0 1 1 0 0 1 1 1 0 1 1 1 1 1 0 1 1 1 0 1 0 0 0 1 0 0 0 1] | Precisión: 0.75
Distancia de Hamming: 8
--------------------------------------------------
Original     --> [0 1 0 0 1 0 1 1 0 1 1 1 1 0 1 0 0 1 1 0 1 0 1 0 1 0 1 1 0 0 1 1]
Reconstruido --> [0 1 0 0 0 0 1 1 0 1 1 1 1 0 0 0 0 1 1 0 1 0 1 0 1 0 0 1 0 0 1 1] | Precisión: 0.91
Distancia de Hamming: 3
--------------------------------------------------
Original     --> [1 1 0 1 0 0 1 1 1 0 0 0 0 1 0 0 1 1 1 1 0 0 1 1 1 0 0 0 1 1 0 0]
Reconstruido --> [1 1 0 1 0 0 1 1 0 0 0 0 0 1 0 0 1 1 1 1 0 0 1 1 1 0 0 0 1 1 0 0] | Precisión: 0.97
Distancia de Hamming: 1
--------------------------------------------------
Original     --> [1 1 1 1 0 0 1 1 0 0 0 1 1 1 0 1 1 1 0 0 1 0 1 1 1 0 0 1 1 1 1 0]
Reconstruido --> [1 1 0 1 0 0 1 1 0 0 0 1 1 1 0 1 1 1 0 0 1 0 1 1 1 0 0 1 1 0 1 0] | Precisión: 0.94
Distancia de Hamming: 2
--------------------------------------------------
La media de la precisión del descifrado es 0.9146
Distancia media de Hamming = 2.7339 | Número de bits: 32
Número de reconstrucciones perfectas = 1223



EVALUACIÓN CON 600:

Original     --> [0 1 0 0 0 0 0 0 1 1 1 1 1 0 0 0 1 0 0 1 0 1 0 0 1 1 0 0 0 1 1 0]
Reconstruido --> [0 1 0 0 0 1 0 0 1 1 1 1 0 0 0 0 1 0 0 1 0 1 0 0 1 1 0 0 0 1 1 0] | Precisión: 0.94
Distancia de Hamming: 2
--------------------------------------------------
Original     --> [0 0 1 1 0 1 0 1 1 0 1 1 1 0 0 0 0 0 1 1 0 1 1 0 0 1 1 0 0 1 1 0]
Reconstruido --> [0 0 1 1 0 1 0 1 1 0 1 1 1 0 0 0 0 0 1 1 0 1 1 0 0 1 1 0 0 1 1 0] | Precisión: 1.00
Distancia de Hamming: 0
--------------------------------------------------
Original     --> [1 0 1 0 1 0 1 1 0 0 0 1 1 1 0 1 0 0 1 1 0 0 0 1 1 0 1 1 0 0 1 0]
Reconstruido --> [1 0 1 0 1 0 1 1 0 0 0 0 1 1 0 0 0 0 1 1 0 0 0 1 1 0 1 1 1 0 0 0] | Precisión: 0.88
Distancia de Hamming: 4
--------------------------------------------------
Original     --> [1 1 0 1 0 1 1 1 0 0 1 1 1 1 0 1 1 0 1 1 1 0 0 0 0 1 1 1 1 1 1 0]
Reconstruido --> [1 1 0 1 0 1 1 1 0 0 1 0 1 1 0 1 0 0 1 1 1 1 0 0 0 1 0 1 1 1 1 0] | Precisión: 0.88
Distancia de Hamming: 4
--------------------------------------------------
Original     --> [0 1 0 0 1 1 0 1 0 1 1 1 0 0 0 0 1 0 1 0 0 1 0 0 0 0 0 1 0 0 1 1]
Reconstruido --> [0 1 0 0 1 1 0 1 0 1 1 1 0 1 0 0 1 0 1 0 0 1 0 1 1 1 0 1 0 1 1 1] | Precisión: 0.84
Distancia de Hamming: 5
--------------------------------------------------
Original     --> [1 1 0 1 1 0 1 0 1 0 1 0 0 1 1 1 0 0 1 1 0 0 0 0 1 1 1 1 1 1 0 0]
Reconstruido --> [1 1 0 1 1 0 1 0 1 0 1 0 0 0 1 1 0 0 1 1 0 0 0 0 1 1 1 1 1 1 0 0] | Precisión: 0.97
Distancia de Hamming: 1
--------------------------------------------------
Original     --> [1 0 1 1 1 0 0 1 1 1 1 1 1 1 0 1 0 0 1 1 1 0 0 0 0 1 1 1 0 0 0 0]
Reconstruido --> [1 0 1 1 1 0 0 1 1 1 1 0 1 1 0 1 0 0 1 1 1 0 0 0 0 1 1 1 0 0 0 0] | Precisión: 0.97
Distancia de Hamming: 1
--------------------------------------------------
Original     --> [0 0 0 0 0 1 1 1 0 0 1 1 0 1 1 0 0 1 1 1 1 1 0 1 0 1 0 0 0 1 1 1]
Reconstruido --> [0 0 0 0 0 1 1 1 0 0 1 1 0 1 1 0 0 1 1 1 1 1 0 1 0 1 0 0 0 1 1 1] | Precisión: 1.00
Distancia de Hamming: 0
--------------------------------------------------
Original     --> [1 0 0 1 1 1 0 1 0 1 0 1 1 0 0 1 0 1 0 1 0 0 1 1 1 1 1 0 0 0 1 0]
Reconstruido --> [1 0 1 1 1 1 0 0 0 1 1 1 1 0 0 1 0 1 0 0 0 0 1 1 1 1 1 0 0 0 1 0] | Precisión: 0.88
Distancia de Hamming: 4
--------------------------------------------------
Original     --> [0 0 0 0 1 1 0 1 0 0 0 1 0 0 0 0 0 1 0 1 0 1 0 1 0 1 0 1 0 1 0 1]
Reconstruido --> [0 0 0 0 1 1 0 0 0 0 0 1 0 1 0 0 1 1 1 0 0 1 0 1 1 1 0 1 0 1 0 1] | Precisión: 0.81
Distancia de Hamming: 6
--------------------------------------------------
La media de la precisión del descifrado es 0.9263
Distancia media de Hamming = 2.3592 | Número de bits: 32
Número de reconstrucciones perfectas = 2000



EVALUACIÓN CON 900:

Original     --> [0 1 1 0 1 0 0 0 0 0 1 1 1 0 0 0 1 1 1 1 1 0 0 1 0 1 1 1 0 0 1 0]
Reconstruido --> [0 1 1 0 1 0 0 0 0 0 1 1 1 0 0 0 1 1 1 1 1 0 0 1 0 1 1 1 0 0 1 0] | Precisión: 1.00
Distancia de Hamming: 0
--------------------------------------------------
Original     --> [0 0 1 0 1 0 0 1 0 1 0 1 0 1 1 1 0 1 1 0 0 1 0 0 1 0 0 0 1 1 0 1]
Reconstruido --> [1 0 1 0 1 0 0 1 0 1 0 1 0 1 1 1 0 1 1 0 0 1 0 0 1 0 0 0 1 1 0 1] | Precisión: 0.97
Distancia de Hamming: 1
--------------------------------------------------
Original     --> [1 0 1 0 1 1 1 0 1 1 1 1 1 1 0 1 0 0 0 0 0 1 0 0 0 1 0 0 0 0 0 1]
Reconstruido --> [1 0 1 0 1 1 1 0 1 1 0 1 1 1 0 1 0 0 0 0 0 1 0 0 0 1 0 0 0 0 0 1] | Precisión: 0.97
Distancia de Hamming: 1
--------------------------------------------------
Original     --> [0 1 1 1 0 1 1 0 1 1 0 1 0 1 1 0 0 0 0 1 0 0 1 0 0 0 0 0 0 0 0 1]
Reconstruido --> [0 1 1 1 0 1 1 0 1 1 0 1 0 1 1 0 0 0 0 1 0 0 1 0 0 0 0 0 0 0 0 1] | Precisión: 1.00
Distancia de Hamming: 0
--------------------------------------------------
Original     --> [0 1 1 0 1 0 1 1 1 0 0 0 0 0 1 0 0 1 0 1 0 0 0 0 1 1 1 0 0 0 1 0]
Reconstruido --> [0 1 1 0 1 0 1 1 1 0 0 0 0 0 1 0 0 1 0 1 0 0 0 0 0 1 1 0 0 0 1 0] | Precisión: 0.97
Distancia de Hamming: 1
--------------------------------------------------
Original     --> [0 0 1 1 1 1 1 1 1 1 1 1 0 0 1 0 1 1 0 0 1 0 1 1 1 0 1 0 0 1 0 0]
Reconstruido --> [0 0 1 1 1 1 0 1 1 1 1 1 0 0 1 0 0 1 0 0 1 0 1 1 1 0 1 0 0 1 0 0] | Precisión: 0.94
Distancia de Hamming: 2
--------------------------------------------------
Original     --> [0 0 1 1 1 0 1 1 1 0 0 0 1 1 1 0 0 0 0 1 0 0 1 0 1 0 1 0 0 1 1 1]
Reconstruido --> [0 0 1 1 1 0 1 1 1 0 0 0 1 1 1 0 0 0 0 1 0 0 1 0 1 0 1 0 0 1 1 1] | Precisión: 1.00
Distancia de Hamming: 0
--------------------------------------------------
Original     --> [1 1 0 1 1 0 0 0 0 0 1 0 0 1 0 1 1 1 1 1 1 0 0 1 1 0 0 0 1 1 1 0]
Reconstruido --> [1 1 0 1 0 0 0 0 0 0 1 0 0 1 0 1 1 1 1 1 1 0 0 1 1 1 0 0 1 1 1 0] | Precisión: 0.94
Distancia de Hamming: 2
--------------------------------------------------
Original     --> [0 1 1 1 1 0 0 1 0 0 1 1 1 0 1 1 0 0 1 0 0 0 1 1 1 0 0 0 1 0 1 0]
Reconstruido --> [0 1 1 1 1 1 1 1 0 0 1 1 1 0 1 1 0 0 1 0 0 0 1 1 1 0 0 0 1 0 1 0] | Precisión: 0.94
Distancia de Hamming: 2
--------------------------------------------------
Original     --> [0 0 0 1 0 0 1 0 1 1 0 1 1 1 1 0 1 0 0 0 1 0 0 1 1 0 1 0 1 1 1 0]
Reconstruido --> [0 0 0 1 0 0 1 0 1 1 0 1 1 1 1 0 1 0 0 0 1 0 0 1 1 0 1 0 1 1 1 0] | Precisión: 1.00
Distancia de Hamming: 0
--------------------------------------------------
La media de la precisión del descifrado es 0.9419
Distancia media de Hamming = 1.8598 | Número de bits: 32
Número de reconstrucciones perfectas = 2869



EVALUACIÓN CON 1200:

Original     --> [0 1 0 1 0 1 1 1 1 0 0 1 0 1 0 0 0 0 1 1 0 1 1 0 0 1 1 0 1 0 0 0]
Reconstruido --> [0 1 0 1 0 1 1 1 1 0 0 1 0 1 0 0 0 0 1 1 0 1 1 0 0 1 1 0 1 0 0 0] | Precisión: 1.00
Distancia de Hamming: 0
--------------------------------------------------
Original     --> [0 0 1 1 0 1 0 0 1 0 1 1 0 1 0 1 0 1 1 0 1 1 0 0 0 0 0 1 0 0 1 1]
Reconstruido --> [0 0 1 1 0 1 0 0 1 0 1 1 0 1 0 1 0 1 0 0 1 1 0 0 0 0 0 1 0 0 1 1] | Precisión: 0.97
Distancia de Hamming: 1
--------------------------------------------------
Original     --> [1 1 1 0 0 1 1 0 0 1 1 1 1 0 0 1 0 1 1 0 0 1 1 1 1 0 0 1 0 1 1 0]
Reconstruido --> [1 1 1 0 0 1 1 0 0 1 1 1 1 0 0 1 0 1 1 0 0 1 1 1 1 0 0 1 0 1 1 0] | Precisión: 1.00
Distancia de Hamming: 0
--------------------------------------------------
Original     --> [0 1 1 1 1 0 1 1 0 0 1 1 1 0 1 1 0 0 1 0 0 0 1 0 0 0 1 0 1 0 0 0]
Reconstruido --> [0 1 1 1 1 0 1 1 0 0 1 1 1 0 1 1 0 0 1 0 0 0 1 0 0 0 1 0 1 0 0 0] | Precisión: 1.00
Distancia de Hamming: 0
--------------------------------------------------
Original     --> [0 1 1 1 1 0 1 1 0 0 0 1 0 1 1 1 1 1 1 1 1 1 0 0 1 0 0 0 0 1 1 0]
Reconstruido --> [0 1 1 1 1 0 1 1 0 0 0 1 0 1 1 1 1 1 1 1 1 1 0 0 1 0 0 0 0 1 1 0] | Precisión: 1.00
Distancia de Hamming: 0
--------------------------------------------------
Original     --> [1 1 0 1 1 1 1 0 0 1 1 0 0 0 0 0 1 1 1 0 1 1 1 0 1 1 1 0 0 0 0 1]
Reconstruido --> [1 1 0 1 1 1 1 0 0 1 0 0 0 0 0 0 1 1 1 0 1 1 1 0 1 1 1 0 0 0 0 1] | Precisión: 0.97
Distancia de Hamming: 1
--------------------------------------------------
Original     --> [1 0 1 1 1 0 0 1 0 0 1 1 1 1 0 0 0 1 1 1 0 0 1 0 0 1 0 1 0 0 1 0]
Reconstruido --> [1 0 1 1 1 0 0 1 0 0 1 1 1 1 0 0 0 1 1 1 0 0 1 0 0 1 0 1 0 0 1 0] | Precisión: 1.00
Distancia de Hamming: 0
--------------------------------------------------
Original     --> [0 1 1 1 1 1 1 1 1 0 1 0 0 1 0 0 1 0 0 1 0 1 1 1 0 0 1 0 0 0 0 0]
Reconstruido --> [0 1 1 1 1 1 1 1 1 0 1 0 0 1 0 0 1 0 0 1 0 1 1 1 0 0 1 0 0 0 0 0] | Precisión: 1.00
Distancia de Hamming: 0
--------------------------------------------------
Original     --> [1 0 0 0 1 1 0 1 1 1 0 1 1 1 1 1 1 0 0 1 0 1 0 0 1 0 1 0 1 1 1 1]
Reconstruido --> [1 1 0 0 1 0 0 1 1 1 1 0 1 1 1 1 1 0 0 1 0 1 0 0 1 0 1 0 1 1 1 1] | Precisión: 0.88
Distancia de Hamming: 4
--------------------------------------------------
Original     --> [0 0 1 1 0 1 0 1 0 1 1 1 1 1 1 1 1 0 0 0 1 0 1 0 0 0 0 0 0 1 1 1]
Reconstruido --> [0 0 1 1 0 1 0 1 0 1 1 1 1 1 1 1 1 0 0 0 1 0 1 0 0 0 0 0 0 1 1 1] | Precisión: 1.00
Distancia de Hamming: 0
--------------------------------------------------
La media de la precisión del descifrado es 0.9623
Distancia media de Hamming = 1.2079 | Número de bits: 32
Número de reconstrucciones perfectas = 4752



EVALUACIÓN CON 1500:

Original     --> [0 1 1 1 1 0 0 1 0 1 0 1 1 1 0 1 1 1 1 1 0 1 0 0 1 1 1 0 1 0 1 1]
Reconstruido --> [0 1 1 1 1 0 0 1 0 1 0 1 1 1 0 1 1 1 1 1 0 1 0 0 1 1 1 0 1 0 1 1] | Precisión: 1.00
Distancia de Hamming: 0
--------------------------------------------------
Original     --> [1 1 0 0 0 1 1 1 1 0 1 1 1 1 0 1 1 0 1 1 1 1 0 1 1 1 0 0 1 1 1 0]
Reconstruido --> [1 1 0 0 0 1 1 1 1 0 1 1 1 1 0 1 1 0 1 1 1 1 0 1 1 1 0 0 1 1 1 0] | Precisión: 1.00
Distancia de Hamming: 0
--------------------------------------------------
Original     --> [1 0 1 0 1 1 1 1 0 1 1 1 0 1 0 1 0 0 1 0 0 1 1 0 0 1 1 1 1 0 1 1]
Reconstruido --> [1 0 1 0 1 1 1 1 0 1 1 1 0 1 0 1 0 0 1 0 0 1 1 0 0 1 1 1 1 0 1 1] | Precisión: 1.00
Distancia de Hamming: 0
--------------------------------------------------
Original     --> [1 1 0 1 1 0 0 1 1 1 1 1 1 1 0 0 0 0 0 1 1 0 0 0 0 0 1 0 0 1 1 1]
Reconstruido --> [1 1 0 1 1 0 0 1 1 1 1 1 1 1 0 0 0 0 0 1 1 0 0 0 0 0 1 0 0 1 1 1] | Precisión: 1.00
Distancia de Hamming: 0
--------------------------------------------------
Original     --> [1 1 1 1 1 1 0 1 1 0 0 1 1 1 1 1 1 1 1 1 0 1 1 1 0 1 0 0 0 0 0 1]
Reconstruido --> [1 1 1 1 1 1 0 1 1 0 0 1 1 1 1 1 1 1 1 1 0 1 1 1 0 1 0 0 0 0 0 1] | Precisión: 1.00
Distancia de Hamming: 0
--------------------------------------------------
Original     --> [1 0 0 1 0 0 1 0 1 1 1 1 1 0 1 0 0 0 0 1 0 1 1 1 1 1 1 1 0 1 0 1]
Reconstruido --> [1 0 0 1 0 0 1 0 1 1 1 1 1 0 1 0 0 0 0 1 0 1 1 1 1 1 1 1 0 1 0 1] | Precisión: 1.00
Distancia de Hamming: 0
--------------------------------------------------
Original     --> [0 0 0 1 1 1 1 1 1 0 0 1 1 1 0 1 1 1 0 0 1 0 0 0 1 0 0 0 0 1 0 0]
Reconstruido --> [0 0 0 1 1 1 1 1 1 0 0 1 1 1 0 1 1 1 0 0 1 0 0 0 1 0 0 0 0 1 0 0] | Precisión: 1.00
Distancia de Hamming: 0
--------------------------------------------------
Original     --> [0 1 0 0 1 0 1 0 0 0 0 0 0 0 1 0 1 0 1 1 0 0 1 0 0 1 1 1 0 0 0 1]
Reconstruido --> [0 1 0 0 1 0 1 0 0 0 0 0 0 0 1 0 1 0 1 1 0 0 1 0 0 1 1 1 0 0 0 1] | Precisión: 1.00
Distancia de Hamming: 0
--------------------------------------------------
Original     --> [1 1 0 1 0 0 0 1 0 1 0 1 0 1 1 0 0 0 1 1 1 1 0 1 1 0 0 1 1 0 0 0]
Reconstruido --> [1 1 0 1 0 0 0 1 0 1 0 1 0 1 1 0 0 0 1 1 1 1 0 1 1 0 0 1 1 0 0 0] | Precisión: 1.00
Distancia de Hamming: 0
--------------------------------------------------
Original     --> [1 1 1 1 0 1 1 0 0 0 0 1 1 1 0 0 0 1 0 0 1 0 0 0 1 0 1 1 1 1 0 1]
Reconstruido --> [1 1 1 1 0 1 1 0 0 0 0 1 1 1 0 0 0 1 0 0 1 0 0 0 1 0 1 1 1 1 0 1] | Precisión: 1.00
Distancia de Hamming: 0
--------------------------------------------------
La media de la precisión del descifrado es 0.9689
Distancia media de Hamming = 0.9965 | Número de bits: 32
Número de reconstrucciones perfectas = 5593



EVALUACIÓN CON 1800:

Original     --> [1 0 1 1 1 1 1 0 1 0 1 1 1 0 0 1 1 0 1 0 0 1 1 1 1 0 0 1 0 0 1 1]
Reconstruido --> [1 0 1 1 1 1 1 0 1 0 1 1 1 0 0 1 1 0 1 0 0 1 1 1 1 0 0 1 0 0 1 1] | Precisión: 1.00
Distancia de Hamming: 0
--------------------------------------------------
Original     --> [1 0 0 1 0 1 0 1 1 1 1 1 1 0 1 1 0 0 1 1 1 0 0 0 1 0 1 1 1 0 0 1]
Reconstruido --> [1 0 0 1 0 1 0 1 1 1 1 0 1 0 1 1 1 0 1 1 1 0 1 0 1 0 1 1 1 0 0 1] | Precisión: 0.91
Distancia de Hamming: 3
--------------------------------------------------
Original     --> [0 1 1 0 0 0 0 1 1 0 0 0 0 1 1 1 0 0 0 0 0 1 1 1 1 0 1 0 1 0 0 0]
Reconstruido --> [0 1 1 0 0 0 0 1 1 0 0 0 0 0 1 1 0 0 0 0 0 1 1 1 1 0 1 1 1 0 0 0] | Precisión: 0.94
Distancia de Hamming: 2
--------------------------------------------------
Original     --> [1 1 0 0 1 1 0 0 1 1 0 1 0 1 1 1 1 0 0 0 1 0 0 0 1 0 0 1 0 0 1 0]
Reconstruido --> [1 1 0 0 1 1 0 0 1 1 0 1 0 1 1 1 1 0 0 0 1 0 0 0 1 0 0 1 0 0 1 0] | Precisión: 1.00
Distancia de Hamming: 0
--------------------------------------------------
Original     --> [1 1 1 1 1 1 1 0 1 0 0 1 0 0 1 1 0 1 1 1 1 1 1 0 0 0 1 1 1 1 0 1]
Reconstruido --> [1 1 1 1 1 1 1 1 1 0 0 1 0 0 1 1 0 1 1 1 1 1 1 0 0 0 1 1 1 1 0 1] | Precisión: 0.97
Distancia de Hamming: 1
--------------------------------------------------
Original     --> [1 0 1 0 1 0 0 1 0 0 1 0 1 1 0 1 1 1 1 0 0 1 1 1 1 0 0 0 0 0 1 1]
Reconstruido --> [1 0 1 0 1 0 0 1 0 0 1 0 1 1 0 1 1 1 1 0 0 1 1 1 1 0 0 0 0 0 1 1] | Precisión: 1.00
Distancia de Hamming: 0
--------------------------------------------------
Original     --> [0 0 1 1 0 1 0 1 1 0 0 1 1 0 1 1 1 0 1 0 1 0 0 1 1 0 0 1 1 0 1 1]
Reconstruido --> [0 0 1 1 0 1 0 1 1 0 0 1 1 0 1 1 1 0 1 0 1 0 0 1 1 0 0 1 1 0 1 1] | Precisión: 1.00
Distancia de Hamming: 0
--------------------------------------------------
Original     --> [1 1 0 0 0 0 1 0 1 1 0 0 0 0 0 1 1 1 1 0 0 1 0 1 1 0 1 1 1 1 1 0]
Reconstruido --> [1 1 0 0 0 0 1 0 1 1 0 0 0 0 0 1 1 1 1 0 0 1 0 1 1 0 1 1 1 1 1 0] | Precisión: 1.00
Distancia de Hamming: 0
--------------------------------------------------
Original     --> [0 0 1 1 1 1 1 1 1 1 0 1 1 1 0 0 1 1 0 1 0 0 0 0 0 1 1 0 0 0 1 0]
Reconstruido --> [0 0 1 1 1 1 1 1 1 1 0 1 1 1 0 0 1 1 0 1 0 0 0 0 0 1 1 0 0 0 1 0] | Precisión: 1.00
Distancia de Hamming: 0
--------------------------------------------------
Original     --> [1 0 0 0 0 1 1 1 0 0 1 0 1 1 1 1 1 0 0 0 0 0 0 0 1 0 0 0 0 0 1 0]
Reconstruido --> [1 0 0 0 0 1 1 1 0 0 1 0 1 1 1 1 1 0 0 0 0 0 0 0 1 0 0 0 0 0 1 0] | Precisión: 1.00
Distancia de Hamming: 0
--------------------------------------------------
La media de la precisión del descifrado es 0.9689
Distancia media de Hamming = 0.9945 | Número de bits: 32
Número de reconstrucciones perfectas = 5705



EVALUACIÓN CON 2100:

Original     --> [0 1 1 1 0 1 1 1 0 0 1 1 0 1 1 0 1 1 1 1 1 1 0 1 0 0 0 0 0 1 1 1]
Reconstruido --> [0 1 1 1 0 1 1 1 0 0 1 1 0 1 1 0 1 1 1 1 1 1 0 1 0 0 0 0 0 1 1 1] | Precisión: 1.00
Distancia de Hamming: 0
--------------------------------------------------
Original     --> [1 0 0 1 0 0 1 1 0 1 0 0 1 0 0 0 0 1 1 1 0 1 1 0 0 0 0 1 1 1 1 1]
Reconstruido --> [1 0 0 1 0 0 1 1 0 1 0 0 1 0 0 0 0 1 1 1 0 1 1 0 0 0 0 1 1 1 1 1] | Precisión: 1.00
Distancia de Hamming: 0
--------------------------------------------------
Original     --> [0 0 1 1 1 0 1 1 0 1 0 0 1 0 1 1 0 1 0 0 1 0 0 1 0 0 0 0 0 1 0 0]
Reconstruido --> [0 0 1 1 1 0 1 1 0 1 0 0 1 0 1 1 0 1 0 0 1 0 1 1 0 0 0 0 0 1 0 0] | Precisión: 0.97
Distancia de Hamming: 1
--------------------------------------------------
Original     --> [0 1 0 1 0 1 1 1 1 0 1 0 0 1 0 1 0 0 1 1 0 0 0 0 1 0 0 1 1 0 0 0]
Reconstruido --> [0 1 0 1 0 1 1 1 1 0 1 0 0 1 0 1 0 0 1 1 0 0 0 0 1 0 0 1 1 0 0 0] | Precisión: 1.00
Distancia de Hamming: 0
--------------------------------------------------
Original     --> [1 0 0 1 0 0 0 1 1 0 0 1 1 0 1 1 0 1 0 1 0 0 1 0 0 1 1 1 1 1 1 1]
Reconstruido --> [1 1 0 1 0 0 1 1 1 0 0 0 1 0 1 1 0 1 0 0 0 0 1 0 0 0 1 1 1 1 1 1] | Precisión: 0.84
Distancia de Hamming: 5
--------------------------------------------------
Original     --> [1 0 0 0 0 1 0 0 1 0 0 1 1 1 1 1 0 1 0 1 1 1 0 0 0 1 0 0 0 0 0 1]
Reconstruido --> [0 0 0 0 0 1 0 0 1 0 0 1 1 1 1 1 0 1 0 1 1 1 0 0 0 1 0 0 0 0 0 1] | Precisión: 0.97
Distancia de Hamming: 1
--------------------------------------------------
Original     --> [1 0 0 0 1 1 0 1 0 0 0 0 0 1 1 1 1 1 0 1 1 0 0 1 1 0 1 1 1 0 0 1]
Reconstruido --> [1 0 0 0 1 1 0 1 0 0 0 0 0 1 1 1 1 1 0 1 1 0 0 1 1 0 1 1 1 0 0 1] | Precisión: 1.00
Distancia de Hamming: 0
--------------------------------------------------
Original     --> [0 0 0 1 0 0 1 1 0 1 0 1 1 0 0 1 0 0 0 1 0 0 0 1 1 1 0 1 1 0 1 1]
Reconstruido --> [0 0 0 1 0 0 1 0 0 1 0 1 1 0 0 1 0 0 1 1 0 0 0 1 1 1 0 1 1 0 1 1] | Precisión: 0.94
Distancia de Hamming: 2
--------------------------------------------------
Original     --> [0 0 1 0 0 1 0 0 0 0 1 1 1 0 1 1 0 0 1 0 0 1 1 0 1 0 1 1 0 0 0 0]
Reconstruido --> [0 0 1 0 0 1 0 0 0 0 1 1 1 0 1 1 0 0 1 0 0 1 1 0 1 0 1 1 0 0 1 0] | Precisión: 0.97
Distancia de Hamming: 1
--------------------------------------------------
Original     --> [1 1 1 0 0 0 0 1 1 1 0 0 1 1 1 0 0 1 0 0 1 1 0 1 0 1 0 1 0 1 0 0]
Reconstruido --> [1 1 1 0 1 0 0 1 0 1 0 0 1 1 1 0 0 1 0 0 1 1 0 1 0 1 0 1 0 1 0 0] | Precisión: 0.94
Distancia de Hamming: 2
--------------------------------------------------
La media de la precisión del descifrado es 0.9697
Distancia media de Hamming = 0.9708 | Número de bits: 32
Número de reconstrucciones perfectas = 5724



EVALUACIÓN CON 2400:

Original     --> [0 0 1 1 1 1 1 0 0 1 0 0 0 0 1 0 0 0 1 1 0 0 0 0 1 0 0 0 0 0 1 1]
Reconstruido --> [0 0 1 1 1 1 1 0 0 1 0 0 0 0 1 0 0 0 1 1 0 0 0 0 1 0 0 0 0 0 1 1] | Precisión: 1.00
Distancia de Hamming: 0
--------------------------------------------------
Original     --> [1 1 1 0 0 1 1 1 1 1 0 0 0 0 1 0 1 0 1 0 1 0 1 0 0 0 0 0 0 0 1 1]
Reconstruido --> [1 1 1 0 0 1 1 1 1 1 0 0 0 0 1 0 1 0 1 0 1 0 1 0 0 0 0 0 0 0 1 1] | Precisión: 1.00
Distancia de Hamming: 0
--------------------------------------------------
Original     --> [0 1 1 1 0 1 1 1 1 0 1 1 0 0 0 1 1 1 0 1 1 0 0 0 0 0 0 0 1 1 0 0]
Reconstruido --> [0 1 1 1 0 1 1 1 1 0 1 1 0 0 0 1 1 1 0 1 1 0 0 0 0 0 0 0 1 1 0 0] | Precisión: 1.00
Distancia de Hamming: 0
--------------------------------------------------
Original     --> [1 0 0 0 1 0 0 0 0 1 0 1 0 0 1 0 0 1 0 0 1 0 1 0 0 0 1 1 1 0 0 0]
Reconstruido --> [1 0 0 0 1 0 0 0 0 1 0 1 0 0 1 0 0 1 0 0 1 0 1 0 0 0 1 1 1 0 0 0] | Precisión: 1.00
Distancia de Hamming: 0
--------------------------------------------------
Original     --> [0 0 0 0 0 0 0 0 0 0 1 0 1 1 1 0 1 1 0 1 0 1 1 1 0 0 0 1 0 0 0 0]
Reconstruido --> [0 0 0 0 0 0 0 0 0 0 1 0 0 1 1 0 1 1 0 1 0 1 1 1 0 0 0 1 0 0 0 0] | Precisión: 0.97
Distancia de Hamming: 1
--------------------------------------------------
Original     --> [0 0 1 1 0 1 0 1 1 0 0 1 0 1 0 0 0 0 1 0 1 1 1 1 0 1 0 0 0 1 0 0]
Reconstruido --> [0 0 1 1 0 1 0 1 1 0 0 1 0 1 0 0 0 0 1 0 1 1 1 1 0 1 0 0 0 1 0 0] | Precisión: 1.00
Distancia de Hamming: 0
--------------------------------------------------
Original     --> [1 1 1 0 1 1 1 0 1 0 1 0 1 1 0 1 1 1 0 1 1 1 0 1 0 0 0 1 1 0 1 0]
Reconstruido --> [1 1 1 0 1 1 1 0 1 0 1 0 1 1 0 1 1 1 0 1 1 1 0 1 1 0 0 1 1 0 1 0] | Precisión: 0.97
Distancia de Hamming: 1
--------------------------------------------------
Original     --> [0 0 1 1 1 1 1 1 1 1 1 0 0 0 1 1 0 0 0 0 1 1 0 0 1 1 1 0 1 1 0 1]
Reconstruido --> [0 0 1 1 1 1 1 1 1 1 1 0 0 0 1 1 0 0 0 0 1 1 0 0 1 1 1 0 1 1 0 1] | Precisión: 1.00
Distancia de Hamming: 0
--------------------------------------------------
Original     --> [0 0 1 1 0 1 1 0 0 1 1 0 1 0 0 0 0 1 1 0 0 0 0 0 0 0 1 1 0 1 0 1]
Reconstruido --> [0 0 1 1 0 1 1 0 0 1 1 0 1 0 0 0 0 1 1 0 0 0 0 0 0 0 1 1 0 1 0 1] | Precisión: 1.00
Distancia de Hamming: 0
--------------------------------------------------
Original     --> [0 0 0 0 1 0 1 0 0 1 0 1 1 0 0 1 0 1 0 0 0 0 1 0 1 0 0 0 0 0 1 0]
Reconstruido --> [0 0 0 0 1 0 1 0 0 1 0 1 1 0 0 1 0 1 0 0 0 0 1 0 1 0 0 0 0 0 1 0] | Precisión: 1.00
Distancia de Hamming: 0
--------------------------------------------------
La media de la precisión del descifrado es 0.9808
Distancia media de Hamming = 0.6135 | Número de bits: 32
Número de reconstrucciones perfectas = 7204



EVALUACIÓN CON 2700:

Original     --> [0 0 1 1 1 0 0 0 0 0 0 0 1 1 0 0 1 0 1 0 0 0 1 1 0 1 1 0 1 1 0 0]
Reconstruido --> [0 0 1 1 1 0 0 0 0 0 0 0 1 1 0 0 1 0 1 0 0 0 1 1 0 1 1 0 1 1 0 0] | Precisión: 1.00
Distancia de Hamming: 0
--------------------------------------------------
Original     --> [1 1 1 0 0 0 1 0 0 0 1 0 0 0 0 1 0 1 0 1 0 0 0 0 0 1 1 0 0 1 1 0]
Reconstruido --> [1 1 1 0 0 0 1 0 0 0 1 0 0 0 0 1 0 1 0 1 0 0 0 0 0 1 1 0 0 1 1 0] | Precisión: 1.00
Distancia de Hamming: 0
--------------------------------------------------
Original     --> [1 0 1 0 0 0 0 0 0 1 0 0 0 0 1 0 1 0 0 1 1 1 1 0 1 0 0 0 0 0 1 0]
Reconstruido --> [1 0 1 0 0 0 0 0 0 1 0 0 0 0 1 0 1 0 0 1 1 1 1 0 1 0 0 0 0 0 1 0] | Precisión: 1.00
Distancia de Hamming: 0
--------------------------------------------------
Original     --> [0 0 1 0 0 0 1 0 0 1 1 1 1 0 1 0 1 1 1 0 1 1 1 1 1 1 1 1 1 1 1 0]
Reconstruido --> [0 0 1 0 0 0 1 0 0 1 1 1 1 0 1 0 1 1 1 0 1 1 1 1 1 1 1 1 1 1 1 0] | Precisión: 1.00
Distancia de Hamming: 0
--------------------------------------------------
Original     --> [0 0 0 1 0 0 1 1 1 0 0 0 1 1 0 0 1 0 1 0 1 0 1 0 0 1 1 1 0 0 1 1]
Reconstruido --> [0 0 0 1 0 1 0 1 1 1 0 0 1 1 0 0 1 0 1 0 1 0 1 0 0 1 1 1 1 0 0 1] | Precisión: 0.84
Distancia de Hamming: 5
--------------------------------------------------
Original     --> [1 0 0 0 1 0 0 0 0 0 0 0 1 1 1 0 0 0 0 0 1 1 0 0 0 1 0 0 1 1 1 0]
Reconstruido --> [1 1 0 0 1 0 0 0 0 0 0 0 1 1 1 0 0 1 0 0 1 1 0 0 0 1 0 0 1 1 1 0] | Precisión: 0.94
Distancia de Hamming: 2
--------------------------------------------------
Original     --> [0 1 1 1 0 0 0 1 1 1 0 0 0 1 0 1 0 1 0 1 1 1 1 0 0 1 0 0 0 1 0 1]
Reconstruido --> [0 1 1 1 0 0 0 1 1 1 0 0 0 1 0 1 0 1 0 1 1 1 1 0 0 1 0 0 0 1 0 1] | Precisión: 1.00
Distancia de Hamming: 0
--------------------------------------------------
Original     --> [0 1 1 1 1 0 0 1 1 0 0 0 0 0 0 0 1 0 1 1 0 0 1 1 1 0 1 1 1 1 0 1]
Reconstruido --> [0 1 1 1 1 0 0 1 1 0 0 0 0 0 0 0 1 0 1 1 0 0 1 1 1 0 1 1 1 1 0 1] | Precisión: 1.00
Distancia de Hamming: 0
--------------------------------------------------
Original     --> [1 1 0 0 0 0 1 1 0 0 0 0 1 1 1 1 0 0 0 1 1 0 1 1 1 1 0 0 0 1 1 1]
Reconstruido --> [1 1 0 0 0 0 1 1 0 0 0 0 1 1 0 1 0 0 0 1 1 0 1 0 1 1 0 0 0 1 1 0] | Precisión: 0.91
Distancia de Hamming: 3
--------------------------------------------------
Original     --> [0 1 1 1 1 1 0 0 0 0 0 0 1 0 0 1 0 1 0 0 1 0 1 0 0 1 0 1 0 1 0 0]
Reconstruido --> [0 1 1 1 1 1 0 0 0 0 0 0 1 0 0 1 0 1 0 0 1 0 1 0 0 1 0 1 0 1 0 0] | Precisión: 1.00
Distancia de Hamming: 0
--------------------------------------------------
La media de la precisión del descifrado es 0.9810
Distancia media de Hamming = 0.6071 | Número de bits: 32
Número de reconstrucciones perfectas = 7260



EVALUACIÓN CON 3000:

Original     --> [0 1 0 1 0 1 1 0 0 0 0 0 1 1 1 1 1 0 0 1 0 0 0 0 0 0 1 1 0 0 0 1]
Reconstruido --> [0 1 0 1 0 1 1 0 0 0 0 0 1 1 1 1 1 0 0 1 0 0 0 0 0 0 1 1 0 0 0 1] | Precisión: 1.00
Distancia de Hamming: 0
--------------------------------------------------
Original     --> [1 1 1 1 1 0 1 1 0 1 1 1 0 1 1 0 1 0 0 0 1 1 1 1 0 0 1 1 1 1 0 0]
Reconstruido --> [1 1 1 1 1 0 1 1 0 1 1 1 0 1 1 0 1 0 0 0 1 1 1 1 0 0 1 1 1 1 0 0] | Precisión: 1.00
Distancia de Hamming: 0
--------------------------------------------------
Original     --> [1 1 0 0 1 1 1 1 1 1 0 0 1 1 1 1 1 1 0 1 1 0 1 1 0 1 1 1 1 0 1 1]
Reconstruido --> [1 1 0 0 1 1 1 1 1 1 0 0 1 1 1 1 1 1 0 1 1 0 1 1 0 1 1 1 1 0 1 1] | Precisión: 1.00
Distancia de Hamming: 0
--------------------------------------------------
Original     --> [1 1 0 0 0 0 0 1 1 1 0 0 1 1 0 0 1 0 1 1 1 1 0 1 1 1 0 1 1 0 1 0]
Reconstruido --> [1 1 0 0 0 0 0 1 1 1 0 0 1 1 0 0 1 0 1 1 1 1 0 1 1 1 0 1 1 0 1 0] | Precisión: 1.00
Distancia de Hamming: 0
--------------------------------------------------
Original     --> [0 0 0 1 0 1 1 0 0 0 0 0 0 0 0 0 1 0 1 1 1 0 0 1 1 0 1 1 1 0 1 1]
Reconstruido --> [0 0 0 1 0 1 1 0 0 0 0 0 0 0 0 0 1 0 1 1 1 0 0 1 1 0 1 1 1 0 1 1] | Precisión: 1.00
Distancia de Hamming: 0
--------------------------------------------------
Original     --> [0 0 1 1 0 0 1 0 0 1 1 1 1 0 1 0 1 1 1 0 1 0 1 1 1 1 0 0 1 1 0 1]
Reconstruido --> [0 0 1 1 0 0 1 0 0 1 1 1 1 0 1 0 1 1 1 0 1 0 1 1 1 1 0 0 1 1 0 1] | Precisión: 1.00
Distancia de Hamming: 0
--------------------------------------------------
Original     --> [1 1 1 1 0 0 1 1 0 0 0 0 1 0 0 0 1 1 0 1 0 0 1 1 1 0 1 1 0 1 0 0]
Reconstruido --> [1 1 1 1 0 0 1 1 0 0 0 0 1 0 0 0 1 1 0 1 0 0 1 1 1 0 1 1 0 1 0 0] | Precisión: 1.00
Distancia de Hamming: 0
--------------------------------------------------
Original     --> [0 0 1 0 1 0 1 0 0 1 1 1 0 1 1 0 1 1 1 0 1 1 0 1 0 1 0 1 0 0 1 1]
Reconstruido --> [0 0 1 0 1 0 1 0 0 1 1 1 0 1 1 0 1 1 1 0 1 1 0 1 0 1 0 1 0 0 1 1] | Precisión: 1.00
Distancia de Hamming: 0
--------------------------------------------------
Original     --> [1 0 0 0 1 0 0 1 1 1 1 1 1 0 0 1 1 0 0 1 1 1 0 1 0 0 1 0 1 1 0 1]
Reconstruido --> [1 0 0 0 1 0 0 1 1 1 1 1 1 0 0 1 1 0 0 1 1 1 0 1 0 1 1 0 1 1 0 1] | Precisión: 0.97
Distancia de Hamming: 1
--------------------------------------------------
Original     --> [0 1 1 1 0 1 0 0 1 1 0 1 0 0 0 1 0 0 1 0 1 0 0 1 0 0 0 1 0 1 0 0]
Reconstruido --> [0 1 0 1 0 1 1 0 0 1 0 1 0 0 0 1 0 0 1 0 1 1 0 1 0 0 1 1 0 1 1 0] | Precisión: 0.81
Distancia de Hamming: 6
--------------------------------------------------
La media de la precisión del descifrado es 0.9814
Distancia media de Hamming = 0.5960 | Número de bits: 32
Número de reconstrucciones perfectas = 7331



EVALUACIÓN CON 3300:

Original     --> [0 0 0 1 0 1 0 0 0 0 0 1 1 1 1 1 1 1 0 1 0 1 0 1 1 1 1 0 0 1 1 0]
Reconstruido --> [0 0 0 1 0 1 0 0 0 0 0 1 1 1 1 1 1 1 0 1 0 1 0 1 1 1 1 0 0 1 1 0] | Precisión: 1.00
Distancia de Hamming: 0
--------------------------------------------------
Original     --> [0 1 1 0 0 1 0 0 1 1 1 0 0 1 0 1 0 0 0 0 0 0 1 0 1 1 1 0 0 1 1 1]
Reconstruido --> [0 1 1 0 0 1 0 0 1 1 1 0 0 1 0 1 0 0 0 0 0 0 1 0 1 1 1 0 0 1 1 1] | Precisión: 1.00
Distancia de Hamming: 0
--------------------------------------------------
Original     --> [0 0 1 1 0 1 0 0 1 0 1 0 0 0 1 1 0 0 1 1 1 0 1 0 0 1 0 0 1 0 1 1]
Reconstruido --> [0 0 1 1 0 1 0 0 1 0 1 0 0 0 1 1 0 0 1 1 1 0 1 0 0 1 0 0 1 0 1 1] | Precisión: 1.00
Distancia de Hamming: 0
--------------------------------------------------
Original     --> [1 1 1 1 1 0 1 1 0 1 0 1 1 0 1 1 0 1 0 0 0 1 0 0 0 0 1 1 0 0 0 0]
Reconstruido --> [1 1 1 1 1 0 1 1 0 1 0 1 1 0 1 1 0 1 0 0 0 1 0 0 0 0 1 1 0 0 0 0] | Precisión: 1.00
Distancia de Hamming: 0
--------------------------------------------------
Original     --> [0 0 0 1 0 1 0 0 1 1 0 1 1 1 1 0 1 1 0 0 0 0 1 1 1 1 0 1 0 0 0 1]
Reconstruido --> [0 0 0 1 0 1 0 0 1 1 0 1 1 1 1 0 1 1 0 0 0 0 1 1 1 1 0 1 0 0 0 1] | Precisión: 1.00
Distancia de Hamming: 0
--------------------------------------------------
Original     --> [0 0 0 0 1 1 0 1 0 0 0 1 0 1 1 1 0 1 1 0 0 1 1 0 0 0 0 0 1 0 1 1]
Reconstruido --> [0 0 0 0 1 1 0 1 0 0 0 1 0 1 1 1 0 1 1 0 0 1 1 0 0 0 0 0 1 0 1 1] | Precisión: 1.00
Distancia de Hamming: 0
--------------------------------------------------
Original     --> [1 0 0 1 0 0 0 1 0 1 0 1 0 0 1 0 1 0 1 0 1 1 0 0 1 0 1 0 1 1 1 1]
Reconstruido --> [1 0 0 1 0 0 0 1 0 1 0 1 0 0 1 0 1 0 1 0 1 1 0 0 1 0 1 0 1 1 1 1] | Precisión: 1.00
Distancia de Hamming: 0
--------------------------------------------------
Original     --> [1 1 0 1 0 0 1 0 0 1 0 1 1 1 1 0 1 0 1 0 1 1 0 1 1 0 0 0 1 0 1 0]
Reconstruido --> [1 1 0 1 0 0 1 0 0 1 0 1 1 1 0 0 1 1 1 0 1 1 0 1 1 0 0 0 1 0 1 0] | Precisión: 0.94
Distancia de Hamming: 2
--------------------------------------------------
Original     --> [0 1 0 0 0 0 1 1 1 0 1 0 0 0 0 1 0 0 1 0 0 1 1 1 0 1 0 1 0 0 0 0]
Reconstruido --> [0 1 0 0 0 0 1 1 1 0 1 0 0 0 0 1 0 0 1 0 0 1 1 1 0 1 0 1 0 0 0 0] | Precisión: 1.00
Distancia de Hamming: 0
--------------------------------------------------
Original     --> [0 1 1 0 0 1 0 0 1 0 1 1 1 1 1 0 1 0 1 1 0 0 1 1 1 0 0 0 1 1 0 1]
Reconstruido --> [0 1 1 0 0 1 0 1 1 0 1 1 1 1 1 0 1 0 1 1 0 1 1 1 1 0 0 0 1 1 0 1] | Precisión: 0.94
Distancia de Hamming: 2
--------------------------------------------------
La media de la precisión del descifrado es 0.9813
Distancia media de Hamming = 0.5989 | Número de bits: 32
Número de reconstrucciones perfectas = 7251



EVALUACIÓN CON 3600:

Original     --> [1 0 1 1 1 0 1 0 0 0 1 1 1 1 0 0 1 1 0 0 1 0 1 1 1 0 0 1 1 1 0 0]
Reconstruido --> [1 0 1 1 1 0 1 0 0 0 1 1 1 1 0 0 1 1 0 0 1 0 1 1 1 0 0 1 1 1 0 0] | Precisión: 1.00
Distancia de Hamming: 0
--------------------------------------------------
Original     --> [1 0 0 0 1 0 0 1 0 0 0 1 0 1 0 1 0 1 1 1 0 0 1 1 0 1 1 0 1 1 0 1]
Reconstruido --> [1 0 0 0 1 0 0 1 0 1 1 1 0 1 0 1 0 0 1 1 0 0 1 1 0 1 1 0 1 1 0 1] | Precisión: 0.91
Distancia de Hamming: 3
--------------------------------------------------
Original     --> [1 1 1 0 1 1 0 1 0 0 0 0 0 1 0 1 1 1 1 0 1 1 1 1 1 1 0 0 1 0 0 1]
Reconstruido --> [1 1 1 0 1 1 0 1 0 0 0 0 0 1 0 1 1 1 1 0 1 1 1 1 1 1 0 0 1 0 0 1] | Precisión: 1.00
Distancia de Hamming: 0
--------------------------------------------------
Original     --> [0 0 0 1 1 1 1 0 1 1 1 0 0 0 0 1 0 0 1 0 1 0 0 0 0 0 1 0 0 1 1 1]
Reconstruido --> [0 0 0 1 1 1 1 0 1 1 1 0 0 0 0 1 0 0 1 0 1 0 0 0 0 0 1 0 0 1 1 1] | Precisión: 1.00
Distancia de Hamming: 0
--------------------------------------------------
Original     --> [1 0 1 0 0 0 1 1 1 1 0 1 0 0 1 1 0 1 1 0 0 0 0 1 0 1 0 1 0 1 1 0]
Reconstruido --> [1 0 1 0 0 0 1 1 1 1 0 1 0 0 1 1 0 1 1 0 0 0 0 1 0 1 0 1 0 1 1 0] | Precisión: 1.00
Distancia de Hamming: 0
--------------------------------------------------
Original     --> [1 1 0 0 0 0 1 1 0 0 0 1 0 0 0 1 0 0 1 0 1 1 0 0 1 1 1 1 1 1 0 1]
Reconstruido --> [1 1 0 0 0 0 1 1 0 0 0 1 0 0 0 1 0 0 1 0 1 1 0 0 1 1 1 1 1 1 0 1] | Precisión: 1.00
Distancia de Hamming: 0
--------------------------------------------------
Original     --> [0 0 0 0 0 1 1 0 0 1 0 0 1 0 0 0 0 0 1 0 0 0 1 1 0 1 1 0 1 0 1 1]
Reconstruido --> [0 0 0 0 0 1 1 0 0 1 0 0 1 0 0 0 0 0 1 0 0 0 1 1 0 1 1 0 1 0 1 1] | Precisión: 1.00
Distancia de Hamming: 0
--------------------------------------------------
Original     --> [1 0 0 1 0 0 1 1 0 0 1 0 1 0 0 0 1 1 1 1 1 1 1 1 1 1 1 1 0 0 1 0]
Reconstruido --> [1 0 0 1 0 0 1 1 0 0 1 0 1 0 0 0 1 1 1 1 1 1 1 1 1 1 1 1 0 0 1 0] | Precisión: 1.00
Distancia de Hamming: 0
--------------------------------------------------
Original     --> [1 1 1 0 0 0 1 0 1 0 0 0 1 0 0 0 1 1 0 0 0 1 0 1 1 1 1 1 1 0 0 0]
Reconstruido --> [1 1 1 0 0 0 1 0 1 0 0 0 1 0 0 0 1 1 0 0 0 1 0 1 1 1 1 1 1 0 0 0] | Precisión: 1.00
Distancia de Hamming: 0
--------------------------------------------------
Original     --> [1 0 0 1 1 1 1 0 0 1 0 0 0 1 0 1 1 1 0 1 0 1 1 1 0 0 1 1 1 1 0 0]
Reconstruido --> [1 0 0 1 1 1 1 0 0 1 0 0 0 1 0 1 1 1 0 1 0 1 1 1 0 0 1 1 1 1 0 0] | Precisión: 1.00
Distancia de Hamming: 0
--------------------------------------------------
La media de la precisión del descifrado es 0.9895
Distancia media de Hamming = 0.3371 | Número de bits: 32
Número de reconstrucciones perfectas = 8476



EVALUACIÓN CON 3900:

Original     --> [0 0 0 1 1 1 1 0 0 0 0 0 1 1 0 0 0 0 1 0 1 1 0 1 0 1 0 0 0 1 1 0]
Reconstruido --> [0 0 0 1 1 1 1 0 0 0 0 0 1 1 0 0 0 0 1 0 1 1 0 1 0 1 0 0 0 1 1 0] | Precisión: 1.00
Distancia de Hamming: 0
--------------------------------------------------
Original     --> [1 0 1 0 1 0 0 0 0 0 1 0 0 0 0 0 1 0 1 0 1 1 0 1 0 1 1 1 1 1 0 0]
Reconstruido --> [1 0 1 0 1 0 0 0 0 0 1 0 0 0 0 0 1 0 1 0 1 1 0 1 0 1 1 1 1 1 0 0] | Precisión: 1.00
Distancia de Hamming: 0
--------------------------------------------------
Original     --> [1 1 0 0 1 0 0 0 1 1 0 1 1 0 0 1 1 1 1 0 0 0 1 1 1 0 0 1 0 0 0 0]
Reconstruido --> [1 1 0 0 1 0 0 0 1 1 0 1 1 0 0 1 1 1 1 0 0 0 1 1 1 0 0 1 0 0 0 0] | Precisión: 1.00
Distancia de Hamming: 0
--------------------------------------------------
Original     --> [1 1 0 0 1 0 1 1 1 0 0 0 1 1 0 0 1 0 1 1 0 1 0 1 0 0 1 1 0 0 0 0]
Reconstruido --> [1 1 0 0 1 0 1 1 1 0 0 0 1 1 0 0 1 0 1 1 0 1 0 1 0 0 1 1 0 0 0 0] | Precisión: 1.00
Distancia de Hamming: 0
--------------------------------------------------
Original     --> [1 1 0 1 0 1 0 0 1 0 1 1 1 0 0 1 1 1 0 0 1 1 0 0 1 1 0 1 0 0 0 1]
Reconstruido --> [1 1 0 1 0 1 0 0 1 0 1 1 1 0 1 1 1 1 0 0 1 1 1 0 1 1 1 1 0 0 0 1] | Precisión: 0.91
Distancia de Hamming: 3
--------------------------------------------------
Original     --> [0 0 1 0 0 0 1 1 1 0 0 0 0 0 0 0 1 0 1 1 1 0 1 0 1 0 0 0 1 0 0 1]
Reconstruido --> [0 0 1 0 0 0 0 1 1 0 0 0 0 0 0 0 0 0 1 1 1 0 1 0 1 0 0 1 1 0 1 1] | Precisión: 0.88
Distancia de Hamming: 4
--------------------------------------------------
Original     --> [1 0 0 1 1 0 1 1 1 0 0 0 0 0 0 0 1 0 0 0 0 0 0 0 1 0 1 1 1 0 0 0]
Reconstruido --> [1 0 0 1 1 0 1 1 1 0 0 0 0 0 0 0 1 0 0 0 0 0 0 0 1 0 1 1 1 0 0 0] | Precisión: 1.00
Distancia de Hamming: 0
--------------------------------------------------
Original     --> [1 0 1 0 1 0 1 0 0 1 1 1 0 1 0 1 1 0 1 1 0 1 1 0 1 1 1 0 0 1 1 1]
Reconstruido --> [1 0 1 0 1 0 1 0 0 1 1 1 0 1 0 1 1 0 1 1 0 1 1 0 1 1 1 0 0 1 1 1] | Precisión: 1.00
Distancia de Hamming: 0
--------------------------------------------------
Original     --> [1 1 0 0 0 0 0 0 0 0 0 0 1 0 1 1 1 0 1 1 0 0 0 1 0 1 0 0 0 1 0 0]
Reconstruido --> [1 1 0 0 0 0 0 0 0 0 0 0 1 0 1 1 1 0 1 1 0 0 0 1 0 1 0 0 0 1 0 0] | Precisión: 1.00
Distancia de Hamming: 0
--------------------------------------------------
Original     --> [0 0 1 1 0 1 1 1 1 0 0 1 1 0 1 1 1 1 1 0 1 0 1 0 0 1 1 1 0 0 0 1]
Reconstruido --> [0 0 1 1 0 1 1 1 1 0 0 1 1 0 1 1 1 1 1 0 1 0 1 0 0 1 1 1 0 0 0 1] | Precisión: 1.00
Distancia de Hamming: 0
--------------------------------------------------
La media de la precisión del descifrado es 0.9745
Distancia media de Hamming = 0.8161 | Número de bits: 32
Número de reconstrucciones perfectas = 6426



EVALUACIÓN CON 4200:

Original     --> [1 0 1 0 1 1 0 1 1 0 0 1 1 0 0 1 0 0 1 1 0 1 0 1 1 0 1 0 0 0 0 1]
Reconstruido --> [1 0 1 0 1 1 0 1 1 0 0 1 1 0 0 1 0 0 1 1 0 1 0 1 1 0 1 0 0 0 0 1] | Precisión: 1.00
Distancia de Hamming: 0
--------------------------------------------------
Original     --> [1 0 1 0 1 1 1 0 1 0 0 0 1 0 0 1 0 0 0 0 0 1 1 1 1 1 0 0 1 0 1 1]
Reconstruido --> [1 0 1 0 1 1 1 0 1 0 0 0 1 0 0 1 0 0 0 0 0 1 1 1 1 1 0 0 1 0 1 1] | Precisión: 1.00
Distancia de Hamming: 0
--------------------------------------------------
Original     --> [0 1 0 1 1 0 0 0 0 0 0 1 1 0 1 1 0 1 1 1 1 1 1 1 1 1 0 1 0 1 0 1]
Reconstruido --> [0 1 0 1 1 0 0 0 0 0 0 1 1 0 1 1 0 1 1 1 1 1 1 1 1 1 0 1 0 1 0 1] | Precisión: 1.00
Distancia de Hamming: 0
--------------------------------------------------
Original     --> [1 1 1 1 0 0 1 0 1 0 0 0 0 1 1 0 0 1 1 0 1 1 1 0 1 0 0 0 0 0 0 0]
Reconstruido --> [1 1 1 1 0 0 1 0 1 0 0 0 0 1 1 0 0 1 1 0 1 1 1 0 1 0 0 0 0 0 0 0] | Precisión: 1.00
Distancia de Hamming: 0
--------------------------------------------------
Original     --> [1 0 0 0 0 1 1 0 0 1 0 0 1 1 1 1 0 0 1 1 1 0 1 1 0 1 0 0 1 0 0 1]
Reconstruido --> [1 0 0 0 0 1 1 0 0 1 0 0 1 1 1 1 0 0 1 1 1 0 1 1 0 1 0 0 1 0 0 1] | Precisión: 1.00
Distancia de Hamming: 0
--------------------------------------------------
Original     --> [1 1 1 1 1 0 1 0 0 1 0 0 0 1 1 0 0 1 1 0 0 0 0 1 0 1 1 1 1 0 1 0]
Reconstruido --> [1 1 1 1 1 0 1 0 0 1 0 0 0 1 1 0 0 1 1 0 0 0 0 1 0 1 1 1 1 0 1 0] | Precisión: 1.00
Distancia de Hamming: 0
--------------------------------------------------
Original     --> [1 0 1 1 0 1 0 1 1 0 0 1 1 0 1 0 1 1 1 0 1 1 0 0 1 0 0 0 1 1 0 0]
Reconstruido --> [1 0 1 1 0 1 0 1 1 0 0 1 1 0 1 0 1 1 1 0 1 1 0 0 1 0 0 0 1 1 0 0] | Precisión: 1.00
Distancia de Hamming: 0
--------------------------------------------------
Original     --> [1 1 1 0 1 1 0 1 1 0 1 0 1 0 0 0 1 0 1 0 1 1 1 1 1 1 0 0 1 1 1 0]
Reconstruido --> [1 0 1 0 1 1 0 1 1 0 1 0 1 1 0 0 1 0 1 0 1 1 1 1 1 1 1 0 1 0 1 0] | Precisión: 0.88
Distancia de Hamming: 4
--------------------------------------------------
Original     --> [1 1 0 1 0 0 1 0 1 0 1 1 0 1 1 1 1 0 0 1 1 1 1 1 1 0 0 0 0 1 0 1]
Reconstruido --> [1 1 1 1 0 0 1 0 1 0 1 1 0 1 1 1 1 0 1 1 1 1 1 1 1 0 0 0 0 1 0 0] | Precisión: 0.91
Distancia de Hamming: 3
--------------------------------------------------
Original     --> [0 0 1 0 0 1 0 1 0 0 1 0 1 1 1 1 1 0 1 0 0 1 0 1 0 0 0 0 1 1 1 0]
Reconstruido --> [0 0 1 0 0 1 0 1 0 0 1 0 1 1 1 1 1 0 1 0 0 1 0 1 0 0 0 0 1 1 1 0] | Precisión: 1.00
Distancia de Hamming: 0
--------------------------------------------------
La media de la precisión del descifrado es 0.9775
Distancia media de Hamming = 0.7216 | Número de bits: 32
Número de reconstrucciones perfectas = 6727



EVALUACIÓN CON 4500:

Original     --> [1 0 1 1 0 1 0 0 0 1 0 0 1 0 1 1 1 1 1 0 0 1 1 1 1 0 0 1 1 0 1 0]
Reconstruido --> [0 0 1 1 0 1 0 0 0 1 1 0 1 0 1 1 1 1 1 0 0 1 1 1 1 0 0 1 1 0 1 0] | Precisión: 0.94
Distancia de Hamming: 2
--------------------------------------------------
Original     --> [1 1 1 0 0 1 0 1 0 1 0 1 1 1 1 0 1 1 0 1 1 1 0 1 1 1 1 0 1 1 1 1]
Reconstruido --> [1 1 1 0 0 1 0 1 0 1 1 1 1 1 1 0 1 1 0 1 1 1 0 1 1 1 1 0 1 1 1 1] | Precisión: 0.97
Distancia de Hamming: 1
--------------------------------------------------
Original     --> [1 0 0 0 0 1 1 1 0 0 1 1 0 1 0 0 1 1 0 1 0 1 1 0 1 1 1 1 1 1 0 0]
Reconstruido --> [1 0 0 0 0 1 1 1 0 0 1 1 0 1 1 0 1 1 0 1 0 1 1 0 1 1 1 1 1 1 0 0] | Precisión: 0.97
Distancia de Hamming: 1
--------------------------------------------------
Original     --> [0 1 1 0 0 0 1 1 0 0 1 1 1 1 0 0 1 1 0 1 1 0 0 0 0 0 1 1 0 1 0 0]
Reconstruido --> [0 1 1 0 0 0 1 1 0 0 1 1 1 1 0 0 1 1 0 1 1 0 0 0 0 0 1 1 0 1 0 0] | Precisión: 1.00
Distancia de Hamming: 0
--------------------------------------------------
Original     --> [0 0 0 1 0 1 1 0 1 0 0 0 0 0 1 0 0 0 0 0 1 1 1 0 1 1 1 1 0 1 0 1]
Reconstruido --> [0 0 0 1 0 1 1 0 1 0 0 0 0 0 1 0 0 0 0 0 1 1 1 0 1 1 1 1 0 1 0 1] | Precisión: 1.00
Distancia de Hamming: 0
--------------------------------------------------
Original     --> [0 1 1 0 0 0 1 1 1 1 1 1 1 0 0 1 1 1 0 1 0 1 1 0 1 0 0 0 1 0 0 1]
Reconstruido --> [0 1 1 0 0 0 1 1 1 1 1 1 1 0 0 1 1 1 0 1 0 1 1 0 1 0 0 0 1 0 0 1] | Precisión: 1.00
Distancia de Hamming: 0
--------------------------------------------------
Original     --> [1 0 1 1 1 0 1 0 1 1 0 1 0 0 1 0 0 1 1 0 1 0 1 1 0 0 0 0 0 0 0 0]
Reconstruido --> [1 0 1 1 1 0 1 0 1 1 0 1 0 0 1 0 0 1 1 0 1 0 1 1 0 0 0 0 0 0 0 0] | Precisión: 1.00
Distancia de Hamming: 0
--------------------------------------------------
Original     --> [1 1 1 1 0 0 0 1 1 1 1 1 1 1 0 0 1 1 0 0 0 0 0 1 1 1 0 1 0 1 1 0]
Reconstruido --> [1 1 1 1 0 0 0 1 1 1 1 1 1 1 0 0 1 1 0 0 0 0 0 1 1 1 0 1 0 1 1 0] | Precisión: 1.00
Distancia de Hamming: 0
--------------------------------------------------
Original     --> [1 1 0 1 0 0 1 0 0 0 1 0 0 1 1 0 1 1 1 0 1 1 0 0 0 1 0 0 1 0 0 1]
Reconstruido --> [1 1 0 1 0 0 1 0 0 0 1 0 0 1 1 0 1 1 1 0 1 1 0 0 0 1 0 0 1 0 0 1] | Precisión: 1.00
Distancia de Hamming: 0
--------------------------------------------------
Original     --> [1 0 1 0 0 0 0 1 0 0 0 1 0 1 0 1 0 0 1 0 0 1 1 1 1 1 1 1 0 1 0 0]
Reconstruido --> [1 0 1 0 0 1 0 1 0 0 0 0 0 1 0 1 0 0 1 0 0 1 1 1 1 1 1 1 0 1 0 0] | Precisión: 0.94
Distancia de Hamming: 2
--------------------------------------------------
La media de la precisión del descifrado es 0.9703
Distancia media de Hamming = 0.9501 | Número de bits: 32
Número de reconstrucciones perfectas = 5944



EVALUACIÓN CON 4800:

Original     --> [1 1 1 1 0 1 1 1 0 1 1 0 1 1 0 1 1 0 0 0 0 1 0 1 0 0 0 1 1 1 0 1]
Reconstruido --> [1 1 1 1 0 1 1 1 0 1 1 0 1 1 0 1 1 0 0 0 0 1 0 1 0 0 0 1 1 1 0 1] | Precisión: 1.00
Distancia de Hamming: 0
--------------------------------------------------
Original     --> [0 1 0 0 1 1 0 1 1 1 0 1 0 1 1 0 0 1 1 1 0 0 1 0 0 0 0 1 1 1 0 1]
Reconstruido --> [0 1 0 0 1 1 0 1 1 1 0 1 0 1 1 0 0 1 1 1 0 0 1 0 0 0 0 1 1 1 0 1] | Precisión: 1.00
Distancia de Hamming: 0
--------------------------------------------------
Original     --> [1 0 0 0 0 0 1 0 0 0 0 0 1 1 1 0 0 0 0 1 0 0 1 1 0 1 1 1 1 0 1 1]
Reconstruido --> [1 0 0 0 0 1 1 0 0 0 0 0 1 1 1 0 0 0 0 1 0 0 1 1 0 1 1 1 1 0 1 1] | Precisión: 0.97
Distancia de Hamming: 1
--------------------------------------------------
Original     --> [1 0 0 0 1 0 0 0 0 0 0 1 1 1 1 1 0 1 1 0 1 0 1 0 0 0 1 0 0 0 0 0]
Reconstruido --> [1 1 1 0 1 0 0 0 0 0 0 1 1 1 1 0 0 1 1 0 1 1 1 0 0 0 1 0 0 0 0 0] | Precisión: 0.88
Distancia de Hamming: 4
--------------------------------------------------
Original     --> [0 1 0 1 1 1 0 0 1 1 0 0 0 0 0 0 0 0 1 1 1 1 1 1 1 0 1 1 1 1 0 1]
Reconstruido --> [0 1 0 0 1 1 0 0 1 1 0 0 0 0 1 0 0 0 1 1 1 1 1 1 1 1 1 1 1 1 0 1] | Precisión: 0.91
Distancia de Hamming: 3
--------------------------------------------------
Original     --> [0 0 1 1 1 1 0 1 0 1 0 0 0 0 0 1 0 0 0 1 1 1 1 1 0 1 0 1 1 0 0 0]
Reconstruido --> [0 0 1 1 1 1 0 1 0 1 0 0 0 0 0 1 0 0 0 1 1 1 1 1 0 1 0 1 1 0 0 0] | Precisión: 1.00
Distancia de Hamming: 0
--------------------------------------------------
Original     --> [0 1 1 0 1 0 0 1 1 0 0 0 0 0 1 0 0 1 1 1 0 1 1 1 1 1 1 0 0 1 0 0]
Reconstruido --> [0 1 1 0 1 0 0 1 1 0 0 0 0 0 1 0 0 1 1 1 0 1 1 1 1 1 1 0 0 1 0 0] | Precisión: 1.00
Distancia de Hamming: 0
--------------------------------------------------
Original     --> [1 1 1 0 0 1 1 1 0 1 0 1 0 0 1 0 0 0 1 1 0 1 1 0 1 1 0 0 0 0 0 0]
Reconstruido --> [1 1 0 0 0 1 1 1 0 1 0 1 0 1 1 0 0 0 1 1 0 0 1 0 1 1 0 0 0 0 0 0] | Precisión: 0.91
Distancia de Hamming: 3
--------------------------------------------------
Original     --> [1 0 1 0 1 1 1 0 1 0 1 0 1 0 1 0 0 1 1 0 0 0 1 0 0 0 0 0 1 1 1 0]
Reconstruido --> [1 0 1 0 1 1 1 0 1 0 1 0 1 0 1 0 0 1 1 0 0 0 1 0 0 0 0 0 1 1 1 0] | Precisión: 1.00
Distancia de Hamming: 0
--------------------------------------------------
Original     --> [0 1 1 1 0 1 0 0 0 0 1 0 1 0 1 0 1 1 0 0 0 0 0 1 0 0 0 0 0 0 0 0]
Reconstruido --> [0 1 1 1 0 1 0 0 0 0 1 0 1 0 1 0 1 1 0 0 0 0 0 1 0 0 0 0 0 0 0 0] | Precisión: 1.00
Distancia de Hamming: 0
--------------------------------------------------
La media de la precisión del descifrado es 0.9807
Distancia media de Hamming = 0.6190 | Número de bits: 32
Número de reconstrucciones perfectas = 7155



EVALUACIÓN CON 5100:

Original     --> [0 1 1 1 1 1 0 0 0 1 1 0 0 0 1 0 1 1 0 1 1 0 0 1 1 0 0 1 0 0 1 1]
Reconstruido --> [0 1 1 1 1 1 0 0 0 1 1 0 0 0 1 0 1 1 0 1 1 0 0 1 1 0 0 1 0 0 1 1] | Precisión: 1.00
Distancia de Hamming: 0
--------------------------------------------------
Original     --> [0 1 1 1 1 1 1 0 1 0 1 0 0 1 1 1 0 1 0 0 0 1 0 1 0 1 0 0 0 0 0 0]
Reconstruido --> [0 1 1 1 1 1 1 0 1 0 1 0 0 1 1 1 0 1 0 0 0 1 0 1 0 1 0 0 0 0 0 0] | Precisión: 1.00
Distancia de Hamming: 0
--------------------------------------------------
Original     --> [1 0 1 0 1 0 0 0 0 1 1 1 1 1 1 1 1 1 1 0 1 0 1 1 1 1 1 1 1 0 0 1]
Reconstruido --> [1 0 1 0 1 0 0 0 0 1 1 1 1 1 1 1 1 1 1 0 1 0 1 1 1 1 1 1 1 0 0 1] | Precisión: 1.00
Distancia de Hamming: 0
--------------------------------------------------
Original     --> [0 0 0 1 0 1 0 0 1 0 1 1 1 0 0 0 1 1 0 1 0 1 0 1 0 1 0 0 0 1 1 1]
Reconstruido --> [0 0 0 1 0 1 1 0 1 0 1 1 0 0 0 0 1 0 0 1 0 1 0 1 0 1 0 0 0 1 1 1] | Precisión: 0.91
Distancia de Hamming: 3
--------------------------------------------------
Original     --> [0 0 1 1 1 1 1 0 1 0 1 0 0 1 1 0 0 0 0 1 0 0 1 0 0 0 0 1 1 0 0 0]
Reconstruido --> [0 0 1 0 1 1 1 0 1 0 1 1 0 1 0 1 0 0 0 1 0 0 1 0 0 0 0 1 1 0 0 0] | Precisión: 0.88
Distancia de Hamming: 4
--------------------------------------------------
Original     --> [1 0 1 0 0 0 1 0 1 1 0 0 0 0 1 0 1 0 0 0 1 0 1 1 0 1 0 0 1 1 0 0]
Reconstruido --> [1 0 1 0 0 0 1 0 1 1 0 0 0 0 1 0 1 0 0 0 1 0 1 1 0 1 0 0 1 1 0 0] | Precisión: 1.00
Distancia de Hamming: 0
--------------------------------------------------
Original     --> [1 1 1 1 1 0 0 0 0 1 0 1 0 1 0 1 1 1 1 0 1 1 0 0 0 0 1 0 0 0 0 1]
Reconstruido --> [1 1 1 1 1 0 0 0 0 1 0 1 0 1 0 1 1 1 1 0 1 1 0 0 0 0 1 0 0 0 0 1] | Precisión: 1.00
Distancia de Hamming: 0
--------------------------------------------------
Original     --> [1 0 1 1 0 0 0 0 1 0 1 0 0 1 1 1 1 0 1 1 0 1 1 1 0 0 0 1 0 1 1 0]
Reconstruido --> [1 0 1 1 0 0 0 0 1 0 1 0 0 1 1 1 1 0 1 1 0 1 1 1 0 0 0 1 0 1 1 0] | Precisión: 1.00
Distancia de Hamming: 0
--------------------------------------------------
Original     --> [1 1 0 1 0 0 0 1 0 1 0 1 1 0 0 1 0 0 0 1 1 1 0 0 1 1 1 1 1 1 0 0]
Reconstruido --> [1 1 0 1 0 0 0 1 0 1 0 1 1 1 0 1 0 0 0 1 1 0 0 0 1 1 1 1 1 1 0 0] | Precisión: 0.94
Distancia de Hamming: 2
--------------------------------------------------
Original     --> [1 0 0 0 0 0 0 0 0 0 1 1 0 1 0 0 1 0 1 1 0 1 1 0 1 0 1 0 1 0 1 1]
Reconstruido --> [1 0 0 0 0 0 0 0 0 0 1 1 0 1 0 0 1 0 1 1 0 1 1 0 1 0 1 0 1 0 1 1] | Precisión: 1.00
Distancia de Hamming: 0
--------------------------------------------------
La media de la precisión del descifrado es 0.9801
Distancia media de Hamming = 0.6380 | Número de bits: 32
Número de reconstrucciones perfectas = 7156



EVALUACIÓN CON 5400:

Original     --> [0 0 1 0 0 1 0 0 0 1 1 0 1 1 1 1 0 0 1 1 0 0 0 0 0 1 1 1 1 0 1 0]
Reconstruido --> [0 0 1 0 0 1 0 0 0 1 1 0 1 1 1 1 1 0 1 1 0 0 0 0 0 1 1 1 1 0 1 0] | Precisión: 0.97
Distancia de Hamming: 1
--------------------------------------------------
Original     --> [1 1 0 0 0 1 1 1 0 1 0 1 0 0 0 0 1 1 0 0 1 1 1 1 0 1 0 1 0 1 0 1]
Reconstruido --> [1 1 0 0 0 1 1 1 0 1 0 1 0 0 0 0 1 1 0 0 1 1 1 1 0 1 0 1 0 1 0 1] | Precisión: 1.00
Distancia de Hamming: 0
--------------------------------------------------
Original     --> [0 1 0 1 1 0 1 1 1 0 0 0 1 0 0 0 1 1 0 0 0 1 1 1 1 0 0 0 0 0 0 0]
Reconstruido --> [0 1 0 1 1 0 1 1 1 0 0 0 1 0 0 0 1 1 0 0 0 1 1 1 1 0 0 0 0 0 0 0] | Precisión: 1.00
Distancia de Hamming: 0
--------------------------------------------------
Original     --> [0 0 1 0 1 0 1 1 0 1 1 0 0 1 0 1 1 0 0 1 0 0 1 1 1 0 0 1 0 1 0 0]
Reconstruido --> [0 0 1 0 1 0 1 1 0 1 1 0 0 1 0 1 1 0 0 1 0 0 1 1 1 0 0 1 0 1 0 0] | Precisión: 1.00
Distancia de Hamming: 0
--------------------------------------------------
Original     --> [1 0 0 0 0 0 1 0 1 1 0 0 1 0 0 1 0 0 0 0 0 1 0 0 0 0 1 0 0 0 0 1]
Reconstruido --> [1 0 0 0 0 0 1 0 1 1 0 0 1 0 0 1 0 0 0 0 0 1 0 0 0 0 1 0 0 0 0 1] | Precisión: 1.00
Distancia de Hamming: 0
--------------------------------------------------
Original     --> [0 0 1 0 0 0 0 1 1 0 0 0 1 1 0 1 0 0 0 1 0 0 0 1 0 0 1 0 0 0 1 0]
Reconstruido --> [0 0 0 0 0 0 0 1 1 0 0 0 1 1 0 1 0 0 0 1 0 0 0 1 1 0 1 0 0 0 1 0] | Precisión: 0.94
Distancia de Hamming: 2
--------------------------------------------------
Original     --> [0 1 1 0 1 1 0 1 1 0 0 1 1 1 0 0 1 0 1 0 0 1 1 1 1 1 0 1 1 1 0 0]
Reconstruido --> [0 1 1 0 1 1 0 1 1 0 0 1 1 1 0 0 1 0 1 0 0 1 1 1 1 1 0 1 1 1 0 0] | Precisión: 1.00
Distancia de Hamming: 0
--------------------------------------------------
Original     --> [1 0 0 1 0 1 0 0 0 0 1 0 1 1 0 0 0 1 0 0 1 1 0 0 1 1 0 1 0 1 0 1]
Reconstruido --> [1 0 0 1 0 1 0 0 0 0 1 0 1 1 0 0 0 1 0 0 1 1 0 0 1 1 0 1 0 1 0 1] | Precisión: 1.00
Distancia de Hamming: 0
--------------------------------------------------
Original     --> [0 1 0 1 1 1 1 0 0 0 0 1 0 0 0 0 0 1 0 1 1 1 0 1 1 0 0 0 1 1 0 0]
Reconstruido --> [0 1 0 1 1 1 1 0 0 0 0 1 0 0 0 0 0 1 0 1 1 1 0 1 1 0 0 0 1 1 0 0] | Precisión: 1.00
Distancia de Hamming: 0
--------------------------------------------------
Original     --> [0 1 0 1 1 0 1 1 0 0 1 1 1 0 0 0 1 0 1 0 1 0 1 0 0 1 0 1 1 1 1 0]
Reconstruido --> [0 1 0 1 1 0 1 1 0 0 1 1 1 0 0 0 1 0 1 0 1 0 1 0 0 1 0 1 1 1 1 0] | Precisión: 1.00
Distancia de Hamming: 0
--------------------------------------------------
La media de la precisión del descifrado es 0.9896
Distancia media de Hamming = 0.3333 | Número de bits: 32
Número de reconstrucciones perfectas = 8414



EVALUACIÓN CON 5700:

Original     --> [1 1 0 0 1 0 0 1 0 1 1 1 1 1 0 1 1 1 1 0 0 0 1 0 0 0 1 1 0 0 1 0]
Reconstruido --> [1 1 0 0 1 0 0 1 0 1 1 1 1 1 0 1 1 1 1 0 0 0 1 0 0 0 1 1 0 0 1 0] | Precisión: 1.00
Distancia de Hamming: 0
--------------------------------------------------
Original     --> [0 0 1 1 1 1 0 0 0 1 0 0 1 0 1 1 0 0 1 0 0 0 1 0 0 0 1 0 1 1 1 1]
Reconstruido --> [0 0 1 1 1 1 0 0 0 1 0 0 1 0 1 1 0 0 1 0 0 0 1 0 0 0 1 0 1 1 1 1] | Precisión: 1.00
Distancia de Hamming: 0
--------------------------------------------------
Original     --> [1 0 0 0 1 1 1 1 1 0 1 1 1 0 1 1 0 1 0 0 1 0 1 1 1 0 1 1 0 1 0 0]
Reconstruido --> [1 0 0 0 1 1 1 1 1 0 1 1 1 0 1 1 0 1 0 0 1 0 1 1 1 0 1 1 0 1 0 0] | Precisión: 1.00
Distancia de Hamming: 0
--------------------------------------------------
Original     --> [0 1 1 1 1 0 0 1 1 0 0 1 0 1 1 0 1 1 0 1 1 0 1 0 0 0 1 1 1 0 0 0]
Reconstruido --> [0 1 1 1 1 0 0 1 1 0 0 1 0 1 1 0 1 1 0 1 1 0 1 0 0 0 1 1 1 0 0 0] | Precisión: 1.00
Distancia de Hamming: 0
--------------------------------------------------
Original     --> [1 1 0 0 0 1 1 0 0 0 1 1 0 0 1 0 1 0 1 0 0 0 1 0 1 0 1 0 0 1 0 0]
Reconstruido --> [1 1 0 0 0 1 1 0 0 0 1 1 0 0 1 0 1 0 1 0 0 0 1 0 1 0 1 0 0 1 0 0] | Precisión: 1.00
Distancia de Hamming: 0
--------------------------------------------------
Original     --> [0 1 1 1 0 1 0 1 1 1 0 1 0 0 0 0 0 1 1 1 0 0 1 0 1 0 1 0 1 1 0 0]
Reconstruido --> [0 1 1 1 0 1 0 1 1 1 0 1 0 0 0 0 0 1 1 1 0 0 1 0 1 0 1 0 1 1 0 0] | Precisión: 1.00
Distancia de Hamming: 0
--------------------------------------------------
Original     --> [0 1 0 0 0 1 1 0 1 0 0 0 1 0 1 1 1 1 0 0 0 0 1 1 0 1 1 1 1 0 0 0]
Reconstruido --> [0 1 0 0 0 1 1 0 1 0 0 0 1 0 1 1 1 1 1 0 1 0 1 0 1 1 1 1 1 0 0 0] | Precisión: 0.88
Distancia de Hamming: 4
--------------------------------------------------
Original     --> [1 0 1 0 1 1 1 1 1 0 0 1 1 1 1 0 0 1 1 0 1 0 1 0 1 1 0 0 0 0 0 1]
Reconstruido --> [1 0 1 0 0 1 1 0 1 0 0 1 1 1 1 0 0 1 1 0 1 0 1 0 1 1 0 0 0 0 0 1] | Precisión: 0.94
Distancia de Hamming: 2
--------------------------------------------------
Original     --> [0 0 1 1 1 0 0 0 1 1 0 0 0 1 0 1 1 0 1 1 1 0 0 0 1 1 0 0 0 1 0 0]
Reconstruido --> [0 0 1 0 1 0 0 0 1 0 0 0 1 1 0 1 1 1 1 1 1 0 0 1 1 1 0 0 0 1 0 0] | Precisión: 0.84
Distancia de Hamming: 5
--------------------------------------------------
Original     --> [0 0 0 0 1 0 0 0 1 1 0 1 1 0 0 1 1 0 1 1 0 0 0 1 0 0 1 0 0 0 1 0]
Reconstruido --> [0 0 0 0 1 0 0 0 1 1 0 1 1 0 0 1 1 0 1 1 0 0 0 1 0 0 1 0 0 0 1 0] | Precisión: 1.00
Distancia de Hamming: 0
--------------------------------------------------
La media de la precisión del descifrado es 0.9812
Distancia media de Hamming = 0.6001 | Número de bits: 32
Número de reconstrucciones perfectas = 7360



EVALUACIÓN CON 6000:

Original     --> [0 1 1 0 0 0 1 1 1 0 1 0 1 1 0 1 1 1 1 0 0 0 1 0 1 1 1 0 1 0 0 1]
Reconstruido --> [0 1 1 0 0 0 1 1 1 0 1 0 1 1 0 1 1 1 1 0 0 0 1 0 1 1 1 0 1 0 0 1] | Precisión: 1.00
Distancia de Hamming: 0
--------------------------------------------------
Original     --> [1 1 1 1 1 1 0 0 0 1 0 1 0 1 1 1 0 0 0 1 1 0 1 0 0 1 1 0 0 0 1 0]
Reconstruido --> [1 1 1 1 1 1 0 0 0 1 0 1 0 1 1 1 0 0 0 1 1 0 1 0 0 1 1 0 0 0 1 0] | Precisión: 1.00
Distancia de Hamming: 0
--------------------------------------------------
Original     --> [0 1 0 0 1 1 0 0 0 1 1 1 1 0 1 0 0 1 1 0 0 1 0 0 0 1 1 0 1 0 1 1]
Reconstruido --> [0 1 0 0 1 1 0 0 0 1 1 1 1 0 1 0 0 1 1 0 0 1 0 0 0 1 1 0 1 0 1 1] | Precisión: 1.00
Distancia de Hamming: 0
--------------------------------------------------
Original     --> [0 0 0 1 1 0 1 0 0 0 0 0 1 0 1 1 0 1 1 1 1 1 1 0 1 0 0 0 0 1 0 1]
Reconstruido --> [0 0 0 1 1 0 1 0 0 0 0 0 1 0 1 1 0 1 1 1 1 1 1 0 1 0 0 0 0 1 0 1] | Precisión: 1.00
Distancia de Hamming: 0
--------------------------------------------------
Original     --> [0 1 0 0 0 1 1 0 1 0 0 1 0 1 0 0 0 0 1 0 0 1 1 0 1 0 0 0 1 0 1 1]
Reconstruido --> [0 1 0 0 0 1 1 0 1 0 0 1 0 1 0 0 0 0 1 0 0 1 1 0 1 0 0 0 1 0 1 1] | Precisión: 1.00
Distancia de Hamming: 0
--------------------------------------------------
Original     --> [1 1 1 0 0 0 1 1 0 1 0 1 0 1 0 1 1 0 1 0 1 1 0 1 0 0 1 1 0 0 1 1]
Reconstruido --> [1 1 1 0 0 0 1 1 0 1 0 1 0 1 0 1 1 0 1 0 1 1 0 1 0 0 1 1 0 0 1 1] | Precisión: 1.00
Distancia de Hamming: 0
--------------------------------------------------
Original     --> [0 0 0 0 1 1 0 1 0 1 1 0 1 1 1 1 1 0 0 1 0 1 1 0 1 0 0 1 1 0 0 0]
Reconstruido --> [0 0 0 0 1 1 0 1 0 1 1 0 1 1 1 1 1 0 0 1 0 1 0 0 1 0 0 1 1 1 0 0] | Precisión: 0.94
Distancia de Hamming: 2
--------------------------------------------------
Original     --> [1 1 0 0 0 1 0 1 0 1 1 1 1 0 0 0 0 0 1 1 1 0 0 0 1 0 0 0 0 0 0 1]
Reconstruido --> [1 1 0 0 0 1 0 1 0 1 1 1 1 0 0 0 0 0 1 1 1 0 0 0 1 0 0 0 0 0 0 1] | Precisión: 1.00
Distancia de Hamming: 0
--------------------------------------------------
Original     --> [1 0 0 0 1 0 0 1 1 1 0 0 1 0 1 0 1 0 1 0 1 1 0 0 1 0 1 0 0 0 1 1]
Reconstruido --> [1 0 0 0 1 0 0 1 1 1 0 0 1 0 1 0 1 0 1 0 1 1 0 0 1 0 1 0 0 0 1 1] | Precisión: 1.00
Distancia de Hamming: 0
--------------------------------------------------
Original     --> [1 0 0 1 1 0 0 0 0 0 0 1 1 1 1 0 1 0 0 0 1 0 1 1 0 1 1 0 0 0 1 1]
Reconstruido --> [1 0 0 1 1 0 0 0 0 0 0 1 1 1 1 0 1 0 0 0 1 0 1 1 0 1 1 0 0 0 1 1] | Precisión: 1.00
Distancia de Hamming: 0
--------------------------------------------------
La media de la precisión del descifrado es 0.9894
Distancia media de Hamming = 0.3406 | Número de bits: 32
Número de reconstrucciones perfectas = 8437


Tiempo total de ejecución (s): 4470.187029123306

