-- RESULTS FROM EXPERIMENT 1.1. --

Número de mensajes = 10000
Número de bits = 32
Tamaño del batch = 128
Adam optimizer learning rate = 0.001
Epochs totales = 6000
Epochs iniciales = 300

EVALUACIÓN CON 300:

Original     --> [0 0 0 0 0 0 0 1 1 1 1 0 1 0 0 0 0 0 0 0 1 0 1 1 1 1 0 0 1 1 1 1]
Reconstruido --> [0 0 1 0 0 0 1 1 1 1 1 0 1 1 0 0 0 0 0 0 1 0 1 1 1 1 0 0 1 1 1 1] | Precisión: 0.91
Distancia de Hamming: 3
--------------------------------------------------
Original     --> [0 1 1 0 1 1 1 1 1 0 1 0 1 0 0 1 1 1 0 1 0 0 1 1 0 1 0 1 0 1 0 1]
Reconstruido --> [0 1 1 0 1 1 1 1 1 0 1 0 1 0 0 1 1 1 0 1 0 1 1 1 0 1 0 0 0 1 1 1] | Precisión: 0.91
Distancia de Hamming: 3
--------------------------------------------------
Original     --> [0 1 0 0 1 0 1 1 1 0 0 1 0 1 1 0 1 1 0 1 0 1 1 1 1 0 0 0 0 1 1 0]
Reconstruido --> [0 1 0 0 1 1 0 0 1 0 0 1 0 1 1 0 1 1 0 1 0 1 1 1 0 1 0 0 0 1 1 1] | Precisión: 0.81
Distancia de Hamming: 6
--------------------------------------------------
Original     --> [0 0 1 0 0 1 0 0 1 1 1 0 1 1 1 0 1 1 1 0 0 0 0 0 1 0 0 0 0 1 0 0]
Reconstruido --> [0 0 1 0 0 1 0 1 1 1 1 1 1 1 1 0 0 1 1 0 1 0 0 0 1 0 0 0 0 1 0 0] | Precisión: 0.88
Distancia de Hamming: 4
--------------------------------------------------
Original     --> [1 1 0 0 1 0 0 0 0 0 0 1 0 0 0 0 0 0 0 0 0 1 1 1 1 0 0 1 0 0 1 0]
Reconstruido --> [1 1 0 0 1 0 0 0 0 0 1 1 1 0 1 0 1 0 1 0 0 1 1 1 1 1 0 1 0 0 1 0] | Precisión: 0.81
Distancia de Hamming: 6
--------------------------------------------------
Original     --> [1 0 1 0 1 1 0 1 0 1 0 1 0 1 1 0 1 1 1 0 0 1 1 0 0 1 0 0 1 1 0 0]
Reconstruido --> [1 0 1 0 1 1 0 1 0 1 0 1 0 1 1 0 1 1 1 0 0 1 1 0 0 1 0 0 1 1 0 0] | Precisión: 1.00
Distancia de Hamming: 0
--------------------------------------------------
Original     --> [1 0 0 1 1 1 1 0 0 0 1 0 1 0 0 1 1 0 0 1 0 1 0 1 1 0 1 0 1 0 0 1]
Reconstruido --> [1 0 0 1 1 1 1 0 0 0 1 0 1 0 1 1 1 0 0 1 0 1 0 1 1 0 1 0 1 0 0 1] | Precisión: 0.97
Distancia de Hamming: 1
--------------------------------------------------
Original     --> [0 1 0 1 1 0 1 1 1 1 1 0 0 0 1 1 1 1 1 1 0 0 1 0 0 0 1 0 0 1 0 0]
Reconstruido --> [0 1 0 1 1 0 1 1 1 1 0 1 0 0 1 1 1 1 1 1 0 0 0 0 0 0 1 0 0 1 1 1] | Precisión: 0.84
Distancia de Hamming: 5
--------------------------------------------------
Original     --> [0 1 1 1 0 0 0 0 0 1 0 0 0 1 1 1 1 0 1 1 1 1 1 1 1 1 1 0 1 1 0 0]
Reconstruido --> [0 1 1 0 0 0 0 0 0 1 0 1 0 1 1 1 1 0 0 0 1 1 0 1 1 1 1 0 1 1 0 1] | Precisión: 0.81
Distancia de Hamming: 6
--------------------------------------------------
Original     --> [0 1 0 1 0 0 0 1 0 1 0 0 1 0 0 1 0 0 0 1 1 0 0 0 1 0 0 1 1 1 0 1]
Reconstruido --> [1 1 1 1 0 0 1 1 0 1 0 0 1 0 0 1 1 1 0 1 1 0 0 0 0 0 0 1 0 0 0 1] | Precisión: 0.75
Distancia de Hamming: 8
--------------------------------------------------
La media de la precisión del descifrado es 0.8715
Distancia media de Hamming = 4.1135 | Número de bits: 32
Número de reconstrucciones perfectas = 296



EVALUACIÓN CON 600:

Original     --> [0 1 0 0 0 0 1 0 1 1 0 1 0 0 1 0 0 0 0 0 0 1 0 0 0 0 1 1 0 0 0 1]
Reconstruido --> [0 1 1 0 0 0 1 0 1 1 0 1 0 0 1 0 0 0 0 0 0 1 0 0 0 0 1 1 0 0 0 1] | Precisión: 0.97
Distancia de Hamming: 1
--------------------------------------------------
Original     --> [1 1 1 1 1 0 0 0 1 0 0 0 1 1 0 0 1 0 0 1 0 1 0 1 0 0 0 1 1 1 0 0]
Reconstruido --> [1 1 1 1 1 0 0 0 1 0 0 0 1 1 0 0 1 0 0 1 0 1 0 1 0 0 0 1 1 1 0 0] | Precisión: 1.00
Distancia de Hamming: 0
--------------------------------------------------
Original     --> [0 1 0 1 1 1 1 1 1 0 1 0 0 1 1 0 0 0 0 0 0 0 0 0 1 1 0 0 1 1 0 0]
Reconstruido --> [1 1 0 1 1 1 1 1 1 0 0 0 0 1 1 0 0 1 0 0 0 0 0 0 1 1 0 0 1 1 0 0] | Precisión: 0.91
Distancia de Hamming: 3
--------------------------------------------------
Original     --> [1 1 1 0 0 1 0 1 1 0 0 0 1 1 0 1 0 0 0 0 0 1 0 1 1 1 1 0 1 1 0 1]
Reconstruido --> [1 1 1 0 0 1 0 1 1 0 0 0 1 1 0 1 0 0 0 0 0 1 0 1 1 1 1 0 1 1 0 1] | Precisión: 1.00
Distancia de Hamming: 0
--------------------------------------------------
Original     --> [1 1 0 0 0 1 1 1 1 1 1 0 1 1 1 1 0 1 1 1 0 0 1 0 1 0 1 1 1 0 1 0]
Reconstruido --> [1 0 0 0 0 1 1 1 1 1 1 0 1 1 1 1 0 1 1 1 0 0 1 0 1 0 1 1 1 0 1 0] | Precisión: 0.97
Distancia de Hamming: 1
--------------------------------------------------
Original     --> [0 0 1 1 1 0 0 1 0 0 0 1 0 1 1 0 0 1 0 1 0 1 1 1 0 0 1 1 0 0 0 0]
Reconstruido --> [0 0 1 1 1 0 0 1 1 0 0 1 0 1 0 0 0 1 0 1 0 1 1 1 0 0 1 1 0 0 0 0] | Precisión: 0.94
Distancia de Hamming: 2
--------------------------------------------------
Original     --> [0 0 1 0 1 1 0 1 0 1 1 0 0 1 0 1 0 0 1 1 0 1 1 0 0 1 1 1 0 0 1 0]
Reconstruido --> [0 0 1 0 1 1 0 1 0 1 1 0 0 1 0 1 0 0 1 1 0 0 1 0 0 1 0 1 0 0 1 0] | Precisión: 0.94
Distancia de Hamming: 2
--------------------------------------------------
Original     --> [1 0 0 0 0 1 0 0 1 1 1 0 1 1 1 0 1 0 1 1 0 0 1 0 1 1 1 0 1 1 1 1]
Reconstruido --> [1 0 0 0 0 1 0 0 0 1 1 0 1 1 1 0 1 0 0 1 0 0 1 0 1 1 1 0 1 1 1 1] | Precisión: 0.94
Distancia de Hamming: 2
--------------------------------------------------
Original     --> [0 0 1 1 1 1 1 0 1 1 1 1 0 1 0 0 0 0 1 0 0 0 1 1 1 1 1 0 1 0 0 0]
Reconstruido --> [0 0 1 1 1 1 1 0 1 1 1 0 0 1 0 0 0 0 1 0 0 0 0 1 1 0 1 0 1 0 1 0] | Precisión: 0.88
Distancia de Hamming: 4
--------------------------------------------------
Original     --> [1 0 1 0 0 0 0 0 1 1 1 1 1 1 0 1 1 0 1 0 1 0 0 1 1 0 0 1 1 1 1 1]
Reconstruido --> [1 0 1 0 0 0 0 0 0 1 1 1 1 0 0 1 1 0 1 0 0 1 0 1 1 0 0 0 1 1 1 0] | Precisión: 0.81
Distancia de Hamming: 6
--------------------------------------------------
La media de la precisión del descifrado es 0.9114
Distancia media de Hamming = 2.8367 | Número de bits: 32
Número de reconstrucciones perfectas = 1209



EVALUACIÓN CON 900:

Original     --> [1 0 0 0 0 1 0 1 0 1 0 1 0 0 1 0 1 0 1 1 1 1 1 0 0 1 1 0 0 1 1 1]
Reconstruido --> [1 1 0 0 0 1 0 1 0 1 0 1 0 0 1 0 1 0 1 1 1 1 1 0 0 1 1 0 0 1 0 1] | Precisión: 0.94
Distancia de Hamming: 2
--------------------------------------------------
Original     --> [0 1 1 0 0 1 0 0 1 0 1 1 0 0 1 0 0 0 0 0 1 1 0 1 1 0 1 1 1 1 0 1]
Reconstruido --> [0 0 1 0 0 1 0 0 1 0 1 1 0 1 1 0 0 0 0 0 1 1 0 1 0 0 1 1 1 1 0 1] | Precisión: 0.91
Distancia de Hamming: 3
--------------------------------------------------
Original     --> [1 0 0 0 1 1 1 1 1 1 0 1 1 0 1 0 1 0 0 1 0 0 0 1 0 1 1 0 0 0 1 1]
Reconstruido --> [1 0 0 0 1 1 1 1 1 1 0 1 1 0 1 1 1 0 0 1 0 1 0 1 1 1 1 0 0 0 0 1] | Precisión: 0.88
Distancia de Hamming: 4
--------------------------------------------------
Original     --> [0 1 0 0 0 0 0 1 0 1 1 0 0 1 0 1 0 1 0 0 1 1 1 1 0 1 1 1 0 1 0 0]
Reconstruido --> [0 1 0 0 0 0 0 1 1 1 1 1 0 1 0 1 0 1 0 0 1 1 1 1 0 1 1 1 0 1 0 0] | Precisión: 0.94
Distancia de Hamming: 2
--------------------------------------------------
Original     --> [1 0 0 0 0 0 0 0 1 1 1 0 0 0 1 0 1 1 1 1 1 0 0 1 0 0 1 0 1 1 1 0]
Reconstruido --> [0 1 0 0 0 1 0 0 1 1 1 0 0 0 1 0 1 1 1 1 1 1 0 1 1 0 1 1 1 1 0 1] | Precisión: 0.75
Distancia de Hamming: 8
--------------------------------------------------
Original     --> [1 1 1 0 0 0 0 1 0 0 0 0 1 0 1 1 0 1 0 1 0 1 1 1 1 1 0 0 1 0 0 0]
Reconstruido --> [1 1 1 0 0 0 1 1 0 0 0 1 1 1 1 1 0 0 0 1 0 0 1 1 1 1 0 0 0 0 0 0] | Precisión: 0.81
Distancia de Hamming: 6
--------------------------------------------------
Original     --> [0 0 1 0 1 0 1 0 0 1 1 0 1 1 1 1 0 0 1 1 0 0 0 1 0 1 0 1 1 0 1 0]
Reconstruido --> [0 0 1 0 1 0 1 0 0 1 1 0 1 1 1 1 0 0 1 1 0 0 0 1 0 1 0 1 1 0 1 0] | Precisión: 1.00
Distancia de Hamming: 0
--------------------------------------------------
Original     --> [1 0 0 1 0 1 0 1 0 0 0 0 1 1 0 0 1 1 0 1 0 1 1 1 0 1 1 1 1 1 1 0]
Reconstruido --> [1 0 0 1 0 1 0 1 0 1 0 1 0 1 0 0 1 0 0 0 0 1 1 1 1 1 1 0 1 1 0 0] | Precisión: 0.75
Distancia de Hamming: 8
--------------------------------------------------
Original     --> [0 1 1 1 0 1 1 1 1 0 0 1 0 0 1 1 0 0 1 1 0 0 1 1 0 1 1 1 1 0 0 1]
Reconstruido --> [0 0 1 1 0 0 1 1 1 0 0 1 0 0 1 1 0 0 1 1 0 0 1 1 0 1 1 1 1 0 0 1] | Precisión: 0.94
Distancia de Hamming: 2
--------------------------------------------------
Original     --> [0 1 0 1 0 1 0 0 0 0 1 1 1 1 1 1 1 0 1 0 1 1 0 1 1 0 1 1 0 1 0 1]
Reconstruido --> [0 1 0 1 1 1 0 0 0 0 1 1 1 1 1 0 1 0 1 0 1 1 0 1 0 0 0 1 1 1 1 1] | Precisión: 0.81
Distancia de Hamming: 6
--------------------------------------------------
La media de la precisión del descifrado es 0.9249
Distancia media de Hamming = 2.4019 | Número de bits: 32
Número de reconstrucciones perfectas = 1833



EVALUACIÓN CON 1200:

Original     --> [0 1 1 1 0 1 0 1 1 1 1 0 0 0 0 0 0 1 1 0 1 0 0 1 0 1 1 0 0 0 0 0]
Reconstruido --> [0 1 1 1 0 1 0 1 1 1 1 0 0 0 0 0 0 1 1 0 1 0 0 1 0 1 1 0 0 0 0 0] | Precisión: 1.00
Distancia de Hamming: 0
--------------------------------------------------
Original     --> [1 1 1 0 1 1 1 0 0 0 1 1 1 0 1 1 1 0 0 0 0 0 0 1 1 0 0 1 1 1 0 1]
Reconstruido --> [1 1 1 0 1 1 1 0 0 0 1 1 1 0 1 1 1 0 0 0 0 0 0 1 1 0 0 1 1 1 0 1] | Precisión: 1.00
Distancia de Hamming: 0
--------------------------------------------------
Original     --> [1 0 1 1 1 1 0 1 0 0 1 0 1 0 1 1 1 0 0 1 0 0 0 1 1 0 0 1 1 1 1 1]
Reconstruido --> [1 0 1 1 1 1 0 1 0 0 1 0 1 0 1 1 1 0 0 1 0 0 0 1 1 0 0 1 1 1 1 1] | Precisión: 1.00
Distancia de Hamming: 0
--------------------------------------------------
Original     --> [0 0 1 0 0 0 1 1 1 1 1 0 0 0 0 1 1 1 1 1 1 0 1 0 1 1 1 1 0 0 1 1]
Reconstruido --> [0 0 1 0 0 0 1 1 1 1 1 0 0 0 0 1 1 1 1 1 1 0 1 0 1 1 1 1 0 0 1 1] | Precisión: 1.00
Distancia de Hamming: 0
--------------------------------------------------
Original     --> [1 1 0 1 1 0 0 1 1 1 0 0 1 0 1 1 1 0 1 1 0 0 0 0 1 0 0 0 1 0 0 0]
Reconstruido --> [1 1 0 1 1 0 0 1 1 1 1 1 1 0 1 1 1 0 1 1 0 0 0 0 1 1 0 0 1 0 0 0] | Precisión: 0.91
Distancia de Hamming: 3
--------------------------------------------------
Original     --> [0 0 0 1 0 0 1 0 1 1 0 1 0 0 1 1 0 1 1 1 1 0 0 0 0 1 0 0 1 1 0 0]
Reconstruido --> [0 0 0 1 0 0 0 0 1 1 0 1 0 0 1 1 0 1 1 1 1 0 0 0 0 1 0 0 1 1 0 0] | Precisión: 0.97
Distancia de Hamming: 1
--------------------------------------------------
Original     --> [1 1 1 1 0 0 1 0 1 0 0 1 1 0 0 1 0 1 1 0 0 1 1 1 1 0 0 0 0 1 1 0]
Reconstruido --> [1 1 0 1 0 0 1 0 1 0 0 1 1 0 0 1 0 1 1 0 0 1 1 1 1 0 0 0 0 1 1 0] | Precisión: 0.97
Distancia de Hamming: 1
--------------------------------------------------
Original     --> [0 1 0 1 0 1 0 1 1 0 0 1 1 1 0 1 0 0 1 1 1 0 0 1 1 1 1 0 0 1 0 0]
Reconstruido --> [0 1 0 1 0 1 0 1 1 0 0 1 1 1 1 1 0 0 1 1 1 0 1 1 1 1 0 0 0 1 0 0] | Precisión: 0.91
Distancia de Hamming: 3
--------------------------------------------------
Original     --> [0 0 1 1 1 0 1 1 0 0 0 1 1 0 1 0 1 1 1 1 1 0 0 1 1 0 0 0 0 1 0 1]
Reconstruido --> [0 0 1 1 1 0 1 1 0 0 0 1 1 0 1 0 1 1 1 1 1 0 0 1 1 0 0 0 0 1 0 1] | Precisión: 1.00
Distancia de Hamming: 0
--------------------------------------------------
Original     --> [1 0 1 1 1 1 1 1 0 0 1 0 1 1 1 1 0 1 1 0 1 0 1 0 1 1 1 1 0 1 1 1]
Reconstruido --> [1 0 1 1 1 1 1 1 0 0 1 0 1 1 1 1 0 1 1 0 1 0 1 0 1 1 1 1 0 1 1 1] | Precisión: 1.00
Distancia de Hamming: 0
--------------------------------------------------
La media de la precisión del descifrado es 0.9418
Distancia media de Hamming = 1.8637 | Número de bits: 32
Número de reconstrucciones perfectas = 3030



EVALUACIÓN CON 1500:

Original     --> [1 0 0 1 0 0 1 0 1 0 1 1 1 1 0 1 1 0 0 1 1 1 0 0 1 0 1 0 0 0 0 1]
Reconstruido --> [1 0 0 1 0 0 1 0 1 0 1 1 1 1 0 1 1 0 0 1 1 1 0 0 1 0 1 0 0 0 0 1] | Precisión: 1.00
Distancia de Hamming: 0
--------------------------------------------------
Original     --> [1 0 0 0 0 1 0 1 1 1 0 0 1 0 0 0 1 0 0 1 1 0 1 0 1 1 0 0 1 0 1 1]
Reconstruido --> [1 0 0 0 0 1 0 1 1 1 0 0 1 0 1 0 1 0 0 1 1 0 1 0 1 1 0 0 1 0 1 1] | Precisión: 0.97
Distancia de Hamming: 1
--------------------------------------------------
Original     --> [0 0 1 1 0 0 0 1 0 1 0 0 0 0 1 1 0 0 1 0 1 0 1 0 1 1 0 0 0 1 1 0]
Reconstruido --> [0 0 1 1 0 0 0 1 0 1 0 0 0 0 1 1 0 0 1 0 1 0 1 0 1 1 0 0 0 1 1 0] | Precisión: 1.00
Distancia de Hamming: 0
--------------------------------------------------
Original     --> [0 1 0 1 1 0 0 1 0 1 0 1 1 1 0 0 0 1 1 0 0 0 1 1 1 0 0 0 1 0 0 0]
Reconstruido --> [0 1 0 1 1 0 1 1 0 1 0 1 1 1 0 1 0 1 1 0 0 1 1 1 1 0 0 0 1 0 0 0] | Precisión: 0.91
Distancia de Hamming: 3
--------------------------------------------------
Original     --> [0 1 1 0 1 1 0 1 1 0 0 1 1 0 0 0 1 1 0 1 0 1 1 0 0 0 1 1 0 1 1 1]
Reconstruido --> [0 1 1 0 1 1 0 1 1 0 0 1 1 0 0 0 1 1 0 1 0 1 1 0 0 0 1 1 0 1 1 1] | Precisión: 1.00
Distancia de Hamming: 0
--------------------------------------------------
Original     --> [0 0 1 0 1 1 0 0 0 1 1 1 1 1 1 0 0 1 1 1 1 0 1 1 1 0 0 0 1 1 0 1]
Reconstruido --> [0 0 1 0 1 1 0 0 0 1 1 1 1 1 1 1 0 1 1 1 0 0 1 0 1 0 0 0 1 1 0 1] | Precisión: 0.91
Distancia de Hamming: 3
--------------------------------------------------
Original     --> [1 1 1 1 0 1 0 0 1 1 1 1 0 0 1 0 0 0 0 0 1 0 0 0 1 1 0 0 1 1 0 0]
Reconstruido --> [1 1 1 1 0 1 0 0 1 0 1 1 0 0 1 0 1 0 0 0 1 0 0 0 1 1 0 0 1 1 0 0] | Precisión: 0.94
Distancia de Hamming: 2
--------------------------------------------------
Original     --> [1 1 0 1 0 1 0 1 1 1 1 1 1 1 1 0 0 1 0 1 1 0 0 1 0 0 0 1 0 0 0 0]
Reconstruido --> [1 0 0 1 0 1 1 1 0 1 1 1 1 1 1 0 0 1 0 1 1 0 0 1 0 0 0 1 0 0 0 0] | Precisión: 0.91
Distancia de Hamming: 3
--------------------------------------------------
Original     --> [1 1 1 0 0 1 0 0 0 0 0 1 1 0 0 0 1 1 0 1 0 1 1 1 0 1 1 0 1 1 0 0]
Reconstruido --> [1 1 1 1 0 1 0 0 0 0 1 1 1 0 0 0 1 1 0 1 0 1 1 1 0 1 1 0 1 1 0 0] | Precisión: 0.94
Distancia de Hamming: 2
--------------------------------------------------
Original     --> [1 0 1 1 1 1 0 1 0 1 0 1 1 1 0 0 0 1 0 0 1 1 1 1 0 0 1 1 1 1 0 1]
Reconstruido --> [1 0 1 1 1 1 0 1 0 1 1 1 0 1 0 0 0 1 0 0 0 1 1 1 0 0 1 1 0 1 0 1] | Precisión: 0.88
Distancia de Hamming: 4
--------------------------------------------------
La media de la precisión del descifrado es 0.9499
Distancia media de Hamming = 1.6025 | Número de bits: 32
Número de reconstrucciones perfectas = 3544



EVALUACIÓN CON 1800:

Original     --> [0 0 0 0 1 1 1 0 1 1 0 0 1 1 0 0 0 1 1 1 0 1 0 1 1 0 0 1 1 1 1 0]
Reconstruido --> [0 0 0 0 1 1 1 1 1 1 0 0 1 1 0 0 0 1 1 1 0 1 0 1 1 1 0 1 1 1 1 0] | Precisión: 0.94
Distancia de Hamming: 2
--------------------------------------------------
Original     --> [1 0 0 0 0 1 0 1 1 1 0 1 1 1 0 0 1 1 1 1 0 1 1 0 1 0 1 1 1 0 1 0]
Reconstruido --> [1 0 0 0 0 1 0 1 1 1 0 1 1 1 0 0 1 1 1 1 0 1 1 0 1 0 1 1 1 0 1 0] | Precisión: 1.00
Distancia de Hamming: 0
--------------------------------------------------
Original     --> [1 1 1 0 0 0 0 1 0 0 1 1 1 0 1 0 0 1 0 1 0 1 1 0 0 1 1 1 1 0 1 0]
Reconstruido --> [1 1 0 0 0 1 1 1 0 0 1 1 1 0 1 0 0 1 0 1 0 0 1 0 0 1 1 1 1 1 1 0] | Precisión: 0.84
Distancia de Hamming: 5
--------------------------------------------------
Original     --> [1 0 0 1 1 0 0 0 1 0 1 1 0 0 0 0 0 1 1 1 0 1 0 1 1 1 1 1 1 0 0 1]
Reconstruido --> [1 0 0 1 1 0 0 0 1 0 1 1 0 0 0 0 0 1 1 1 0 1 0 1 1 1 1 1 1 0 0 1] | Precisión: 1.00
Distancia de Hamming: 0
--------------------------------------------------
Original     --> [0 0 0 0 0 0 1 0 1 0 0 1 0 0 1 1 0 1 0 1 0 1 1 1 0 0 0 1 1 0 1 0]
Reconstruido --> [1 0 0 0 0 0 1 0 1 0 0 1 0 0 1 1 0 1 0 1 0 1 1 1 0 0 0 1 1 0 1 0] | Precisión: 0.97
Distancia de Hamming: 1
--------------------------------------------------
Original     --> [1 1 1 0 1 0 0 0 1 0 0 1 1 1 1 0 1 0 0 0 1 1 0 0 0 0 1 0 1 1 0 1]
Reconstruido --> [1 1 1 0 1 0 0 0 1 0 0 1 1 1 1 0 1 0 0 0 1 1 0 0 0 0 1 0 1 1 0 1] | Precisión: 1.00
Distancia de Hamming: 0
--------------------------------------------------
Original     --> [1 0 0 1 0 1 0 0 1 1 1 1 0 0 0 1 1 1 1 0 1 0 1 1 1 0 0 0 1 1 1 0]
Reconstruido --> [1 0 1 0 0 1 0 0 1 1 1 1 0 1 0 1 0 1 1 0 1 0 1 1 1 0 0 0 1 1 1 0] | Precisión: 0.88
Distancia de Hamming: 4
--------------------------------------------------
Original     --> [0 1 0 1 0 1 0 1 1 1 1 1 1 1 1 1 1 1 0 0 0 1 0 0 0 1 0 0 1 0 0 1]
Reconstruido --> [0 1 0 1 0 1 0 1 1 1 1 1 1 1 1 1 1 1 0 0 0 1 0 0 0 1 0 0 1 0 0 1] | Precisión: 1.00
Distancia de Hamming: 0
--------------------------------------------------
Original     --> [1 1 0 1 1 1 1 0 1 0 1 0 1 1 1 0 1 1 0 1 0 1 1 1 0 1 1 0 1 1 0 0]
Reconstruido --> [1 1 0 1 0 1 1 0 1 0 1 0 1 1 0 0 1 1 0 1 0 1 1 1 0 1 1 0 1 1 0 0] | Precisión: 0.94
Distancia de Hamming: 2
--------------------------------------------------
Original     --> [1 0 0 1 0 1 0 1 1 1 1 0 0 0 0 0 1 0 1 0 1 1 1 0 1 1 0 0 1 0 0 1]
Reconstruido --> [1 0 0 1 0 1 0 1 1 1 1 0 0 1 0 0 0 0 1 0 1 1 1 0 1 1 0 0 1 0 0 1] | Precisión: 0.94
Distancia de Hamming: 2
--------------------------------------------------
La media de la precisión del descifrado es 0.9504
Distancia media de Hamming = 1.5871 | Número de bits: 32
Número de reconstrucciones perfectas = 3530



EVALUACIÓN CON 2100:

Original     --> [1 1 1 1 0 0 0 0 1 1 0 0 0 1 0 0 1 1 0 1 0 0 1 0 0 1 1 0 1 0 1 0]
Reconstruido --> [1 1 1 1 0 0 0 0 1 1 0 0 0 1 0 0 1 1 0 1 0 0 1 0 0 1 1 0 1 0 1 0] | Precisión: 1.00
Distancia de Hamming: 0
--------------------------------------------------
Original     --> [0 1 0 1 1 1 1 1 1 1 1 0 0 1 0 1 1 1 0 0 1 1 1 1 0 0 1 1 1 0 1 0]
Reconstruido --> [0 1 0 1 1 1 1 1 1 1 1 0 0 0 1 1 1 1 0 0 1 1 1 0 0 0 1 1 1 0 0 1] | Precisión: 0.84
Distancia de Hamming: 5
--------------------------------------------------
Original     --> [1 0 1 1 1 0 1 0 0 0 1 1 1 1 0 0 0 1 1 1 1 1 0 0 1 1 0 0 1 1 0 0]
Reconstruido --> [1 0 1 1 1 0 1 0 0 0 1 1 1 1 0 0 0 1 1 1 1 1 0 0 1 1 0 0 1 1 0 0] | Precisión: 1.00
Distancia de Hamming: 0
--------------------------------------------------
Original     --> [0 0 0 0 1 1 0 0 0 1 0 1 0 0 1 0 0 1 1 0 0 0 1 0 1 1 0 1 0 1 0 1]
Reconstruido --> [0 0 0 0 1 1 0 0 0 1 0 1 0 0 0 0 0 1 1 0 0 0 1 1 1 1 0 1 0 1 0 1] | Precisión: 0.94
Distancia de Hamming: 2
--------------------------------------------------
Original     --> [0 1 1 0 0 1 1 0 1 1 0 0 1 0 1 1 1 0 1 1 1 1 1 1 0 0 1 1 1 0 0 1]
Reconstruido --> [0 1 1 0 0 0 1 1 0 1 0 0 1 0 1 1 0 0 1 1 1 1 1 1 0 0 1 1 1 1 0 1] | Precisión: 0.84
Distancia de Hamming: 5
--------------------------------------------------
Original     --> [0 1 1 1 0 0 1 0 1 1 1 0 1 0 1 1 1 1 0 0 1 1 0 0 0 1 0 1 0 1 0 1]
Reconstruido --> [0 1 1 1 0 0 1 1 1 1 1 0 1 0 1 1 1 1 0 0 1 1 0 0 0 1 0 0 0 1 0 1] | Precisión: 0.94
Distancia de Hamming: 2
--------------------------------------------------
Original     --> [0 1 1 0 0 1 1 1 1 1 0 1 0 1 1 1 0 1 1 1 1 0 0 1 0 1 0 1 1 1 0 0]
Reconstruido --> [0 1 1 0 0 1 1 1 1 1 0 1 0 1 1 1 0 1 1 1 1 0 0 1 0 1 0 1 1 1 0 0] | Precisión: 1.00
Distancia de Hamming: 0
--------------------------------------------------
Original     --> [0 0 0 1 1 0 1 0 1 0 0 0 1 0 0 1 1 0 1 1 0 0 1 1 1 0 0 0 1 0 0 1]
Reconstruido --> [0 0 0 1 1 0 1 0 1 0 1 0 1 0 0 1 1 0 1 1 0 0 1 1 1 0 0 0 1 0 0 1] | Precisión: 0.97
Distancia de Hamming: 1
--------------------------------------------------
Original     --> [1 0 1 1 0 0 0 1 0 0 1 0 0 1 1 0 1 1 0 0 1 0 0 0 1 0 1 0 1 1 1 1]
Reconstruido --> [1 0 1 1 0 0 0 1 0 0 1 0 0 1 1 0 1 1 0 0 1 0 0 0 1 0 1 0 1 1 1 1] | Precisión: 1.00
Distancia de Hamming: 0
--------------------------------------------------
Original     --> [1 1 1 0 1 1 0 0 0 1 1 0 1 0 0 0 1 0 1 1 1 0 1 0 1 1 0 1 1 0 0 0]
Reconstruido --> [1 1 1 0 1 1 0 0 0 1 1 0 1 0 0 0 1 0 1 1 1 0 1 0 1 1 0 1 1 0 0 0] | Precisión: 1.00
Distancia de Hamming: 0
--------------------------------------------------
La media de la precisión del descifrado es 0.9637
Distancia media de Hamming = 1.1605 | Número de bits: 32
Número de reconstrucciones perfectas = 4896



EVALUACIÓN CON 2400:

Original     --> [1 0 1 0 0 0 1 0 0 0 0 0 1 1 1 0 0 0 0 0 0 0 0 0 1 0 0 1 0 1 1 1]
Reconstruido --> [1 0 1 0 0 0 1 0 0 0 0 0 1 1 1 0 0 0 0 0 0 0 0 0 1 0 1 1 0 1 1 1] | Precisión: 0.97
Distancia de Hamming: 1
--------------------------------------------------
Original     --> [0 1 1 0 0 1 1 0 0 0 0 0 1 1 0 1 0 0 0 1 0 0 0 1 0 1 0 1 0 1 1 0]
Reconstruido --> [0 1 1 0 0 1 1 0 0 0 0 0 1 1 0 1 0 0 0 1 0 0 0 1 0 1 0 1 0 1 1 0] | Precisión: 1.00
Distancia de Hamming: 0
--------------------------------------------------
Original     --> [1 1 1 1 1 1 0 1 0 0 0 0 1 1 1 1 0 1 0 0 0 1 1 1 0 0 0 1 1 1 1 0]
Reconstruido --> [1 1 1 1 1 1 0 1 0 0 0 0 1 1 1 1 0 1 0 0 0 1 1 1 0 0 0 1 1 1 1 0] | Precisión: 1.00
Distancia de Hamming: 0
--------------------------------------------------
Original     --> [0 0 1 0 0 0 1 0 1 1 1 1 0 1 0 1 0 0 1 0 0 0 0 1 0 1 1 0 1 0 1 0]
Reconstruido --> [0 0 1 1 0 0 1 0 1 1 1 1 0 1 0 1 0 0 1 0 0 0 0 1 0 1 1 0 1 0 1 0] | Precisión: 0.97
Distancia de Hamming: 1
--------------------------------------------------
Original     --> [0 0 0 1 0 0 0 0 1 1 1 0 1 1 1 1 1 1 0 1 1 0 0 0 0 1 0 0 0 1 0 0]
Reconstruido --> [0 0 0 1 1 0 0 0 1 1 1 0 1 1 1 1 1 1 0 1 1 1 0 0 0 1 0 0 0 1 0 0] | Precisión: 0.94
Distancia de Hamming: 2
--------------------------------------------------
Original     --> [0 0 1 1 0 0 1 0 0 0 1 0 1 0 0 0 0 0 1 0 1 1 1 1 0 1 1 0 0 0 1 1]
Reconstruido --> [0 0 1 1 0 0 1 0 0 0 1 0 1 0 0 0 0 0 1 0 1 1 1 1 0 1 1 0 0 0 1 1] | Precisión: 1.00
Distancia de Hamming: 0
--------------------------------------------------
Original     --> [0 0 0 1 0 0 1 1 1 1 1 1 0 0 0 0 1 1 0 1 1 0 1 1 1 1 0 1 1 0 1 0]
Reconstruido --> [0 0 0 1 0 1 1 1 1 1 1 1 0 0 0 0 0 1 0 1 0 0 1 1 1 1 0 1 1 0 1 0] | Precisión: 0.91
Distancia de Hamming: 3
--------------------------------------------------
Original     --> [1 1 1 0 0 0 1 0 1 1 0 1 0 0 0 1 1 0 0 0 1 1 0 1 0 1 0 1 0 0 0 0]
Reconstruido --> [1 1 1 0 0 0 1 0 1 1 0 1 0 0 0 1 1 0 0 0 1 1 0 1 0 1 0 1 0 0 0 0] | Precisión: 1.00
Distancia de Hamming: 0
--------------------------------------------------
Original     --> [0 1 0 1 0 1 1 1 0 0 1 0 0 1 0 0 0 1 1 0 0 0 1 1 0 1 1 1 1 0 1 0]
Reconstruido --> [0 1 0 1 0 1 1 1 0 0 1 0 0 1 0 0 0 1 0 0 0 0 1 1 0 1 1 1 1 0 1 0] | Precisión: 0.97
Distancia de Hamming: 1
--------------------------------------------------
Original     --> [1 1 1 1 0 0 0 1 0 1 0 1 0 0 1 0 0 0 0 0 0 1 0 0 1 1 0 1 1 0 0 0]
Reconstruido --> [1 1 1 1 0 0 0 1 0 1 0 1 0 0 1 0 0 0 0 0 0 1 0 0 1 1 0 1 1 0 0 0] | Precisión: 1.00
Distancia de Hamming: 0
--------------------------------------------------
La media de la precisión del descifrado es 0.9688
Distancia media de Hamming = 0.9977 | Número de bits: 32
Número de reconstrucciones perfectas = 5540



EVALUACIÓN CON 2700:

Original     --> [0 1 0 1 0 0 1 1 0 1 1 1 0 1 1 0 1 1 1 0 1 0 0 1 0 0 0 1 1 1 0 1]
Reconstruido --> [0 1 0 1 0 0 1 1 0 1 1 1 0 0 1 0 1 1 1 0 0 0 0 1 0 1 0 1 1 1 1 1] | Precisión: 0.88
Distancia de Hamming: 4
--------------------------------------------------
Original     --> [1 0 0 1 1 0 0 0 0 0 1 1 0 0 1 1 1 0 0 1 0 0 1 1 1 0 1 1 0 0 1 0]
Reconstruido --> [0 0 1 1 1 0 0 0 0 1 1 1 1 0 1 1 1 0 0 1 0 1 1 0 1 0 1 1 0 1 1 0] | Precisión: 0.78
Distancia de Hamming: 7
--------------------------------------------------
Original     --> [0 1 0 1 1 1 0 1 1 0 0 0 0 1 0 1 0 0 1 0 0 0 0 0 0 1 1 1 0 1 1 1]
Reconstruido --> [0 1 0 1 1 1 0 1 1 0 0 0 0 1 0 1 0 0 1 0 0 0 0 0 0 1 1 1 0 1 1 1] | Precisión: 1.00
Distancia de Hamming: 0
--------------------------------------------------
Original     --> [0 1 0 1 0 1 1 0 1 0 1 0 0 0 1 1 1 1 0 1 1 0 0 0 0 0 0 0 1 0 1 1]
Reconstruido --> [0 1 0 1 0 1 1 0 1 0 1 0 0 0 1 1 1 1 0 1 1 0 0 0 0 0 0 0 1 0 1 1] | Precisión: 1.00
Distancia de Hamming: 0
--------------------------------------------------
Original     --> [0 1 1 0 1 1 0 0 0 1 1 0 0 0 1 0 1 0 1 1 1 1 1 0 0 1 1 1 0 1 1 1]
Reconstruido --> [0 1 1 0 1 1 0 0 0 1 1 0 0 0 1 0 1 0 1 1 1 1 1 0 0 1 1 1 0 1 1 0] | Precisión: 0.97
Distancia de Hamming: 1
--------------------------------------------------
Original     --> [0 1 1 1 1 1 0 0 0 0 1 1 0 1 0 1 1 1 1 0 1 1 0 1 1 0 0 0 1 0 0 1]
Reconstruido --> [0 1 1 1 1 1 0 0 0 0 1 1 0 1 0 1 1 1 1 0 1 1 0 1 1 0 0 0 1 0 1 1] | Precisión: 0.97
Distancia de Hamming: 1
--------------------------------------------------
Original     --> [1 0 0 1 0 1 0 1 0 1 0 1 1 0 1 0 1 1 0 0 1 0 1 1 1 1 0 0 1 0 1 0]
Reconstruido --> [1 0 0 1 0 1 0 1 0 1 0 1 1 0 1 0 1 1 0 0 1 0 1 1 1 1 0 0 1 0 1 0] | Precisión: 1.00
Distancia de Hamming: 0
--------------------------------------------------
Original     --> [0 1 1 0 0 0 1 0 1 1 1 0 1 0 1 1 1 0 0 0 1 0 1 0 0 1 1 1 0 0 0 1]
Reconstruido --> [0 1 1 0 0 0 0 0 1 1 1 1 1 0 1 1 1 0 0 1 1 0 1 0 0 1 1 1 1 0 0 1] | Precisión: 0.88
Distancia de Hamming: 4
--------------------------------------------------
Original     --> [1 1 1 1 1 0 0 1 0 1 0 0 0 0 0 0 1 0 1 0 1 1 0 1 1 1 0 0 1 0 0 0]
Reconstruido --> [1 1 1 1 1 0 0 1 0 1 0 0 0 0 0 0 1 0 1 0 1 1 0 1 0 1 0 0 1 0 0 0] | Precisión: 0.97
Distancia de Hamming: 1
--------------------------------------------------
Original     --> [1 0 0 1 0 1 1 0 0 1 1 1 0 0 1 1 0 1 0 1 0 1 0 1 1 0 0 1 1 0 1 0]
Reconstruido --> [1 0 0 1 0 1 1 0 0 1 1 1 0 0 1 1 0 1 0 1 0 1 0 1 1 0 0 1 1 0 1 0] | Precisión: 1.00
Distancia de Hamming: 0
--------------------------------------------------
La media de la precisión del descifrado es 0.9587
Distancia media de Hamming = 1.3218 | Número de bits: 32
Número de reconstrucciones perfectas = 4381



EVALUACIÓN CON 3000:

Original     --> [0 0 0 0 1 1 1 1 0 0 0 1 1 0 1 1 1 1 0 0 0 1 1 0 0 1 0 0 1 1 0 0]
Reconstruido --> [0 0 0 0 1 1 1 1 0 0 0 1 1 0 1 1 1 1 0 0 0 1 1 0 0 1 0 0 1 1 0 0] | Precisión: 1.00
Distancia de Hamming: 0
--------------------------------------------------
Original     --> [0 1 0 0 1 0 0 1 0 1 1 1 0 1 0 0 1 1 1 1 0 0 0 1 1 0 1 1 1 0 0 0]
Reconstruido --> [0 1 0 0 1 0 0 1 0 1 1 1 0 1 0 0 1 1 1 1 0 0 0 1 1 0 1 1 1 0 0 0] | Precisión: 1.00
Distancia de Hamming: 0
--------------------------------------------------
Original     --> [0 1 0 1 1 1 0 1 0 0 0 1 1 0 1 0 0 1 0 1 0 1 1 0 0 1 1 1 0 0 1 1]
Reconstruido --> [0 1 0 1 1 1 0 1 0 0 0 1 1 0 1 0 0 1 0 1 0 1 1 0 0 1 1 1 0 0 1 1] | Precisión: 1.00
Distancia de Hamming: 0
--------------------------------------------------
Original     --> [0 1 0 0 0 1 0 1 0 0 0 0 0 1 1 0 0 1 0 1 0 0 0 0 1 1 0 1 0 1 1 1]
Reconstruido --> [0 1 0 0 0 1 0 1 0 0 0 0 0 1 1 0 0 1 0 1 0 0 0 0 1 1 0 1 0 1 1 1] | Precisión: 1.00
Distancia de Hamming: 0
--------------------------------------------------
Original     --> [1 0 1 0 1 0 1 0 0 0 1 1 0 1 0 0 0 0 0 1 0 0 0 0 1 0 0 1 0 0 0 1]
Reconstruido --> [1 0 1 0 1 0 1 0 0 0 1 1 0 1 0 0 0 0 0 1 0 0 0 0 1 0 0 1 0 0 0 1] | Precisión: 1.00
Distancia de Hamming: 0
--------------------------------------------------
Original     --> [1 0 0 0 1 1 0 0 1 0 0 1 0 1 1 1 0 1 1 1 1 0 1 0 0 0 0 0 0 1 1 1]
Reconstruido --> [1 0 0 0 1 1 0 0 1 0 0 1 0 1 1 1 0 1 1 1 1 0 1 0 0 0 0 0 0 1 1 1] | Precisión: 1.00
Distancia de Hamming: 0
--------------------------------------------------
Original     --> [1 0 1 0 0 1 0 1 1 1 1 1 1 1 0 0 1 0 1 1 1 1 1 1 0 1 1 0 0 0 0 1]
Reconstruido --> [1 0 1 0 0 1 0 1 1 1 1 1 1 1 0 0 1 1 1 1 1 1 1 1 0 1 1 0 0 0 0 1] | Precisión: 0.97
Distancia de Hamming: 1
--------------------------------------------------
Original     --> [1 1 1 0 1 0 0 1 1 0 1 1 1 1 0 0 0 1 1 0 0 1 0 0 0 0 0 0 1 1 1 0]
Reconstruido --> [1 1 1 0 1 0 0 1 1 0 1 1 1 1 0 0 0 1 1 0 0 1 0 0 0 0 0 0 1 1 1 0] | Precisión: 1.00
Distancia de Hamming: 0
--------------------------------------------------
Original     --> [0 0 1 1 0 1 0 0 1 0 1 0 0 0 1 1 0 1 0 0 1 1 0 1 1 1 0 1 1 1 1 1]
Reconstruido --> [0 0 1 1 0 1 0 1 1 0 0 0 0 1 1 1 0 1 0 0 1 1 0 1 1 1 0 1 1 1 1 1] | Precisión: 0.91
Distancia de Hamming: 3
--------------------------------------------------
Original     --> [0 1 0 0 0 0 0 1 0 0 1 1 1 0 0 0 1 0 0 1 1 1 1 1 0 1 1 0 0 1 0 1]
Reconstruido --> [0 1 0 0 0 0 0 1 0 0 1 1 1 0 0 0 1 1 0 1 1 1 1 1 0 1 1 0 1 1 0 1] | Precisión: 0.94
Distancia de Hamming: 2
--------------------------------------------------
La media de la precisión del descifrado es 0.9673
Distancia media de Hamming = 1.0467 | Número de bits: 32
Número de reconstrucciones perfectas = 5314



EVALUACIÓN CON 3300:

Original     --> [1 0 1 0 0 1 1 0 0 1 0 1 0 0 0 0 0 1 0 1 0 1 1 0 1 0 0 0 1 0 1 0]
Reconstruido --> [1 0 1 0 0 1 1 0 0 1 0 1 0 0 0 0 0 1 0 1 0 1 1 0 1 0 0 0 1 0 1 0] | Precisión: 1.00
Distancia de Hamming: 0
--------------------------------------------------
Original     --> [0 0 0 0 1 1 1 1 1 1 0 0 0 0 0 0 1 0 0 1 1 0 1 0 0 1 1 0 1 0 1 1]
Reconstruido --> [0 0 0 0 1 1 1 1 1 1 0 0 0 0 0 0 1 0 0 1 1 0 1 0 0 1 1 0 1 0 1 1] | Precisión: 1.00
Distancia de Hamming: 0
--------------------------------------------------
Original     --> [0 1 0 0 0 0 1 0 0 1 0 0 1 1 1 0 0 1 0 0 1 1 0 1 0 0 1 1 1 0 1 0]
Reconstruido --> [0 1 0 0 0 0 1 0 0 1 0 0 1 1 1 0 0 1 0 0 1 1 0 1 0 0 1 1 1 0 1 0] | Precisión: 1.00
Distancia de Hamming: 0
--------------------------------------------------
Original     --> [0 1 0 1 1 0 1 1 1 1 1 0 1 1 1 0 0 0 0 0 1 0 1 1 1 0 1 1 0 0 1 0]
Reconstruido --> [0 1 1 1 1 0 1 1 1 1 1 0 1 1 1 0 1 0 1 0 1 0 1 1 0 0 1 1 0 0 1 0] | Precisión: 0.88
Distancia de Hamming: 4
--------------------------------------------------
Original     --> [0 0 1 1 1 1 1 1 1 1 0 1 0 1 1 0 0 0 0 1 1 0 1 1 1 0 0 1 1 0 0 1]
Reconstruido --> [0 0 1 1 1 1 1 1 1 1 0 1 0 1 1 0 0 0 0 1 1 0 1 1 1 0 0 1 1 0 0 1] | Precisión: 1.00
Distancia de Hamming: 0
--------------------------------------------------
Original     --> [0 0 0 0 1 0 1 0 1 1 0 0 1 1 0 1 1 1 0 1 1 1 1 0 1 0 1 0 0 0 1 1]
Reconstruido --> [0 0 1 0 0 0 1 0 1 1 0 0 0 0 0 1 1 1 0 1 0 1 1 0 1 0 1 0 0 0 1 1] | Precisión: 0.84
Distancia de Hamming: 5
--------------------------------------------------
Original     --> [0 0 0 0 0 0 1 0 1 0 1 0 0 1 1 1 1 1 0 1 0 1 0 1 0 1 0 0 0 0 1 0]
Reconstruido --> [0 0 0 0 0 0 1 0 1 0 1 0 0 1 1 0 1 1 0 1 0 1 0 1 0 1 0 0 0 0 1 0] | Precisión: 0.97
Distancia de Hamming: 1
--------------------------------------------------
Original     --> [1 1 0 1 1 0 0 1 0 1 0 1 1 0 0 1 1 0 0 0 1 0 1 0 1 0 0 1 1 0 1 0]
Reconstruido --> [1 1 0 1 1 0 0 1 0 1 0 1 1 0 0 1 1 0 0 0 1 0 1 0 1 0 0 1 1 0 1 0] | Precisión: 1.00
Distancia de Hamming: 0
--------------------------------------------------
Original     --> [0 0 0 1 0 0 1 1 0 0 0 1 0 0 1 1 1 1 0 0 0 1 0 1 1 0 1 0 1 0 1 0]
Reconstruido --> [0 0 0 1 1 0 1 1 0 0 0 1 0 0 1 1 1 1 0 0 0 1 0 1 1 0 1 0 1 0 1 0] | Precisión: 0.97
Distancia de Hamming: 1
--------------------------------------------------
Original     --> [0 0 0 0 0 0 1 0 1 1 1 1 0 0 0 0 1 1 1 0 1 1 0 1 1 1 0 1 0 1 1 1]
Reconstruido --> [0 0 0 0 0 0 1 0 1 1 1 1 0 0 0 0 1 1 1 0 1 1 0 1 1 1 0 1 0 1 1 1] | Precisión: 1.00
Distancia de Hamming: 0
--------------------------------------------------
La media de la precisión del descifrado es 0.9559
Distancia media de Hamming = 1.4108 | Número de bits: 32
Número de reconstrucciones perfectas = 3873



EVALUACIÓN CON 3600:

Original     --> [0 0 0 0 1 1 0 0 1 1 0 1 0 0 0 1 1 0 1 0 0 1 0 1 1 0 1 1 1 0 0 0]
Reconstruido --> [0 0 0 0 1 1 0 0 1 1 0 1 0 0 0 1 1 0 1 0 0 1 0 1 1 0 1 1 1 0 0 0] | Precisión: 1.00
Distancia de Hamming: 0
--------------------------------------------------
Original     --> [1 0 0 0 1 1 0 1 1 0 0 1 0 1 1 0 1 1 1 0 1 1 1 0 0 1 1 1 1 0 0 0]
Reconstruido --> [1 0 0 0 1 1 0 1 1 0 0 1 0 1 1 0 1 1 1 0 1 1 1 0 0 1 1 1 1 0 0 0] | Precisión: 1.00
Distancia de Hamming: 0
--------------------------------------------------
Original     --> [1 1 0 1 1 0 1 1 0 1 1 1 1 1 0 1 1 1 0 0 0 1 1 1 1 0 0 0 1 0 1 1]
Reconstruido --> [1 1 0 1 1 0 1 1 0 1 1 1 1 1 0 1 1 1 0 0 0 1 1 1 1 0 0 0 1 0 1 1] | Precisión: 1.00
Distancia de Hamming: 0
--------------------------------------------------
Original     --> [0 1 1 0 0 0 0 1 1 0 1 1 0 1 1 1 0 0 0 0 0 1 0 0 0 0 1 0 0 0 1 1]
Reconstruido --> [0 1 1 0 0 0 0 1 1 0 1 1 0 1 1 1 0 0 0 0 0 1 0 0 0 0 1 0 0 0 1 1] | Precisión: 1.00
Distancia de Hamming: 0
--------------------------------------------------
Original     --> [0 0 1 1 1 1 1 0 1 1 0 1 0 0 1 0 1 0 0 1 1 1 1 0 0 0 1 0 1 1 0 1]
Reconstruido --> [0 0 0 1 1 1 1 0 1 1 0 1 0 0 1 0 1 0 0 1 1 1 1 0 0 0 1 0 1 1 0 1] | Precisión: 0.97
Distancia de Hamming: 1
--------------------------------------------------
Original     --> [1 0 1 1 1 0 1 1 1 0 0 1 0 1 0 1 0 1 1 0 0 1 0 0 1 1 1 0 0 1 1 0]
Reconstruido --> [1 0 1 1 1 0 1 1 1 0 0 1 0 1 0 1 0 1 1 0 0 1 0 0 1 1 1 0 0 1 1 0] | Precisión: 1.00
Distancia de Hamming: 0
--------------------------------------------------
Original     --> [0 1 1 0 1 0 0 0 0 1 0 1 0 1 0 0 1 0 0 0 0 0 1 1 1 1 0 0 0 1 1 0]
Reconstruido --> [0 1 1 0 1 0 0 0 0 1 0 1 1 1 0 0 1 0 0 0 0 0 1 1 1 1 0 0 0 1 1 0] | Precisión: 0.97
Distancia de Hamming: 1
--------------------------------------------------
Original     --> [0 1 1 0 1 0 0 1 1 1 1 0 0 0 0 1 1 0 1 0 1 1 0 0 1 0 1 1 1 1 0 0]
Reconstruido --> [0 1 0 0 1 0 0 1 1 1 1 0 0 0 0 1 1 0 1 0 1 1 0 0 1 0 1 1 1 1 0 0] | Precisión: 0.97
Distancia de Hamming: 1
--------------------------------------------------
Original     --> [1 1 0 1 0 0 0 0 1 0 1 0 0 0 1 1 1 0 0 1 1 0 1 0 0 0 0 1 1 0 0 0]
Reconstruido --> [1 1 0 1 0 0 0 0 1 0 1 0 0 0 1 1 1 0 0 1 1 0 1 0 0 0 0 1 1 0 0 0] | Precisión: 1.00
Distancia de Hamming: 0
--------------------------------------------------
Original     --> [0 0 0 1 1 0 1 1 0 1 1 0 0 1 1 0 1 0 0 0 1 1 0 0 0 0 1 1 0 1 1 0]
Reconstruido --> [1 0 0 1 1 0 0 1 1 1 1 0 0 1 1 0 1 0 0 0 1 1 0 0 0 0 1 1 0 1 1 0] | Precisión: 0.91
Distancia de Hamming: 3
--------------------------------------------------
La media de la precisión del descifrado es 0.9679
Distancia media de Hamming = 1.0276 | Número de bits: 32
Número de reconstrucciones perfectas = 5526



EVALUACIÓN CON 3900:

Original     --> [0 0 1 0 1 0 0 1 0 0 0 1 0 1 0 0 0 0 1 1 0 0 0 1 0 1 0 1 0 0 0 0]
Reconstruido --> [0 0 1 0 1 0 0 1 0 0 0 1 0 1 0 0 0 0 1 1 0 0 0 1 0 1 0 1 0 0 0 0] | Precisión: 1.00
Distancia de Hamming: 0
--------------------------------------------------
Original     --> [1 0 1 1 1 1 1 1 0 1 0 0 1 1 0 1 1 1 0 0 1 0 1 0 0 0 0 1 0 1 0 1]
Reconstruido --> [1 0 1 1 1 1 1 1 0 1 0 0 1 1 0 0 1 1 0 0 1 0 1 0 0 0 0 1 0 0 0 1] | Precisión: 0.94
Distancia de Hamming: 2
--------------------------------------------------
Original     --> [1 0 1 0 0 0 0 0 0 1 1 1 0 0 0 0 1 1 0 1 1 1 1 0 1 0 0 0 0 0 1 1]
Reconstruido --> [1 0 1 0 0 0 1 0 0 1 1 1 0 0 0 0 1 1 0 1 1 0 0 0 1 0 0 0 0 0 1 1] | Precisión: 0.91
Distancia de Hamming: 3
--------------------------------------------------
Original     --> [0 0 0 0 1 1 1 1 0 0 1 1 0 1 1 0 1 1 1 0 0 1 0 0 0 1 0 1 0 0 1 0]
Reconstruido --> [0 0 0 0 1 1 1 1 0 0 1 1 0 1 1 0 1 1 1 0 0 1 0 0 0 1 0 0 0 0 1 0] | Precisión: 0.97
Distancia de Hamming: 1
--------------------------------------------------
Original     --> [0 1 1 0 1 0 1 0 1 0 1 0 1 1 0 1 0 0 0 1 1 0 0 1 0 1 1 0 0 1 1 1]
Reconstruido --> [0 1 1 0 1 0 1 0 1 0 1 0 1 1 0 1 0 0 0 1 1 0 0 1 0 1 1 0 0 1 0 1] | Precisión: 0.97
Distancia de Hamming: 1
--------------------------------------------------
Original     --> [1 1 1 1 0 0 0 0 1 1 1 1 0 1 1 0 1 0 0 0 1 0 0 1 0 1 1 0 1 1 1 1]
Reconstruido --> [1 1 1 1 0 0 0 0 1 1 1 1 0 1 1 0 1 0 0 0 1 0 0 1 0 1 0 0 1 1 1 1] | Precisión: 0.97
Distancia de Hamming: 1
--------------------------------------------------
Original     --> [1 1 1 1 1 1 0 0 0 1 1 0 1 1 1 1 1 1 0 0 0 1 0 1 0 0 0 1 1 1 0 0]
Reconstruido --> [1 1 1 1 1 1 0 0 0 1 1 0 1 1 1 1 1 1 0 1 0 1 0 1 0 0 0 1 1 1 0 0] | Precisión: 0.97
Distancia de Hamming: 1
--------------------------------------------------
Original     --> [0 0 1 0 1 0 1 1 0 0 0 0 0 1 1 0 0 0 0 0 0 1 0 1 0 0 0 0 0 0 1 0]
Reconstruido --> [0 0 1 0 1 0 0 1 0 0 0 0 0 1 1 0 0 0 0 0 0 1 0 1 0 0 0 0 0 0 1 0] | Precisión: 0.97
Distancia de Hamming: 1
--------------------------------------------------
Original     --> [0 0 0 0 0 0 1 0 0 1 1 0 1 0 0 1 0 1 1 1 1 1 0 0 1 1 0 1 0 0 1 1]
Reconstruido --> [0 0 0 0 0 0 1 0 0 1 1 0 1 0 0 1 0 1 1 1 1 1 0 0 1 1 1 1 0 0 1 0] | Precisión: 0.94
Distancia de Hamming: 2
--------------------------------------------------
Original     --> [0 1 0 1 0 1 0 0 1 1 0 1 0 0 0 1 1 0 1 0 0 1 1 1 0 1 0 1 1 0 0 0]
Reconstruido --> [0 1 0 1 0 1 0 0 1 1 0 1 0 0 0 1 1 0 1 0 0 1 1 1 0 1 0 1 1 0 0 0] | Precisión: 1.00
Distancia de Hamming: 0
--------------------------------------------------
La media de la precisión del descifrado es 0.9676
Distancia media de Hamming = 1.0354 | Número de bits: 32
Número de reconstrucciones perfectas = 5537



EVALUACIÓN CON 4200:

Original     --> [1 0 0 1 0 0 0 0 1 0 1 1 1 1 1 0 1 1 0 0 1 0 1 1 0 1 0 1 1 1 1 0]
Reconstruido --> [1 0 0 1 0 0 0 0 1 0 1 1 1 1 1 0 1 1 0 0 1 0 1 1 0 1 1 1 1 1 0 0] | Precisión: 0.94
Distancia de Hamming: 2
--------------------------------------------------
Original     --> [0 1 0 1 0 1 0 0 1 1 1 0 0 1 0 0 0 1 1 0 0 0 1 1 0 1 0 0 1 1 1 0]
Reconstruido --> [0 1 0 1 0 1 0 0 1 1 1 0 0 1 0 0 0 1 1 0 0 0 1 1 0 1 0 0 1 1 1 0] | Precisión: 1.00
Distancia de Hamming: 0
--------------------------------------------------
Original     --> [1 0 0 1 1 1 0 0 1 0 0 1 1 0 0 0 0 1 1 0 1 1 1 0 0 1 1 0 0 1 1 1]
Reconstruido --> [1 0 0 1 1 1 0 0 1 0 0 1 1 0 0 0 0 1 1 0 1 1 1 0 0 1 1 0 0 1 1 1] | Precisión: 1.00
Distancia de Hamming: 0
--------------------------------------------------
Original     --> [1 0 1 0 0 1 1 1 1 1 1 0 0 0 0 1 0 1 1 1 0 1 0 0 0 1 0 0 1 0 0 1]
Reconstruido --> [1 0 1 0 0 1 1 1 1 1 1 0 0 0 0 1 0 1 1 1 0 1 0 0 0 1 0 0 1 0 0 1] | Precisión: 1.00
Distancia de Hamming: 0
--------------------------------------------------
Original     --> [0 1 0 0 1 0 0 0 0 1 1 1 1 1 0 1 0 0 1 0 0 0 1 0 1 1 0 0 1 0 0 1]
Reconstruido --> [0 1 0 0 1 0 0 0 0 1 1 1 1 1 0 1 0 0 1 0 0 0 1 0 1 1 0 0 1 0 0 1] | Precisión: 1.00
Distancia de Hamming: 0
--------------------------------------------------
Original     --> [0 0 0 1 1 0 1 0 1 0 1 1 1 1 1 1 1 1 0 1 1 1 1 1 0 0 0 1 0 0 0 0]
Reconstruido --> [0 0 0 1 1 0 1 0 1 0 1 1 1 1 1 1 1 1 0 1 1 1 1 1 0 0 0 1 0 0 0 0] | Precisión: 1.00
Distancia de Hamming: 0
--------------------------------------------------
Original     --> [1 1 1 0 0 0 1 1 0 0 1 1 0 0 0 1 0 0 0 0 0 1 1 0 1 1 1 0 0 1 0 0]
Reconstruido --> [1 1 1 1 0 0 1 1 0 0 1 1 0 0 0 1 0 0 0 0 0 1 1 0 1 1 1 0 0 1 0 0] | Precisión: 0.97
Distancia de Hamming: 1
--------------------------------------------------
Original     --> [0 0 0 0 1 0 0 0 0 1 0 0 1 1 0 0 1 0 0 0 1 1 0 0 1 0 0 1 1 1 0 0]
Reconstruido --> [0 0 0 0 1 0 0 0 0 1 0 0 1 1 0 0 1 0 0 0 1 1 0 0 1 0 1 1 1 1 0 0] | Precisión: 0.97
Distancia de Hamming: 1
--------------------------------------------------
Original     --> [0 1 0 1 0 0 1 1 1 0 1 1 1 0 1 1 0 1 0 0 1 0 1 1 1 1 0 1 1 1 1 1]
Reconstruido --> [0 1 0 1 0 0 1 1 1 0 1 1 1 0 1 1 0 1 0 0 1 0 1 1 1 1 1 1 1 1 1 1] | Precisión: 0.97
Distancia de Hamming: 1
--------------------------------------------------
Original     --> [1 1 0 1 1 0 1 0 0 1 1 1 1 0 1 1 1 0 1 0 1 0 1 1 0 1 0 1 0 0 0 1]
Reconstruido --> [1 1 0 1 1 0 1 0 0 1 1 1 1 0 1 1 1 0 1 0 1 0 1 1 0 1 0 1 0 0 0 1] | Precisión: 1.00
Distancia de Hamming: 0
--------------------------------------------------
La media de la precisión del descifrado es 0.9860
Distancia media de Hamming = 0.4490 | Número de bits: 32
Número de reconstrucciones perfectas = 7745



EVALUACIÓN CON 4500:

Original     --> [1 0 1 1 0 1 0 0 1 1 1 0 0 0 1 1 0 0 0 0 0 1 0 0 1 1 0 0 1 0 0 0]
Reconstruido --> [1 0 1 1 0 1 0 0 1 1 1 0 0 0 1 1 0 0 0 0 0 1 0 0 1 1 0 0 1 0 0 0] | Precisión: 1.00
Distancia de Hamming: 0
--------------------------------------------------
Original     --> [1 0 0 0 1 1 1 1 0 1 1 1 0 1 0 0 0 1 0 1 0 1 0 1 0 0 1 0 1 1 1 0]
Reconstruido --> [1 0 0 0 1 1 1 1 0 1 1 1 0 1 0 0 0 1 0 1 0 1 0 1 0 0 1 0 1 1 1 0] | Precisión: 1.00
Distancia de Hamming: 0
--------------------------------------------------
Original     --> [1 0 1 1 0 1 0 0 1 0 0 0 1 0 1 0 1 0 0 0 1 0 0 0 0 0 0 0 0 0 0 1]
Reconstruido --> [1 0 1 1 0 1 0 0 1 0 0 0 1 0 1 0 1 0 0 0 1 0 0 0 0 0 0 0 0 0 0 1] | Precisión: 1.00
Distancia de Hamming: 0
--------------------------------------------------
Original     --> [1 0 1 0 0 1 0 1 1 1 1 1 0 1 0 1 0 0 0 1 0 1 1 1 0 0 0 0 1 1 1 0]
Reconstruido --> [1 0 1 0 0 1 0 1 1 1 1 1 0 1 0 1 0 0 0 1 0 1 1 1 0 0 0 0 1 1 1 0] | Precisión: 1.00
Distancia de Hamming: 0
--------------------------------------------------
Original     --> [1 1 1 0 1 1 0 1 1 1 1 0 1 0 1 1 0 1 1 0 1 0 1 1 1 1 0 1 1 0 1 0]
Reconstruido --> [1 1 1 0 1 1 0 1 1 1 1 0 1 0 1 1 0 1 1 0 1 0 1 1 1 1 0 1 1 0 1 0] | Precisión: 1.00
Distancia de Hamming: 0
--------------------------------------------------
Original     --> [0 1 0 0 0 0 0 1 1 0 1 1 0 0 1 1 1 1 1 1 0 0 0 0 1 0 0 1 1 1 0 0]
Reconstruido --> [0 1 0 0 0 0 0 1 1 0 1 1 0 0 1 1 1 1 1 1 0 0 0 0 1 0 0 1 1 1 0 0] | Precisión: 1.00
Distancia de Hamming: 0
--------------------------------------------------
Original     --> [1 0 1 0 0 1 0 1 0 1 1 0 0 1 1 1 1 1 0 0 0 1 1 1 1 0 0 0 1 1 1 1]
Reconstruido --> [1 0 1 0 0 1 0 1 0 1 1 0 0 1 1 1 1 1 0 0 0 1 1 1 1 0 0 0 1 1 1 1] | Precisión: 1.00
Distancia de Hamming: 0
--------------------------------------------------
Original     --> [0 0 0 0 1 0 1 1 1 0 0 0 0 1 0 1 1 0 0 1 0 0 1 1 1 1 0 1 0 1 0 1]
Reconstruido --> [0 0 0 0 1 0 1 1 1 0 0 0 0 1 0 0 1 0 0 1 1 0 1 1 1 0 0 1 0 1 0 1] | Precisión: 0.91
Distancia de Hamming: 3
--------------------------------------------------
Original     --> [0 1 0 1 0 0 1 1 1 0 0 1 0 1 1 0 1 0 0 1 1 0 0 0 1 1 0 0 0 1 0 1]
Reconstruido --> [0 1 0 1 0 0 1 1 1 0 0 1 0 1 1 0 1 0 0 1 1 0 0 0 1 1 0 0 0 1 0 1] | Precisión: 1.00
Distancia de Hamming: 0
--------------------------------------------------
Original     --> [1 1 0 1 0 0 0 1 0 1 0 0 0 0 0 0 0 1 1 1 0 1 1 1 1 0 0 0 0 1 0 0]
Reconstruido --> [1 1 0 1 0 0 0 1 0 1 0 0 0 0 0 0 0 1 1 1 0 1 1 1 1 0 0 0 0 1 0 0] | Precisión: 1.00
Distancia de Hamming: 0
--------------------------------------------------
La media de la precisión del descifrado es 0.9771
Distancia media de Hamming = 0.7332 | Número de bits: 32
Número de reconstrucciones perfectas = 6573



EVALUACIÓN CON 4800:

Original     --> [1 1 0 0 0 0 0 1 0 0 1 0 0 0 1 1 0 0 0 0 0 0 0 1 0 1 1 0 1 1 0 0]
Reconstruido --> [1 1 0 0 0 0 0 1 1 0 1 0 0 0 1 1 0 0 0 0 0 0 0 1 0 1 1 0 1 1 0 0] | Precisión: 0.97
Distancia de Hamming: 1
--------------------------------------------------
Original     --> [1 1 1 0 0 1 1 1 1 1 0 0 0 1 1 0 1 1 0 0 0 1 1 0 1 0 0 0 0 0 1 1]
Reconstruido --> [1 1 1 0 0 1 1 1 1 1 0 0 0 1 1 0 1 1 0 0 0 1 1 0 1 0 0 0 0 0 1 1] | Precisión: 1.00
Distancia de Hamming: 0
--------------------------------------------------
Original     --> [0 1 0 1 1 0 0 0 0 1 0 1 1 1 1 0 0 0 0 0 0 0 1 0 1 1 1 0 0 1 1 0]
Reconstruido --> [0 1 0 1 1 0 0 0 0 1 0 1 1 1 1 0 0 0 0 0 0 0 1 0 1 1 1 0 0 1 1 0] | Precisión: 1.00
Distancia de Hamming: 0
--------------------------------------------------
Original     --> [0 1 0 0 1 0 0 0 1 0 0 0 0 0 1 0 1 1 1 1 0 1 1 1 1 1 1 0 0 0 1 1]
Reconstruido --> [0 1 0 0 1 0 0 0 1 0 0 0 0 0 1 0 1 1 1 1 0 1 1 1 1 1 1 0 0 0 1 1] | Precisión: 1.00
Distancia de Hamming: 0
--------------------------------------------------
Original     --> [1 0 1 0 1 1 0 0 0 0 1 0 1 1 0 1 0 1 0 1 0 1 1 1 0 0 1 1 1 0 0 1]
Reconstruido --> [1 0 1 0 1 1 0 0 0 0 1 0 1 1 0 1 0 1 0 1 0 1 1 1 0 0 1 0 1 0 0 1] | Precisión: 0.97
Distancia de Hamming: 1
--------------------------------------------------
Original     --> [1 0 0 0 0 1 1 1 1 0 0 1 0 1 0 0 0 0 0 0 1 1 0 0 1 0 0 0 0 1 0 1]
Reconstruido --> [1 0 0 0 0 1 1 1 1 0 0 1 0 1 0 0 0 0 0 0 1 1 0 0 1 0 0 0 0 1 0 1] | Precisión: 1.00
Distancia de Hamming: 0
--------------------------------------------------
Original     --> [0 1 1 1 0 0 1 1 0 0 0 1 0 0 1 0 1 1 0 0 0 1 1 0 0 1 1 0 1 0 1 1]
Reconstruido --> [0 1 1 1 0 1 0 1 0 0 0 1 0 0 1 0 1 1 0 0 0 1 1 0 0 1 0 0 1 1 1 1] | Precisión: 0.88
Distancia de Hamming: 4
--------------------------------------------------
Original     --> [0 1 1 1 1 0 1 1 0 1 1 1 1 0 1 0 1 0 0 0 0 0 1 0 1 0 0 0 1 1 0 0]
Reconstruido --> [0 1 1 1 1 0 1 1 0 1 1 1 1 0 1 0 1 0 0 0 0 0 1 0 1 0 0 0 1 1 0 0] | Precisión: 1.00
Distancia de Hamming: 0
--------------------------------------------------
Original     --> [1 1 0 1 0 0 0 1 1 0 0 1 0 0 1 1 0 1 0 0 1 0 0 0 1 0 0 0 1 0 1 0]
Reconstruido --> [1 1 0 1 0 0 0 1 1 0 0 1 0 0 1 1 0 1 0 0 1 0 0 0 1 0 0 0 1 0 1 0] | Precisión: 1.00
Distancia de Hamming: 0
--------------------------------------------------
Original     --> [1 0 1 0 0 1 0 1 1 0 0 1 0 0 0 1 1 1 1 0 1 0 1 1 0 1 0 0 0 1 0 1]
Reconstruido --> [1 0 1 0 0 1 0 1 1 0 0 1 0 0 0 1 1 1 0 0 1 0 1 1 0 1 0 0 0 1 0 1] | Precisión: 0.97
Distancia de Hamming: 1
--------------------------------------------------
La media de la precisión del descifrado es 0.9677
Distancia media de Hamming = 1.0346 | Número de bits: 32
Número de reconstrucciones perfectas = 5616



EVALUACIÓN CON 5100:

Original     --> [1 0 0 0 0 1 0 1 0 0 1 0 0 0 1 0 1 0 1 1 1 0 1 0 0 1 1 0 1 0 1 1]
Reconstruido --> [0 0 0 0 0 1 0 1 0 0 1 0 0 0 1 1 1 0 1 1 1 0 1 0 0 1 0 0 1 0 1 1] | Precisión: 0.91
Distancia de Hamming: 3
--------------------------------------------------
Original     --> [1 1 0 0 1 0 0 1 0 0 1 0 0 0 0 1 0 0 1 0 1 0 0 0 1 0 0 0 0 1 0 0]
Reconstruido --> [1 1 0 0 1 0 0 1 1 0 1 0 0 0 0 1 0 0 1 0 1 0 0 0 0 0 0 0 0 1 0 0] | Precisión: 0.94
Distancia de Hamming: 2
--------------------------------------------------
Original     --> [1 0 0 1 1 1 0 0 1 1 0 0 1 0 0 1 1 1 0 1 0 1 0 0 1 0 0 1 0 1 1 0]
Reconstruido --> [1 0 0 1 1 1 0 0 1 1 0 0 1 0 0 1 1 1 0 1 0 1 0 0 1 0 0 1 0 1 1 0] | Precisión: 1.00
Distancia de Hamming: 0
--------------------------------------------------
Original     --> [1 1 0 1 1 1 1 0 0 1 1 1 1 0 0 1 1 1 1 1 1 0 0 1 0 0 0 0 0 0 0 1]
Reconstruido --> [1 1 0 1 1 1 1 0 0 1 1 1 1 0 0 1 1 1 1 1 1 0 0 1 0 0 0 0 0 0 0 1] | Precisión: 1.00
Distancia de Hamming: 0
--------------------------------------------------
Original     --> [0 0 0 1 1 1 0 1 1 1 1 1 1 1 0 0 1 1 1 0 1 1 0 0 0 0 0 1 0 1 1 0]
Reconstruido --> [0 0 0 1 1 1 0 1 1 1 1 1 1 1 0 0 1 1 1 0 1 1 0 0 0 0 0 1 0 1 1 0] | Precisión: 1.00
Distancia de Hamming: 0
--------------------------------------------------
Original     --> [0 0 1 1 0 0 0 0 1 0 0 0 0 0 0 1 1 0 0 1 1 1 1 0 1 0 1 0 0 1 0 1]
Reconstruido --> [0 0 1 1 0 0 0 0 1 0 0 0 0 0 0 1 1 0 0 1 1 1 1 0 1 0 1 0 0 1 0 1] | Precisión: 1.00
Distancia de Hamming: 0
--------------------------------------------------
Original     --> [1 1 1 1 1 1 1 0 0 0 0 0 1 0 1 1 0 1 1 1 1 1 1 0 1 0 1 1 1 0 0 0]
Reconstruido --> [1 1 1 1 1 1 1 0 0 0 0 0 1 0 1 1 0 1 1 1 1 1 1 0 1 0 1 1 1 0 0 0] | Precisión: 1.00
Distancia de Hamming: 0
--------------------------------------------------
Original     --> [1 1 0 0 0 1 1 1 0 0 0 0 1 1 0 0 0 1 1 0 1 0 1 0 0 0 0 0 1 1 0 0]
Reconstruido --> [1 1 0 0 0 1 1 1 0 0 0 0 1 1 0 0 0 1 1 0 1 0 1 0 0 0 0 0 1 1 0 0] | Precisión: 1.00
Distancia de Hamming: 0
--------------------------------------------------
Original     --> [0 0 0 0 1 1 1 0 0 1 1 0 1 0 1 1 0 0 0 1 1 0 1 0 0 0 1 1 1 0 1 1]
Reconstruido --> [0 0 0 0 1 1 1 0 0 1 1 0 1 0 1 1 0 0 0 1 1 0 1 0 0 0 1 1 1 0 1 1] | Precisión: 1.00
Distancia de Hamming: 0
--------------------------------------------------
Original     --> [0 0 0 0 0 1 0 1 1 0 0 0 0 0 0 1 0 1 1 1 0 1 0 0 1 0 1 1 0 0 0 1]
Reconstruido --> [0 0 0 0 0 1 0 1 1 0 0 0 0 0 0 1 0 1 1 1 0 1 0 0 1 0 1 1 0 0 0 1] | Precisión: 1.00
Distancia de Hamming: 0
--------------------------------------------------
La media de la precisión del descifrado es 0.9714
Distancia media de Hamming = 0.9165 | Número de bits: 32
Número de reconstrucciones perfectas = 5792



EVALUACIÓN CON 5400:

Original     --> [1 1 0 1 0 1 0 0 1 0 1 0 0 0 0 1 0 0 0 0 1 0 1 1 1 0 0 1 0 0 1 0]
Reconstruido --> [1 1 0 1 0 1 0 0 1 0 1 0 1 0 0 1 0 0 0 0 1 1 1 1 1 0 0 1 0 0 1 0] | Precisión: 0.94
Distancia de Hamming: 2
--------------------------------------------------
Original     --> [1 1 0 1 1 0 1 0 0 0 0 1 1 0 0 0 1 1 1 1 0 0 1 1 0 0 0 1 0 0 0 0]
Reconstruido --> [1 1 0 1 0 0 1 0 0 0 0 0 1 0 0 0 1 1 1 1 0 0 1 1 0 0 0 1 0 0 0 0] | Precisión: 0.94
Distancia de Hamming: 2
--------------------------------------------------
Original     --> [0 1 0 0 0 0 0 0 0 0 1 1 1 0 1 1 0 0 0 0 1 0 0 0 1 1 1 1 1 0 0 1]
Reconstruido --> [0 1 0 0 0 0 0 0 0 0 1 1 1 0 1 1 0 0 0 0 1 0 0 0 1 1 1 1 1 0 0 1] | Precisión: 1.00
Distancia de Hamming: 0
--------------------------------------------------
Original     --> [1 0 0 0 1 1 1 0 0 1 0 0 0 0 0 1 1 1 0 0 0 0 0 1 0 0 1 1 1 0 0 1]
Reconstruido --> [1 0 0 0 1 1 1 0 0 1 0 0 0 0 0 1 1 1 0 0 0 0 0 1 0 0 1 1 1 0 0 1] | Precisión: 1.00
Distancia de Hamming: 0
--------------------------------------------------
Original     --> [0 0 1 1 1 1 0 1 0 0 1 1 0 0 0 0 1 0 0 1 0 0 1 0 1 1 1 1 0 0 1 0]
Reconstruido --> [0 0 1 1 1 1 0 1 0 0 1 1 0 0 0 0 1 0 0 1 0 0 1 0 1 1 1 1 0 0 1 0] | Precisión: 1.00
Distancia de Hamming: 0
--------------------------------------------------
Original     --> [0 1 1 0 1 0 0 1 1 1 0 0 0 0 1 0 0 0 1 0 0 1 0 0 1 1 0 1 0 0 1 1]
Reconstruido --> [0 1 0 1 1 0 0 1 1 1 0 0 0 0 1 0 0 0 1 0 0 1 0 0 0 1 1 1 0 0 1 1] | Precisión: 0.88
Distancia de Hamming: 4
--------------------------------------------------
Original     --> [1 0 1 0 1 1 1 1 1 0 1 1 1 1 0 0 0 1 1 1 0 0 0 0 1 0 1 0 0 0 1 1]
Reconstruido --> [1 0 1 0 1 1 1 1 1 0 1 1 1 1 0 0 0 1 1 1 0 0 0 0 1 0 1 0 0 0 1 1] | Precisión: 1.00
Distancia de Hamming: 0
--------------------------------------------------
Original     --> [1 0 1 1 0 0 0 0 1 1 1 0 1 0 0 1 0 1 1 1 0 1 1 1 0 1 1 1 0 1 1 1]
Reconstruido --> [1 0 1 1 0 0 0 0 1 1 1 0 1 0 0 1 0 1 1 1 0 1 1 1 0 1 1 1 0 1 1 1] | Precisión: 1.00
Distancia de Hamming: 0
--------------------------------------------------
Original     --> [0 1 1 1 1 1 0 1 0 1 1 0 1 1 0 0 0 1 0 1 0 0 0 0 1 0 0 0 0 0 1 1]
Reconstruido --> [0 1 1 1 1 1 0 1 0 1 1 0 1 1 0 0 0 1 0 1 0 0 0 0 1 0 0 0 0 0 1 1] | Precisión: 1.00
Distancia de Hamming: 0
--------------------------------------------------
Original     --> [1 1 1 0 1 0 0 1 0 0 1 0 0 0 0 1 1 1 0 1 0 1 1 0 1 0 0 0 1 0 1 1]
Reconstruido --> [1 1 1 0 1 0 1 1 0 0 1 1 0 0 0 1 1 1 0 1 0 1 1 0 1 0 0 0 1 0 1 1] | Precisión: 0.94
Distancia de Hamming: 2
--------------------------------------------------
La media de la precisión del descifrado es 0.9662
Distancia media de Hamming = 1.0808 | Número de bits: 32
Número de reconstrucciones perfectas = 5343



EVALUACIÓN CON 5700:

Original     --> [0 0 1 1 0 1 1 0 0 1 1 0 1 0 1 0 0 0 1 1 1 0 1 0 1 0 0 1 1 0 1 0]
Reconstruido --> [0 0 1 1 0 1 1 0 0 1 1 0 1 0 1 0 0 0 1 1 1 0 1 0 1 0 0 1 1 0 1 0] | Precisión: 1.00
Distancia de Hamming: 0
--------------------------------------------------
Original     --> [1 0 0 0 0 1 0 1 1 0 1 0 0 1 1 1 1 0 1 0 0 1 0 0 1 1 1 0 0 0 1 1]
Reconstruido --> [1 0 0 0 0 1 0 1 1 0 1 0 0 1 1 1 1 0 1 0 0 1 0 0 1 1 1 0 0 0 1 1] | Precisión: 1.00
Distancia de Hamming: 0
--------------------------------------------------
Original     --> [0 1 1 1 0 1 1 1 0 1 1 1 0 1 1 1 1 1 0 0 0 0 0 1 1 0 1 0 0 0 0 1]
Reconstruido --> [0 1 1 1 0 1 1 1 0 1 1 1 0 1 1 1 1 1 0 0 0 0 0 1 1 0 1 0 0 0 0 1] | Precisión: 1.00
Distancia de Hamming: 0
--------------------------------------------------
Original     --> [0 0 1 0 0 1 0 1 1 0 0 1 0 0 0 0 1 1 1 0 0 1 0 0 0 0 1 0 0 0 1 1]
Reconstruido --> [0 0 1 0 0 1 0 1 1 0 0 1 0 0 0 0 1 1 1 0 0 1 0 0 0 0 1 0 0 0 1 1] | Precisión: 1.00
Distancia de Hamming: 0
--------------------------------------------------
Original     --> [1 0 1 1 0 1 0 0 1 0 0 1 0 1 0 1 1 1 1 0 0 0 1 1 1 1 0 1 1 1 1 1]
Reconstruido --> [1 0 1 1 0 1 0 0 1 0 0 1 0 1 0 1 1 1 1 0 0 0 1 1 1 1 0 1 1 1 1 1] | Precisión: 1.00
Distancia de Hamming: 0
--------------------------------------------------
Original     --> [1 1 0 0 0 0 0 0 0 0 0 0 0 1 1 0 0 0 0 1 1 0 1 0 1 1 1 1 0 0 1 1]
Reconstruido --> [1 1 0 0 0 0 0 0 0 0 0 0 0 1 1 0 0 0 0 1 1 0 1 0 1 1 1 1 0 0 1 1] | Precisión: 1.00
Distancia de Hamming: 0
--------------------------------------------------
Original     --> [0 1 0 1 1 1 1 1 0 0 1 1 1 0 0 0 0 0 1 0 0 0 0 0 1 1 0 0 1 0 0 1]
Reconstruido --> [0 1 0 1 1 1 1 1 1 0 1 1 1 0 0 0 0 0 1 0 0 0 0 0 1 1 0 0 1 0 0 1] | Precisión: 0.97
Distancia de Hamming: 1
--------------------------------------------------
Original     --> [1 0 1 1 0 0 1 1 1 1 0 0 1 0 0 1 0 0 1 1 0 0 1 1 0 0 0 1 1 0 0 1]
Reconstruido --> [1 0 1 1 0 0 1 1 1 1 0 0 1 0 0 1 0 0 1 1 0 0 1 1 0 0 0 1 1 0 0 1] | Precisión: 1.00
Distancia de Hamming: 0
--------------------------------------------------
Original     --> [0 0 1 1 0 0 0 1 0 0 0 0 1 1 0 0 1 1 1 1 0 0 1 0 0 0 1 0 0 0 0 1]
Reconstruido --> [0 0 1 1 0 0 0 1 0 0 0 0 1 1 0 0 1 1 1 1 0 0 1 0 0 0 1 0 0 0 0 1] | Precisión: 1.00
Distancia de Hamming: 0
--------------------------------------------------
Original     --> [0 0 1 1 1 0 1 1 1 1 1 0 1 0 1 1 1 0 1 0 1 1 1 1 1 1 0 1 0 1 0 0]
Reconstruido --> [1 0 1 1 1 0 1 1 1 0 1 0 1 0 1 1 1 0 0 0 1 1 1 1 1 1 0 1 0 1 0 0] | Precisión: 0.91
Distancia de Hamming: 3
--------------------------------------------------
La media de la precisión del descifrado es 0.9848
Distancia media de Hamming = 0.4857 | Número de bits: 32
Número de reconstrucciones perfectas = 7519



EVALUACIÓN CON 6000:

Original     --> [1 1 0 1 1 0 1 0 0 0 1 1 1 1 1 0 1 1 1 0 1 1 1 1 1 1 1 1 1 0 1 1]
Reconstruido --> [1 1 0 1 1 0 1 0 0 0 1 1 1 1 1 0 1 1 1 0 1 1 1 1 1 1 1 1 1 0 1 1] | Precisión: 1.00
Distancia de Hamming: 0
--------------------------------------------------
Original     --> [0 0 1 0 0 0 1 1 1 0 1 1 0 1 0 0 1 1 0 0 0 1 0 1 0 0 1 0 1 1 1 1]
Reconstruido --> [0 0 1 0 0 0 1 1 1 0 1 1 0 1 0 0 1 1 0 0 0 1 0 1 0 0 1 0 1 1 1 1] | Precisión: 1.00
Distancia de Hamming: 0
--------------------------------------------------
Original     --> [1 0 1 1 1 1 1 0 1 0 1 1 1 1 0 1 1 1 1 0 1 1 1 1 0 1 1 1 0 0 0 0]
Reconstruido --> [1 0 1 1 1 1 1 0 1 0 1 1 1 1 0 1 1 1 1 0 1 1 1 1 0 1 1 1 0 0 0 0] | Precisión: 1.00
Distancia de Hamming: 0
--------------------------------------------------
Original     --> [0 0 0 1 1 0 1 1 0 0 1 1 1 1 0 1 0 1 1 1 0 1 0 0 1 0 0 1 1 1 1 1]
Reconstruido --> [0 0 0 1 1 0 1 1 0 0 1 1 1 1 0 1 0 1 1 1 0 1 0 0 1 0 0 1 1 1 1 1] | Precisión: 1.00
Distancia de Hamming: 0
--------------------------------------------------
Original     --> [0 0 0 1 0 0 0 1 1 1 1 0 1 0 1 0 1 1 1 0 0 1 0 1 1 1 0 1 0 1 0 0]
Reconstruido --> [0 0 0 1 0 0 0 1 1 1 1 0 1 0 1 0 1 1 1 0 0 1 0 1 1 1 0 1 0 1 0 0] | Precisión: 1.00
Distancia de Hamming: 0
--------------------------------------------------
Original     --> [0 0 0 1 1 1 0 1 0 0 0 1 1 1 1 1 1 0 0 0 0 0 1 0 1 0 0 0 0 1 1 1]
Reconstruido --> [0 0 0 1 1 1 0 1 0 0 0 1 1 1 1 1 1 0 0 0 0 0 1 0 1 0 0 0 0 1 1 1] | Precisión: 1.00
Distancia de Hamming: 0
--------------------------------------------------
Original     --> [0 0 0 0 0 1 1 1 0 0 1 0 1 1 1 0 0 0 1 1 0 0 0 1 0 1 1 0 1 0 0 0]
Reconstruido --> [0 0 0 0 0 1 1 1 0 0 1 0 1 1 1 0 0 0 1 1 0 0 0 1 0 1 1 0 1 0 0 0] | Precisión: 1.00
Distancia de Hamming: 0
--------------------------------------------------
Original     --> [1 1 0 0 0 1 1 0 0 0 1 1 0 0 0 1 0 1 0 0 1 1 0 1 1 1 0 1 1 1 0 0]
Reconstruido --> [1 1 0 0 0 1 1 0 0 0 1 1 0 0 0 1 0 1 0 0 1 1 0 1 1 1 0 1 1 1 0 0] | Precisión: 1.00
Distancia de Hamming: 0
--------------------------------------------------
Original     --> [0 0 0 1 0 0 0 0 1 0 0 1 1 1 0 0 0 1 1 1 0 1 1 1 0 1 1 1 0 0 0 1]
Reconstruido --> [0 0 0 1 0 0 0 0 1 0 0 1 1 1 0 0 0 1 1 1 0 1 1 1 0 1 1 1 0 0 0 1] | Precisión: 1.00
Distancia de Hamming: 0
--------------------------------------------------
Original     --> [0 0 0 1 0 1 0 1 1 0 1 1 1 0 1 1 0 0 0 0 0 0 0 0 0 1 1 0 1 0 1 1]
Reconstruido --> [0 0 0 1 0 1 0 1 1 0 1 1 1 0 1 1 0 0 0 0 0 0 0 0 0 1 1 0 1 0 1 1] | Precisión: 1.00
Distancia de Hamming: 0
--------------------------------------------------
La media de la precisión del descifrado es 0.9783
Distancia media de Hamming = 0.6951 | Número de bits: 32
Número de reconstrucciones perfectas = 6779


Tiempo total de ejecución: 3616.3787722587585

