-- RESULTADOS DEL EXPERIMENTO 1.1. --

Número de mensajes = 10000
Número de bits = 32
Tamaño del batch = 512
Epochs totales = 6000
Epochs iniciales = 300


EVALUACIÓN CON 300:

Original     --> [1 0 1 0 1 1 1 1 0 1 1 0 1 1 1 1 1 0 1 0 0 0 1 1 1 1 1 0 0 0 1 1]
Reconstruido --> [1 0 1 0 1 1 1 1 0 1 1 0 1 1 1 1 0 0 0 0 0 0 1 1 1 1 1 0 0 0 1 1] | Precisión: 0.94
Distancia de Hamming: 2
--------------------------------------------------
Original     --> [0 0 1 1 1 1 0 1 0 1 1 0 1 1 0 1 1 1 1 0 1 0 1 0 0 0 0 1 1 0 0 0]
Reconstruido --> [0 0 1 1 1 1 0 1 0 1 0 1 1 1 0 1 0 1 1 0 1 0 1 0 0 0 0 1 1 0 0 0] | Precisión: 0.91
Distancia de Hamming: 3
--------------------------------------------------
Original     --> [0 1 1 1 0 1 1 1 1 0 1 0 1 0 1 1 1 1 1 0 0 1 0 1 0 1 1 0 0 1 0 0]
Reconstruido --> [0 1 1 1 0 1 1 1 1 0 1 0 1 0 1 1 1 1 1 0 0 1 0 1 0 1 1 0 0 1 0 0] | Precisión: 1.00
Distancia de Hamming: 0
--------------------------------------------------
Original     --> [1 0 0 1 1 1 0 0 0 0 0 1 0 1 1 0 0 1 0 0 0 1 1 1 1 0 0 0 1 0 1 0]
Reconstruido --> [1 0 0 1 1 1 0 0 0 0 0 1 0 1 1 0 0 1 1 0 0 0 1 1 1 0 0 0 1 0 1 0] | Precisión: 0.94
Distancia de Hamming: 2
--------------------------------------------------
Original     --> [0 1 1 0 0 0 0 0 1 1 1 1 1 0 0 1 0 1 1 1 0 1 0 1 1 1 1 0 1 1 1 0]
Reconstruido --> [0 1 1 0 0 0 0 0 1 1 1 1 1 0 0 1 0 1 1 1 0 1 0 1 1 1 1 0 1 1 1 0] | Precisión: 1.00
Distancia de Hamming: 0
--------------------------------------------------
Original     --> [0 0 0 0 0 0 1 1 1 1 0 1 1 1 1 0 1 0 1 0 0 1 0 1 0 1 0 1 1 0 1 0]
Reconstruido --> [0 0 0 0 1 0 1 0 1 1 1 1 1 1 0 1 1 0 1 0 1 1 0 1 0 0 0 1 1 0 1 0] | Precisión: 0.78
Distancia de Hamming: 7
--------------------------------------------------
Original     --> [0 0 0 0 1 0 1 1 0 1 0 0 1 1 0 1 1 1 0 1 1 1 0 0 1 1 0 1 1 0 0 1]
Reconstruido --> [0 0 0 0 1 0 1 1 0 0 0 0 1 1 0 1 1 1 0 1 1 0 0 0 1 1 0 1 1 0 0 1] | Precisión: 0.94
Distancia de Hamming: 2
--------------------------------------------------
Original     --> [0 0 0 1 1 0 0 1 1 0 1 1 1 1 1 0 1 0 0 1 0 0 1 1 1 0 1 0 1 0 0 0]
Reconstruido --> [1 1 0 1 1 0 0 1 1 1 0 1 1 1 1 1 1 0 0 1 0 0 1 1 1 0 1 0 1 0 0 1] | Precisión: 0.81
Distancia de Hamming: 6
--------------------------------------------------
Original     --> [1 1 0 0 0 1 1 1 1 1 0 1 0 1 0 0 1 1 1 1 1 0 0 1 0 0 1 1 1 1 0 1]
Reconstruido --> [1 1 0 0 0 0 1 1 1 1 0 0 0 1 0 0 1 1 0 1 1 0 0 0 0 0 1 1 1 1 0 0] | Precisión: 0.84
Distancia de Hamming: 5
--------------------------------------------------
Original     --> [1 1 1 0 0 0 0 1 1 1 0 0 1 0 1 0 0 0 1 0 1 0 1 0 0 1 1 0 0 1 1 1]
Reconstruido --> [1 1 1 0 1 0 0 1 1 1 0 0 1 0 1 0 0 0 1 0 1 1 1 0 1 1 1 0 0 1 1 0] | Precisión: 0.88
Distancia de Hamming: 4
--------------------------------------------------
La media de la precisión del descifrado es 0.9102
Distancia media de Hamming = 2.8723 | Número de bits: 32
Número de reconstrucciones perfectas = 1133



EVALUACIÓN CON 600:

Original     --> [0 0 1 0 1 1 1 0 1 1 1 0 0 0 0 1 0 1 0 1 1 0 1 1 0 0 1 0 1 1 0 0]
Reconstruido --> [0 1 1 0 1 1 1 0 1 0 1 0 0 0 0 1 0 1 0 1 1 1 1 1 0 0 1 0 1 1 0 0] | Precisión: 0.91
Distancia de Hamming: 3
--------------------------------------------------
Original     --> [0 0 1 1 1 1 1 0 0 0 1 0 1 1 1 0 1 0 1 1 0 1 1 0 0 0 0 0 0 1 0 1]
Reconstruido --> [0 0 1 1 1 1 1 0 0 0 1 0 1 1 1 0 0 0 1 1 0 1 1 0 0 0 0 0 0 1 0 1] | Precisión: 0.97
Distancia de Hamming: 1
--------------------------------------------------
Original     --> [0 1 0 1 1 1 0 1 1 0 1 1 1 1 0 1 1 1 1 0 0 1 0 0 1 0 1 0 0 1 0 0]
Reconstruido --> [0 1 0 1 1 1 0 1 1 1 1 0 1 1 0 1 1 1 1 0 0 1 0 0 1 0 1 0 0 1 0 0] | Precisión: 0.94
Distancia de Hamming: 2
--------------------------------------------------
Original     --> [1 0 0 1 1 1 1 1 1 1 0 0 1 1 1 0 1 1 0 0 0 1 0 0 1 1 1 1 0 1 0 0]
Reconstruido --> [1 0 0 1 1 1 1 1 1 1 0 0 1 1 1 1 1 1 0 0 0 1 0 0 1 1 0 1 0 1 0 0] | Precisión: 0.94
Distancia de Hamming: 2
--------------------------------------------------
Original     --> [1 1 1 1 1 0 0 0 0 0 1 1 0 0 0 0 1 0 1 0 0 0 1 0 0 0 0 1 0 0 0 0]
Reconstruido --> [1 1 1 1 1 0 1 0 0 0 1 1 0 0 0 0 1 0 1 0 0 0 1 1 0 0 0 1 0 0 1 0] | Precisión: 0.91
Distancia de Hamming: 3
--------------------------------------------------
Original     --> [0 1 1 0 1 0 1 0 0 1 1 0 0 1 1 1 1 0 0 1 0 0 0 1 0 1 0 1 1 0 0 1]
Reconstruido --> [0 1 1 1 0 0 1 0 0 1 1 1 0 1 1 1 0 0 0 1 1 0 0 1 0 1 1 1 0 0 0 1] | Precisión: 0.78
Distancia de Hamming: 7
--------------------------------------------------
Original     --> [1 1 0 1 1 1 0 1 1 1 1 0 1 0 0 0 0 1 1 0 0 0 0 1 0 1 1 1 0 1 0 0]
Reconstruido --> [1 1 0 1 1 1 0 1 1 1 1 0 1 0 0 1 0 1 1 0 0 0 0 1 0 1 0 1 0 1 1 0] | Precisión: 0.91
Distancia de Hamming: 3
--------------------------------------------------
Original     --> [1 1 1 0 0 1 0 0 1 0 1 0 0 1 0 0 1 0 1 0 0 0 1 1 0 1 0 0 0 0 1 0]
Reconstruido --> [1 1 1 0 0 1 0 0 1 0 1 0 1 1 0 0 1 0 1 0 1 0 1 1 0 1 0 0 0 0 1 0] | Precisión: 0.94
Distancia de Hamming: 2
--------------------------------------------------
Original     --> [1 1 0 0 1 0 1 0 0 0 0 1 0 1 0 0 0 1 0 1 1 1 0 0 1 1 0 0 0 0 0 0]
Reconstruido --> [1 0 0 1 1 0 1 0 0 1 0 1 0 1 0 1 0 0 0 1 1 1 1 0 1 1 0 0 1 0 0 0] | Precisión: 0.78
Distancia de Hamming: 7
--------------------------------------------------
Original     --> [0 0 1 0 1 1 1 0 0 1 0 1 0 0 1 0 0 0 1 0 0 0 0 1 0 1 0 0 0 0 0 0]
Reconstruido --> [0 0 1 0 1 1 1 0 0 1 0 1 0 0 1 0 0 0 1 0 0 0 0 1 0 1 0 0 0 0 0 0] | Precisión: 1.00
Distancia de Hamming: 0
--------------------------------------------------
La media de la precisión del descifrado es 0.9364
Distancia media de Hamming = 2.0337 | Número de bits: 32
Número de reconstrucciones perfectas = 2511



EVALUACIÓN CON 900:

Original     --> [0 0 1 0 1 0 1 1 1 0 1 0 0 0 0 0 1 0 1 1 0 0 1 1 1 0 1 0 0 1 1 0]
Reconstruido --> [0 0 1 0 1 0 1 1 1 0 1 0 0 0 0 0 1 0 1 1 0 0 1 1 1 0 1 0 0 1 1 0] | Precisión: 1.00
Distancia de Hamming: 0
--------------------------------------------------
Original     --> [0 1 0 0 1 0 1 1 1 1 0 0 0 1 0 1 1 0 1 1 0 1 1 1 0 0 0 1 0 1 1 1]
Reconstruido --> [0 0 0 0 1 0 0 1 1 1 0 0 0 1 0 1 0 0 0 1 0 1 1 1 0 0 0 1 0 1 1 1] | Precisión: 0.88
Distancia de Hamming: 4
--------------------------------------------------
Original     --> [0 0 0 0 0 1 0 1 1 1 1 0 0 1 0 1 1 1 0 1 1 0 0 0 1 1 0 1 0 0 1 0]
Reconstruido --> [0 0 0 0 0 1 0 1 1 1 1 0 0 1 0 1 1 1 0 1 1 0 0 0 1 1 0 1 0 0 1 0] | Precisión: 1.00
Distancia de Hamming: 0
--------------------------------------------------
Original     --> [0 0 0 1 1 0 1 0 0 0 0 0 0 1 1 0 1 0 0 0 0 0 0 0 1 0 1 0 0 1 0 1]
Reconstruido --> [0 0 0 1 1 0 1 0 0 1 0 1 0 1 1 0 1 1 0 0 0 0 0 1 1 0 1 0 0 1 0 1] | Precisión: 0.88
Distancia de Hamming: 4
--------------------------------------------------
Original     --> [0 1 1 1 0 0 1 1 0 1 0 0 1 0 1 1 1 1 1 1 0 1 0 0 1 0 0 0 0 0 1 0]
Reconstruido --> [0 0 1 0 0 0 1 0 0 1 0 0 1 0 1 1 1 1 1 1 0 1 0 0 1 1 0 0 0 0 1 0] | Precisión: 0.88
Distancia de Hamming: 4
--------------------------------------------------
Original     --> [1 0 1 0 1 1 0 1 0 0 1 0 1 0 1 1 1 1 1 1 1 0 0 1 0 1 0 0 0 1 0 0]
Reconstruido --> [1 0 1 0 1 1 0 1 0 0 1 0 1 0 1 1 1 1 1 1 1 0 0 1 0 1 0 0 0 1 0 0] | Precisión: 1.00
Distancia de Hamming: 0
--------------------------------------------------
Original     --> [0 0 0 1 1 1 1 0 1 0 0 1 1 1 1 0 1 0 0 1 0 0 1 1 1 0 0 0 1 0 1 0]
Reconstruido --> [0 0 0 1 1 1 1 1 1 1 0 1 1 1 0 0 1 1 0 1 0 0 1 1 1 0 0 0 1 0 1 0] | Precisión: 0.88
Distancia de Hamming: 4
--------------------------------------------------
Original     --> [0 0 1 1 0 1 1 1 1 0 0 1 0 1 1 0 1 0 1 1 0 1 1 0 0 0 0 1 1 0 1 1]
Reconstruido --> [0 0 1 1 0 1 1 1 1 0 0 1 0 1 1 0 1 0 1 1 0 1 1 0 0 0 0 1 1 0 1 1] | Precisión: 1.00
Distancia de Hamming: 0
--------------------------------------------------
Original     --> [1 1 0 0 0 0 0 1 1 0 0 0 0 1 1 0 1 0 0 0 1 0 1 1 1 0 0 1 0 1 1 0]
Reconstruido --> [1 1 0 0 0 0 0 1 1 0 0 0 1 1 1 0 1 0 0 0 1 0 1 1 1 0 0 1 0 1 1 0] | Precisión: 0.97
Distancia de Hamming: 1
--------------------------------------------------
Original     --> [1 0 1 0 0 0 1 1 1 0 0 1 1 1 0 0 1 0 0 1 1 0 1 0 1 0 1 1 0 0 1 0]
Reconstruido --> [1 0 1 0 0 0 1 1 1 0 0 1 1 1 0 0 1 0 0 1 1 0 1 0 1 0 1 1 0 0 1 0] | Precisión: 1.00
Distancia de Hamming: 0
--------------------------------------------------
La media de la precisión del descifrado es 0.9469
Distancia media de Hamming = 1.6995 | Número de bits: 32
Número de reconstrucciones perfectas = 3395



EVALUACIÓN CON 1200:

Original     --> [0 1 1 0 1 0 1 1 0 0 0 0 1 1 0 0 0 1 1 1 0 1 1 1 0 1 1 0 1 0 1 1]
Reconstruido --> [0 1 0 0 1 0 1 1 0 0 0 0 1 1 0 0 0 1 1 1 0 1 1 1 0 1 1 0 1 0 1 1] | Precisión: 0.97
Distancia de Hamming: 1
--------------------------------------------------
Original     --> [0 0 1 0 0 1 1 1 0 0 1 0 0 1 0 0 1 0 0 1 0 0 1 0 1 0 0 1 0 1 0 0]
Reconstruido --> [0 0 1 0 0 1 1 1 0 0 1 0 0 1 0 0 1 0 0 1 0 0 1 0 1 0 0 1 0 1 0 0] | Precisión: 1.00
Distancia de Hamming: 0
--------------------------------------------------
Original     --> [1 1 1 1 0 1 0 0 0 1 0 1 1 1 1 1 1 1 0 0 1 1 0 1 1 0 1 1 0 1 0 0]
Reconstruido --> [1 1 1 1 0 1 0 0 0 1 0 1 1 1 1 1 1 1 0 0 1 1 0 1 1 0 1 1 0 1 0 0] | Precisión: 1.00
Distancia de Hamming: 0
--------------------------------------------------
Original     --> [0 0 0 1 0 1 1 0 0 1 1 1 0 1 1 1 0 1 1 1 1 1 0 1 0 1 1 1 0 1 1 0]
Reconstruido --> [0 0 0 1 0 1 1 0 0 1 1 1 0 1 1 1 0 1 1 1 1 1 0 1 0 1 1 0 0 1 1 0] | Precisión: 0.97
Distancia de Hamming: 1
--------------------------------------------------
Original     --> [1 1 0 0 1 1 1 0 1 1 1 0 1 0 1 0 0 0 0 1 1 1 0 0 1 1 0 0 1 1 1 1]
Reconstruido --> [1 1 0 0 0 1 1 0 1 1 1 0 1 0 1 0 0 0 0 1 1 1 0 0 1 1 0 0 1 1 1 0] | Precisión: 0.94
Distancia de Hamming: 2
--------------------------------------------------
Original     --> [0 1 1 0 1 1 0 1 0 0 1 0 0 1 1 1 0 0 1 0 0 0 1 1 1 1 1 0 1 1 0 0]
Reconstruido --> [1 1 1 0 1 1 0 1 0 0 1 0 0 1 1 1 0 0 1 0 0 0 1 1 1 1 1 0 1 1 0 0] | Precisión: 0.97
Distancia de Hamming: 1
--------------------------------------------------
Original     --> [1 0 0 0 0 0 1 1 1 1 0 0 0 1 1 1 1 0 0 0 0 1 1 1 1 1 1 1 0 0 1 0]
Reconstruido --> [1 0 0 0 0 0 1 1 1 1 0 0 0 1 1 1 1 0 0 0 0 1 1 1 1 1 1 1 0 0 1 0] | Precisión: 1.00
Distancia de Hamming: 0
--------------------------------------------------
Original     --> [1 0 1 0 0 0 1 0 1 1 0 1 1 0 0 0 0 0 0 0 0 1 0 1 0 1 1 0 0 1 1 0]
Reconstruido --> [1 0 1 0 0 0 1 0 1 1 1 1 1 0 0 0 0 0 0 0 0 1 0 1 0 1 1 0 0 1 1 0] | Precisión: 0.97
Distancia de Hamming: 1
--------------------------------------------------
Original     --> [1 0 0 0 1 0 0 1 0 1 1 1 0 0 0 1 1 1 0 0 0 1 1 1 0 1 1 1 0 1 1 0]
Reconstruido --> [1 0 0 0 1 0 0 1 0 1 1 1 0 0 0 1 1 1 0 0 0 1 1 1 0 1 1 1 0 1 1 0] | Precisión: 1.00
Distancia de Hamming: 0
--------------------------------------------------
Original     --> [1 0 1 0 0 0 0 1 1 0 0 1 0 0 0 0 1 1 1 0 0 1 1 0 0 0 1 0 0 1 0 1]
Reconstruido --> [1 0 1 0 0 0 0 1 1 0 1 1 0 0 0 0 1 1 1 0 0 1 1 0 0 0 1 0 0 1 0 1] | Precisión: 0.97
Distancia de Hamming: 1
--------------------------------------------------
La media de la precisión del descifrado es 0.9769
Distancia media de Hamming = 0.7384 | Número de bits: 32
Número de reconstrucciones perfectas = 6564



EVALUACIÓN CON 1500:

Original     --> [0 0 1 0 1 1 0 0 0 1 0 0 1 0 1 1 1 0 0 1 1 0 1 0 0 1 0 1 1 0 0 0]
Reconstruido --> [0 0 1 0 1 1 0 0 0 1 0 0 1 0 1 1 1 0 0 1 1 0 1 0 0 1 0 1 1 0 0 0] | Precisión: 1.00
Distancia de Hamming: 0
--------------------------------------------------
Original     --> [0 1 1 1 0 0 0 1 0 0 0 0 0 1 1 0 0 1 1 0 0 1 0 0 1 0 1 1 1 1 0 1]
Reconstruido --> [0 1 1 1 0 1 0 1 0 0 0 0 0 1 1 0 0 1 1 0 0 1 0 0 0 0 0 1 1 1 0 1] | Precisión: 0.91
Distancia de Hamming: 3
--------------------------------------------------
Original     --> [0 1 0 0 1 1 1 1 0 0 1 0 0 1 1 0 0 1 0 1 0 0 0 1 0 0 0 0 1 0 0 0]
Reconstruido --> [0 1 0 0 1 1 1 1 0 0 1 0 0 1 1 0 0 1 0 1 0 0 0 1 0 0 0 0 1 0 0 0] | Precisión: 1.00
Distancia de Hamming: 0
--------------------------------------------------
Original     --> [1 1 0 0 0 1 0 0 1 1 1 0 1 0 1 0 1 1 0 1 1 1 0 0 1 0 0 1 0 0 0 1]
Reconstruido --> [1 1 0 0 0 1 0 0 1 1 1 0 1 0 1 0 1 1 0 1 1 1 0 0 1 0 0 1 0 0 0 1] | Precisión: 1.00
Distancia de Hamming: 0
--------------------------------------------------
Original     --> [1 0 0 1 1 1 1 0 0 0 1 1 1 0 1 1 0 1 1 0 1 1 1 1 1 0 0 0 1 0 0 1]
Reconstruido --> [1 0 0 1 1 1 1 0 0 0 1 1 1 0 1 1 0 1 1 0 1 1 1 1 1 0 0 0 1 0 0 1] | Precisión: 1.00
Distancia de Hamming: 0
--------------------------------------------------
Original     --> [0 1 1 0 1 1 1 1 1 1 1 1 1 0 0 1 1 1 1 1 1 1 1 1 1 0 0 1 0 0 0 1]
Reconstruido --> [0 1 1 0 1 1 1 1 1 1 1 1 1 0 0 1 1 1 1 1 1 1 1 1 1 0 0 1 0 0 0 1] | Precisión: 1.00
Distancia de Hamming: 0
--------------------------------------------------
Original     --> [0 0 1 0 1 1 0 1 1 0 0 1 0 0 0 1 1 1 1 0 0 0 0 1 1 0 0 0 1 1 0 1]
Reconstruido --> [0 0 1 0 1 1 0 1 0 0 0 1 0 0 0 1 1 1 1 0 0 0 0 1 1 0 0 0 1 1 0 1] | Precisión: 0.97
Distancia de Hamming: 1
--------------------------------------------------
Original     --> [0 1 0 0 0 0 1 0 0 0 1 0 1 1 1 0 1 1 1 0 0 0 0 0 1 1 0 0 1 1 0 1]
Reconstruido --> [0 1 0 0 0 0 1 0 0 0 1 0 1 1 1 0 1 1 1 0 0 0 0 0 1 1 0 0 1 1 0 1] | Precisión: 1.00
Distancia de Hamming: 0
--------------------------------------------------
Original     --> [0 0 0 1 0 1 1 0 0 0 1 0 1 1 0 0 1 1 0 0 1 0 1 0 0 1 1 1 1 0 1 0]
Reconstruido --> [0 0 0 1 0 1 1 0 0 0 1 0 1 1 0 0 1 1 0 0 1 0 1 0 0 1 1 1 0 1 1 0] | Precisión: 0.94
Distancia de Hamming: 2
--------------------------------------------------
Original     --> [0 1 1 0 0 1 1 0 0 1 0 1 0 0 0 1 1 1 1 1 1 1 0 0 0 1 0 1 1 1 1 1]
Reconstruido --> [0 1 1 0 0 1 1 0 0 1 0 1 0 1 0 1 1 1 1 1 1 1 0 0 0 1 0 1 1 1 1 1] | Precisión: 0.97
Distancia de Hamming: 1
--------------------------------------------------
La media de la precisión del descifrado es 0.9679
Distancia media de Hamming = 1.0285 | Número de bits: 32
Número de reconstrucciones perfectas = 5514



EVALUACIÓN CON 1800:

Original     --> [1 0 0 0 1 0 1 0 1 1 0 0 1 1 0 0 1 1 0 1 0 0 1 1 0 1 1 1 0 1 1 1]
Reconstruido --> [0 0 0 0 1 0 1 0 1 1 0 0 1 0 0 0 1 1 0 1 0 0 1 1 0 1 1 1 0 1 1 1] | Precisión: 0.94
Distancia de Hamming: 2
--------------------------------------------------
Original     --> [0 1 1 0 0 0 1 0 1 1 1 0 1 1 0 1 1 1 0 1 0 0 1 1 0 0 1 1 1 1 1 1]
Reconstruido --> [0 1 1 0 0 0 1 0 1 1 1 0 1 1 0 1 1 1 0 1 0 0 1 1 0 0 1 1 1 1 1 1] | Precisión: 1.00
Distancia de Hamming: 0
--------------------------------------------------
Original     --> [1 0 0 0 1 1 1 0 0 1 1 0 1 0 0 0 1 0 1 0 0 1 1 0 0 1 1 1 0 1 0 0]
Reconstruido --> [1 0 0 0 1 1 1 0 0 1 1 0 1 0 0 0 1 0 1 0 0 0 1 0 0 1 1 1 0 1 0 0] | Precisión: 0.97
Distancia de Hamming: 1
--------------------------------------------------
Original     --> [0 0 0 1 0 0 1 0 1 0 0 0 1 0 1 0 1 1 0 0 1 0 1 1 1 1 1 0 0 0 1 1]
Reconstruido --> [0 1 0 1 0 0 1 0 1 0 0 0 1 0 1 1 1 1 0 0 1 0 1 1 1 1 1 0 0 0 1 1] | Precisión: 0.94
Distancia de Hamming: 2
--------------------------------------------------
Original     --> [0 1 1 0 0 1 1 1 0 0 1 1 0 1 0 0 1 1 1 1 1 1 0 0 1 1 0 0 0 1 1 0]
Reconstruido --> [0 1 1 0 0 1 1 1 0 0 1 1 0 1 0 0 1 1 1 1 1 1 0 0 1 1 0 0 0 1 1 0] | Precisión: 1.00
Distancia de Hamming: 0
--------------------------------------------------
Original     --> [1 0 1 1 0 1 0 0 1 1 1 1 1 1 1 0 1 0 0 1 0 1 1 1 1 1 1 1 0 1 1 0]
Reconstruido --> [1 0 1 1 0 1 0 0 1 1 1 1 0 1 1 1 1 0 0 1 0 1 1 1 1 1 1 1 0 1 1 0] | Precisión: 0.94
Distancia de Hamming: 2
--------------------------------------------------
Original     --> [0 0 1 1 1 1 0 0 1 0 1 1 1 0 0 0 0 1 1 1 0 0 0 1 0 1 1 1 1 1 1 1]
Reconstruido --> [0 0 1 0 1 1 1 0 1 0 1 0 1 0 0 0 0 1 1 1 0 0 0 0 0 1 1 1 1 1 1 0] | Precisión: 0.84
Distancia de Hamming: 5
--------------------------------------------------
Original     --> [0 0 0 1 1 1 0 0 1 1 0 0 0 0 1 1 0 1 1 1 0 1 0 0 0 1 0 1 1 0 1 1]
Reconstruido --> [0 0 0 1 1 1 0 0 1 1 0 0 0 0 1 1 0 1 1 1 0 1 0 0 0 1 0 1 1 0 1 1] | Precisión: 1.00
Distancia de Hamming: 0
--------------------------------------------------
Original     --> [0 1 1 1 1 0 1 1 1 1 0 1 0 0 1 0 0 1 1 0 0 1 0 1 0 0 1 1 1 0 1 1]
Reconstruido --> [0 1 1 1 1 0 1 1 1 1 0 1 0 0 1 0 0 1 1 0 0 1 0 1 0 0 1 1 1 0 1 1] | Precisión: 1.00
Distancia de Hamming: 0
--------------------------------------------------
Original     --> [0 0 0 1 1 0 1 0 0 1 1 1 1 1 0 1 0 1 0 0 0 0 1 1 0 0 1 1 0 0 0 0]
Reconstruido --> [0 0 0 1 1 0 1 0 0 1 1 1 1 1 0 1 0 1 0 0 0 0 1 1 0 0 1 1 0 0 0 0] | Precisión: 1.00
Distancia de Hamming: 0
--------------------------------------------------
La media de la precisión del descifrado es 0.9708
Distancia media de Hamming = 0.9344 | Número de bits: 32
Número de reconstrucciones perfectas = 5928



EVALUACIÓN CON 2100:

Original     --> [1 0 0 1 0 0 0 1 1 1 1 0 1 1 0 0 0 0 1 0 0 1 0 1 1 1 0 1 1 1 1 0]
Reconstruido --> [1 0 0 1 0 0 0 1 1 1 1 0 1 1 0 0 0 0 1 0 0 1 0 1 1 1 0 1 1 1 1 0] | Precisión: 1.00
Distancia de Hamming: 0
--------------------------------------------------
Original     --> [1 0 1 0 0 1 0 0 0 1 0 1 0 1 1 0 1 0 0 1 1 1 1 0 1 0 1 1 1 0 1 0]
Reconstruido --> [1 0 1 0 0 1 0 0 0 1 0 1 0 1 1 0 1 0 0 1 1 1 1 0 1 0 1 1 1 0 1 0] | Precisión: 1.00
Distancia de Hamming: 0
--------------------------------------------------
Original     --> [0 0 1 1 0 0 0 0 1 0 0 1 1 1 1 0 1 0 1 1 1 1 1 0 0 0 1 0 1 0 1 1]
Reconstruido --> [0 0 1 1 0 0 0 0 1 0 0 1 1 1 1 0 1 1 1 1 1 1 1 0 0 0 1 0 1 0 1 1] | Precisión: 0.97
Distancia de Hamming: 1
--------------------------------------------------
Original     --> [1 0 1 1 0 1 0 0 0 1 0 1 0 1 1 0 0 1 1 1 1 1 0 0 1 0 0 1 0 0 1 1]
Reconstruido --> [1 0 1 1 0 1 0 0 0 1 0 1 0 1 1 0 0 1 1 1 1 1 0 0 1 0 0 1 0 0 1 1] | Precisión: 1.00
Distancia de Hamming: 0
--------------------------------------------------
Original     --> [1 1 0 0 0 0 0 1 1 0 0 1 1 1 0 1 0 0 0 0 0 0 1 1 0 1 0 0 1 0 0 1]
Reconstruido --> [1 1 0 0 0 0 0 1 1 0 0 1 1 1 0 1 0 0 0 0 0 0 1 1 0 1 0 0 1 0 0 1] | Precisión: 1.00
Distancia de Hamming: 0
--------------------------------------------------
Original     --> [0 1 1 0 0 1 1 1 1 1 0 1 1 1 1 0 1 0 0 0 1 1 0 0 0 0 0 1 0 1 0 0]
Reconstruido --> [0 1 1 0 0 1 1 1 1 1 0 1 1 1 1 0 1 0 0 0 1 1 0 0 0 0 0 1 0 1 0 0] | Precisión: 1.00
Distancia de Hamming: 0
--------------------------------------------------
Original     --> [1 0 0 1 0 1 0 1 0 0 0 0 0 1 1 0 1 1 0 1 1 1 0 1 0 0 0 0 1 1 1 0]
Reconstruido --> [1 0 0 1 0 1 0 1 0 0 0 0 0 1 1 0 1 1 0 1 1 1 0 1 0 0 0 0 1 1 1 0] | Precisión: 1.00
Distancia de Hamming: 0
--------------------------------------------------
Original     --> [1 0 1 1 0 0 0 0 0 1 1 1 1 1 1 0 1 1 0 0 0 1 0 0 1 1 0 0 0 1 0 0]
Reconstruido --> [1 0 1 1 0 0 0 0 0 1 1 1 1 1 1 0 1 1 0 0 0 1 0 0 1 1 0 0 0 1 0 0] | Precisión: 1.00
Distancia de Hamming: 0
--------------------------------------------------
Original     --> [1 0 0 0 1 0 0 0 1 0 1 0 0 1 0 1 0 0 0 1 1 1 1 0 0 1 1 1 0 1 0 1]
Reconstruido --> [1 0 0 0 1 0 0 0 1 0 1 0 0 1 0 1 0 0 0 1 1 1 1 0 0 1 1 1 0 1 0 1] | Precisión: 1.00
Distancia de Hamming: 0
--------------------------------------------------
Original     --> [0 1 0 0 0 1 1 0 0 0 0 0 1 1 1 0 1 1 0 1 0 1 0 1 1 0 0 1 1 0 1 0]
Reconstruido --> [0 1 0 0 0 1 1 0 0 0 0 0 1 1 1 0 1 1 0 1 0 1 0 1 1 0 0 1 1 0 1 0] | Precisión: 1.00
Distancia de Hamming: 0
--------------------------------------------------
La media de la precisión del descifrado es 0.9805
Distancia media de Hamming = 0.6253 | Número de bits: 32
Número de reconstrucciones perfectas = 7196



EVALUACIÓN CON 2400:

Original     --> [0 0 1 0 1 0 1 0 1 0 0 0 0 0 1 1 1 0 0 0 0 0 0 0 0 1 1 0 0 0 1 0]
Reconstruido --> [0 0 1 0 1 0 1 0 1 0 0 0 0 0 1 1 1 0 0 0 0 0 0 0 0 1 1 0 0 1 1 0] | Precisión: 0.97
Distancia de Hamming: 1
--------------------------------------------------
Original     --> [0 1 1 0 1 1 1 1 0 1 0 1 1 1 1 0 1 0 0 0 0 0 0 0 0 1 1 0 1 0 1 1]
Reconstruido --> [0 1 1 0 1 1 1 1 0 1 0 1 1 1 1 0 1 0 0 0 0 0 0 0 0 1 1 0 1 0 1 1] | Precisión: 1.00
Distancia de Hamming: 0
--------------------------------------------------
Original     --> [0 1 1 0 1 0 1 0 1 1 1 0 1 0 1 0 0 0 1 0 1 0 1 1 1 0 1 1 0 0 1 0]
Reconstruido --> [0 1 0 0 0 0 1 0 1 1 1 0 1 0 1 0 0 0 1 0 1 0 1 1 1 1 1 1 1 0 1 1] | Precisión: 0.84
Distancia de Hamming: 5
--------------------------------------------------
Original     --> [0 0 0 1 0 0 0 0 1 0 1 1 0 0 1 0 1 1 0 0 0 1 1 0 0 0 0 0 1 0 0 0]
Reconstruido --> [0 0 0 1 0 0 0 0 1 0 1 1 0 0 1 0 1 1 0 0 0 1 1 0 0 0 0 0 1 0 0 0] | Precisión: 1.00
Distancia de Hamming: 0
--------------------------------------------------
Original     --> [0 1 1 1 0 0 1 0 0 0 0 0 0 1 0 0 1 0 0 0 0 1 0 0 1 0 0 0 1 1 0 1]
Reconstruido --> [0 1 1 1 0 0 1 0 0 0 0 0 0 1 0 0 1 0 0 0 0 1 0 0 1 0 0 0 1 1 0 1] | Precisión: 1.00
Distancia de Hamming: 0
--------------------------------------------------
Original     --> [0 1 0 0 1 0 1 1 0 1 0 1 1 0 1 0 1 0 0 1 0 0 1 1 1 0 0 1 1 1 1 0]
Reconstruido --> [0 1 0 0 1 0 1 1 0 1 0 1 1 0 1 1 1 0 0 1 0 0 1 1 1 0 0 1 1 1 1 0] | Precisión: 0.97
Distancia de Hamming: 1
--------------------------------------------------
Original     --> [0 0 0 0 0 0 1 0 0 0 0 1 0 0 1 0 0 0 0 0 1 0 0 1 0 0 0 1 1 1 1 1]
Reconstruido --> [1 0 0 0 0 0 1 0 0 0 0 1 0 0 1 0 0 0 0 0 1 0 0 1 0 0 0 1 1 1 1 1] | Precisión: 0.97
Distancia de Hamming: 1
--------------------------------------------------
Original     --> [1 1 1 1 1 1 0 1 1 0 0 0 0 0 0 1 0 1 0 1 0 0 0 1 1 1 1 0 1 1 0 0]
Reconstruido --> [1 1 1 1 1 1 0 1 1 0 0 0 0 0 0 1 0 1 0 1 0 0 0 1 1 1 1 0 1 1 0 0] | Precisión: 1.00
Distancia de Hamming: 0
--------------------------------------------------
Original     --> [0 1 1 1 1 1 1 0 0 1 0 1 1 0 0 0 0 1 0 1 0 1 0 1 1 0 1 0 0 0 0 1]
Reconstruido --> [0 1 1 1 1 1 1 0 0 1 0 1 1 0 0 0 0 1 0 1 0 1 0 1 1 0 1 0 0 0 0 1] | Precisión: 1.00
Distancia de Hamming: 0
--------------------------------------------------
Original     --> [0 1 1 1 0 1 0 0 0 1 1 0 1 1 1 1 0 0 1 0 1 0 0 1 1 0 1 0 0 0 1 0]
Reconstruido --> [0 1 1 1 0 1 0 0 0 1 1 0 1 1 1 1 0 0 1 0 1 0 0 1 1 0 1 0 0 0 1 0] | Precisión: 1.00
Distancia de Hamming: 0
--------------------------------------------------
La media de la precisión del descifrado es 0.9811
Distancia media de Hamming = 0.6055 | Número de bits: 32
Número de reconstrucciones perfectas = 7133



EVALUACIÓN CON 2700:

Original     --> [0 0 1 0 1 1 1 1 0 0 1 1 1 1 0 1 1 1 0 0 1 0 1 0 0 1 0 1 0 0 0 0]
Reconstruido --> [0 0 1 0 1 1 1 1 0 0 1 1 1 1 0 1 1 1 0 0 1 0 1 0 0 1 0 1 0 0 0 0] | Precisión: 1.00
Distancia de Hamming: 0
--------------------------------------------------
Original     --> [0 0 1 1 1 0 1 0 1 1 1 1 0 0 1 1 0 1 0 0 1 1 0 0 1 0 0 0 0 0 0 1]
Reconstruido --> [0 0 1 1 1 0 1 0 1 1 1 1 0 0 1 1 0 1 0 0 1 1 0 0 1 0 0 0 0 0 0 1] | Precisión: 1.00
Distancia de Hamming: 0
--------------------------------------------------
Original     --> [0 0 1 1 1 1 0 1 0 0 0 1 0 1 1 1 1 0 1 0 0 1 0 0 1 1 1 1 0 0 0 0]
Reconstruido --> [0 0 1 1 1 1 0 1 0 0 0 1 0 1 1 1 1 0 1 0 0 1 0 0 1 1 1 1 0 0 0 0] | Precisión: 1.00
Distancia de Hamming: 0
--------------------------------------------------
Original     --> [0 1 1 0 0 0 0 1 0 1 1 0 0 1 1 1 1 1 1 0 0 1 0 1 0 1 1 1 1 0 1 1]
Reconstruido --> [0 1 1 0 0 0 0 1 0 1 1 0 0 1 1 1 1 1 1 0 0 1 0 1 0 1 1 1 1 0 1 1] | Precisión: 1.00
Distancia de Hamming: 0
--------------------------------------------------
Original     --> [1 0 1 0 0 0 1 1 0 0 0 1 1 0 0 1 1 1 0 0 1 0 0 0 0 0 1 1 0 1 1 0]
Reconstruido --> [1 0 1 0 0 0 1 1 0 0 1 1 1 0 0 1 1 1 0 0 1 0 0 0 0 0 1 1 0 1 1 0] | Precisión: 0.97
Distancia de Hamming: 1
--------------------------------------------------
Original     --> [0 1 1 0 1 0 1 0 1 1 1 0 0 1 0 0 0 0 0 1 0 0 1 0 0 1 0 0 1 1 1 1]
Reconstruido --> [0 1 1 0 1 0 1 0 1 1 1 0 0 1 0 0 0 0 0 1 0 0 1 0 0 1 0 0 1 1 1 1] | Precisión: 1.00
Distancia de Hamming: 0
--------------------------------------------------
Original     --> [0 1 1 1 1 0 1 0 1 1 0 0 0 1 0 1 1 0 1 0 1 1 1 1 1 1 0 0 0 1 0 1]
Reconstruido --> [0 1 1 1 1 0 1 0 1 1 0 0 0 1 0 1 1 0 1 0 1 1 1 1 1 1 0 0 0 1 0 1] | Precisión: 1.00
Distancia de Hamming: 0
--------------------------------------------------
Original     --> [1 0 1 0 1 1 1 1 1 1 0 0 1 0 1 1 1 0 1 0 1 1 0 0 1 0 1 1 0 0 1 1]
Reconstruido --> [1 0 1 1 0 1 0 1 1 0 0 0 1 1 1 1 1 0 1 1 1 1 0 0 1 1 1 1 0 0 1 1] | Precisión: 0.78
Distancia de Hamming: 7
--------------------------------------------------
Original     --> [0 0 0 1 0 0 1 1 1 0 0 1 0 1 1 1 0 0 0 0 1 1 0 0 0 1 0 1 1 1 1 0]
Reconstruido --> [0 0 0 1 0 0 1 1 1 0 0 0 0 1 1 1 0 0 0 0 1 1 0 0 0 1 0 1 1 1 1 0] | Precisión: 0.97
Distancia de Hamming: 1
--------------------------------------------------
Original     --> [1 1 1 1 1 1 0 1 1 0 1 0 1 0 1 0 0 0 0 0 1 1 1 1 1 1 1 0 0 0 1 0]
Reconstruido --> [1 1 1 1 1 1 0 1 1 0 1 0 1 0 1 0 0 0 0 0 1 1 1 1 1 1 1 0 0 0 1 0] | Precisión: 1.00
Distancia de Hamming: 0
--------------------------------------------------
La media de la precisión del descifrado es 0.9804
Distancia media de Hamming = 0.6262 | Número de bits: 32
Número de reconstrucciones perfectas = 7054



EVALUACIÓN CON 3000:

Original     --> [0 0 1 0 1 1 1 1 0 0 1 0 0 1 0 0 0 1 0 0 0 0 1 0 1 0 0 0 1 1 1 0]
Reconstruido --> [0 0 1 0 1 1 1 1 0 0 1 0 0 1 0 0 0 1 0 0 0 0 1 0 1 0 0 0 1 1 1 0] | Precisión: 1.00
Distancia de Hamming: 0
--------------------------------------------------
Original     --> [0 1 0 0 1 0 0 1 0 0 1 0 0 0 0 1 1 1 0 1 1 1 1 0 0 1 0 0 1 0 1 1]
Reconstruido --> [0 1 1 0 1 0 0 1 0 0 1 0 0 0 0 1 1 1 0 1 1 1 1 0 0 1 0 0 1 0 1 1] | Precisión: 0.97
Distancia de Hamming: 1
--------------------------------------------------
Original     --> [1 0 0 0 1 1 0 0 1 1 1 1 1 0 1 1 1 1 0 1 1 1 1 1 1 0 0 1 0 1 1 0]
Reconstruido --> [1 0 0 0 1 1 0 0 1 1 1 1 1 0 1 1 1 1 0 1 1 1 1 1 1 0 0 1 0 1 1 0] | Precisión: 1.00
Distancia de Hamming: 0
--------------------------------------------------
Original     --> [1 0 1 0 1 1 1 0 0 1 0 1 0 1 1 0 1 1 0 1 1 1 1 0 0 0 0 0 0 1 1 0]
Reconstruido --> [1 0 1 0 1 1 1 0 0 1 0 1 0 1 1 0 1 1 0 1 1 1 1 0 0 0 0 0 0 1 1 0] | Precisión: 1.00
Distancia de Hamming: 0
--------------------------------------------------
Original     --> [0 1 1 1 1 0 1 1 0 0 0 0 1 1 0 1 1 1 1 1 0 1 0 0 1 0 0 0 1 1 0 0]
Reconstruido --> [0 1 1 1 1 0 1 1 0 0 0 0 1 1 0 1 1 1 1 1 0 1 0 0 1 0 0 0 1 1 0 0] | Precisión: 1.00
Distancia de Hamming: 0
--------------------------------------------------
Original     --> [1 0 0 1 0 0 0 1 1 1 0 1 1 0 0 0 0 1 1 1 0 0 1 0 1 0 0 1 0 0 1 1]
Reconstruido --> [1 0 0 1 0 0 0 1 1 1 0 1 1 0 0 0 0 1 1 1 0 0 1 0 1 0 0 1 0 0 1 1] | Precisión: 1.00
Distancia de Hamming: 0
--------------------------------------------------
Original     --> [1 1 0 0 0 0 1 1 1 1 1 1 1 1 0 0 0 0 1 0 1 1 1 1 0 0 0 1 0 0 0 1]
Reconstruido --> [1 1 0 0 0 0 1 1 1 1 1 1 1 1 0 0 0 0 1 0 1 1 1 1 0 0 0 1 0 0 0 1] | Precisión: 1.00
Distancia de Hamming: 0
--------------------------------------------------
Original     --> [0 1 0 1 1 1 0 1 0 0 1 1 1 1 0 1 1 0 0 1 1 0 1 1 1 1 0 1 0 1 1 0]
Reconstruido --> [0 1 0 1 1 1 0 1 0 0 1 1 1 1 0 1 1 0 0 1 1 0 1 1 1 1 0 1 0 1 1 0] | Precisión: 1.00
Distancia de Hamming: 0
--------------------------------------------------
Original     --> [1 0 1 1 0 1 0 1 1 0 1 1 0 1 0 1 1 0 0 1 1 0 0 0 1 1 0 0 1 0 1 0]
Reconstruido --> [1 0 1 1 0 1 0 1 1 0 1 1 0 1 0 1 0 0 1 1 1 0 0 0 1 1 0 0 1 0 1 0] | Precisión: 0.94
Distancia de Hamming: 2
--------------------------------------------------
Original     --> [0 1 1 0 0 1 1 1 1 1 1 0 0 0 0 1 1 1 1 1 0 1 0 1 0 0 1 0 1 1 0 1]
Reconstruido --> [0 1 1 0 0 1 1 1 1 1 1 0 0 0 0 1 1 1 1 1 0 1 0 1 0 0 1 0 1 1 0 1] | Precisión: 1.00
Distancia de Hamming: 0
--------------------------------------------------
La media de la precisión del descifrado es 0.9805
Distancia media de Hamming = 0.6234 | Número de bits: 32
Número de reconstrucciones perfectas = 7131



EVALUACIÓN CON 3300:

Original     --> [0 0 1 1 1 0 1 0 0 1 0 0 1 1 1 0 0 1 1 0 0 0 1 1 0 1 0 0 0 1 1 1]
Reconstruido --> [0 0 1 1 1 0 1 0 0 1 0 0 1 1 1 0 0 1 1 0 0 0 1 1 0 1 0 0 0 1 1 1] | Precisión: 1.00
Distancia de Hamming: 0
--------------------------------------------------
Original     --> [0 0 0 1 1 1 1 0 1 1 0 0 0 0 1 0 1 0 0 1 1 1 0 0 1 1 0 1 0 1 0 0]
Reconstruido --> [0 0 0 1 1 1 1 0 1 1 0 0 0 0 1 0 1 0 0 1 1 1 0 0 1 1 0 1 0 1 0 0] | Precisión: 1.00
Distancia de Hamming: 0
--------------------------------------------------
Original     --> [1 1 0 1 1 1 0 1 0 0 1 0 1 0 1 1 1 0 0 0 1 0 1 1 0 0 1 0 0 1 0 0]
Reconstruido --> [1 1 0 1 1 1 0 1 0 0 1 1 1 0 1 1 1 0 0 0 1 0 1 1 0 0 1 0 0 1 0 0] | Precisión: 0.97
Distancia de Hamming: 1
--------------------------------------------------
Original     --> [0 1 1 0 0 0 0 0 0 0 1 1 1 1 0 0 1 0 0 0 0 1 0 1 1 1 0 1 1 1 1 1]
Reconstruido --> [0 0 1 0 0 0 1 0 0 0 1 1 1 1 0 0 1 0 0 0 0 1 0 1 1 1 0 1 1 1 1 1] | Precisión: 0.94
Distancia de Hamming: 2
--------------------------------------------------
Original     --> [0 0 1 1 0 0 1 0 1 1 1 1 1 0 0 0 0 0 0 1 1 1 1 0 1 1 1 1 1 0 0 1]
Reconstruido --> [1 0 0 1 0 0 1 0 1 1 1 1 1 0 0 0 0 0 0 1 1 1 1 0 1 1 1 1 1 0 0 1] | Precisión: 0.94
Distancia de Hamming: 2
--------------------------------------------------
Original     --> [0 1 1 1 1 1 1 1 0 0 1 0 1 1 1 0 1 0 0 1 1 1 1 1 0 0 0 0 1 0 1 1]
Reconstruido --> [0 1 1 1 1 1 1 1 0 0 1 0 1 1 1 0 1 0 0 1 1 1 1 1 0 0 0 0 1 0 1 1] | Precisión: 1.00
Distancia de Hamming: 0
--------------------------------------------------
Original     --> [1 0 1 1 0 0 0 0 1 0 0 0 0 1 1 0 1 0 0 1 1 0 0 0 0 1 1 0 1 1 0 1]
Reconstruido --> [1 0 1 1 0 0 0 0 1 0 0 0 0 1 1 0 1 0 0 1 1 0 0 0 0 1 1 0 1 1 0 1] | Precisión: 1.00
Distancia de Hamming: 0
--------------------------------------------------
Original     --> [1 0 0 1 0 1 0 1 0 0 1 0 1 1 0 1 1 1 0 0 1 0 1 0 0 1 1 1 1 1 1 1]
Reconstruido --> [1 0 0 1 0 1 0 1 0 0 1 0 1 1 0 1 1 1 0 0 1 0 1 0 0 1 1 1 1 1 1 1] | Precisión: 1.00
Distancia de Hamming: 0
--------------------------------------------------
Original     --> [1 0 1 1 0 0 1 0 1 1 1 0 0 1 0 1 1 0 0 0 0 0 1 0 1 1 0 0 1 0 0 0]
Reconstruido --> [1 0 1 1 0 0 1 0 1 1 1 0 0 1 0 1 1 0 0 0 0 0 1 0 1 1 0 0 1 0 0 0] | Precisión: 1.00
Distancia de Hamming: 0
--------------------------------------------------
Original     --> [0 1 0 0 0 1 1 1 1 1 1 0 1 0 0 1 0 0 1 1 0 0 0 1 0 1 0 1 1 1 0 1]
Reconstruido --> [0 1 0 0 0 1 1 1 1 1 1 0 1 0 0 1 0 0 1 1 0 0 0 1 0 1 0 1 1 1 0 1] | Precisión: 1.00
Distancia de Hamming: 0
--------------------------------------------------
La media de la precisión del descifrado es 0.9888
Distancia media de Hamming = 0.3587 | Número de bits: 32
Número de reconstrucciones perfectas = 8351



EVALUACIÓN CON 3600:

Original     --> [0 0 1 1 0 0 1 1 1 1 1 1 0 1 1 1 1 1 0 1 0 0 0 0 0 0 0 1 0 0 1 1]
Reconstruido --> [0 0 1 1 0 0 1 1 1 1 1 1 0 1 1 1 1 1 0 1 0 0 0 0 0 0 0 1 0 0 1 1] | Precisión: 1.00
Distancia de Hamming: 0
--------------------------------------------------
Original     --> [1 0 0 1 0 1 1 0 1 1 1 1 0 0 0 1 1 0 0 1 0 1 1 0 0 0 1 0 0 0 1 1]
Reconstruido --> [1 0 0 1 0 1 1 0 1 1 1 1 0 0 0 1 1 0 0 1 0 1 1 0 0 0 1 0 0 0 1 1] | Precisión: 1.00
Distancia de Hamming: 0
--------------------------------------------------
Original     --> [1 1 1 0 1 1 1 1 1 0 1 1 0 1 0 0 1 0 0 0 0 1 1 0 0 0 1 1 0 1 1 0]
Reconstruido --> [1 1 1 0 1 1 1 1 1 0 1 1 0 1 0 0 1 0 0 0 0 1 1 0 0 0 1 1 0 1 1 0] | Precisión: 1.00
Distancia de Hamming: 0
--------------------------------------------------
Original     --> [0 1 1 1 0 0 1 0 1 1 0 1 0 1 0 0 0 0 0 1 1 0 1 1 1 1 0 1 1 0 1 1]
Reconstruido --> [0 1 1 1 0 0 1 0 1 1 0 1 0 1 0 0 0 0 0 1 1 0 1 1 1 1 0 1 1 0 1 1] | Precisión: 1.00
Distancia de Hamming: 0
--------------------------------------------------
Original     --> [1 1 1 1 1 1 1 1 1 0 1 1 0 0 0 1 1 1 1 0 0 0 1 0 0 0 1 0 1 0 1 1]
Reconstruido --> [1 1 1 1 1 1 1 1 1 0 1 1 0 0 0 1 1 1 1 0 0 0 1 0 0 0 1 0 1 0 1 1] | Precisión: 1.00
Distancia de Hamming: 0
--------------------------------------------------
Original     --> [1 0 1 1 0 0 0 1 0 0 1 1 1 1 0 0 0 0 1 0 0 0 0 1 0 0 0 1 0 0 0 1]
Reconstruido --> [0 0 1 1 0 0 0 1 0 0 1 1 1 1 0 0 0 0 1 0 0 1 0 1 0 0 0 1 0 0 0 1] | Precisión: 0.94
Distancia de Hamming: 2
--------------------------------------------------
Original     --> [0 1 0 0 0 1 1 1 0 1 0 0 0 0 0 0 0 0 0 1 1 1 1 0 0 1 1 0 0 1 0 0]
Reconstruido --> [0 1 0 0 0 1 1 1 0 1 0 0 0 0 0 0 0 0 0 1 1 0 1 0 0 1 1 0 0 1 0 0] | Precisión: 0.97
Distancia de Hamming: 1
--------------------------------------------------
Original     --> [1 1 0 0 1 0 1 1 0 0 0 1 0 1 1 1 1 0 0 0 1 1 0 0 1 0 0 0 1 0 1 0]
Reconstruido --> [1 1 0 0 1 0 1 1 0 0 0 1 0 1 1 1 1 0 0 0 1 1 0 0 1 0 0 0 1 0 1 0] | Precisión: 1.00
Distancia de Hamming: 0
--------------------------------------------------
Original     --> [0 0 0 1 0 0 1 0 0 0 1 1 0 1 1 1 1 0 0 0 0 1 1 1 0 0 1 1 0 0 0 0]
Reconstruido --> [0 0 0 1 0 0 1 0 0 0 0 1 0 1 1 0 1 0 0 0 0 1 1 1 0 0 1 1 0 0 1 0] | Precisión: 0.91
Distancia de Hamming: 3
--------------------------------------------------
Original     --> [0 0 0 0 1 0 0 1 1 1 1 1 0 0 0 0 0 0 0 0 1 0 0 1 0 1 0 0 1 1 0 0]
Reconstruido --> [0 1 0 0 1 0 0 1 1 1 1 1 0 0 0 0 0 0 0 0 1 0 0 1 0 1 0 0 1 1 0 0] | Precisión: 0.97
Distancia de Hamming: 1
--------------------------------------------------
La media de la precisión del descifrado es 0.9806
Distancia media de Hamming = 0.6204 | Número de bits: 32
Número de reconstrucciones perfectas = 7157



EVALUACIÓN CON 3900:

Original     --> [0 1 0 0 1 1 0 1 1 0 0 0 1 1 0 1 0 0 0 0 1 1 0 0 0 0 1 1 0 0 1 0]
Reconstruido --> [0 1 0 0 1 1 0 1 1 0 0 0 1 1 0 1 0 0 0 0 1 1 0 0 0 0 1 1 0 0 1 0] | Precisión: 1.00
Distancia de Hamming: 0
--------------------------------------------------
Original     --> [1 1 1 0 1 0 0 0 0 0 1 1 0 1 1 0 1 1 0 0 0 0 0 0 0 1 1 0 1 0 1 1]
Reconstruido --> [1 1 1 0 1 0 0 0 0 0 1 1 0 1 1 0 1 1 0 0 0 0 0 0 0 1 1 0 1 0 1 1] | Precisión: 1.00
Distancia de Hamming: 0
--------------------------------------------------
Original     --> [0 0 1 1 0 1 0 1 0 1 1 1 0 0 1 0 1 0 0 0 0 1 1 1 1 1 1 0 0 0 1 1]
Reconstruido --> [0 0 1 1 0 1 0 1 0 1 1 1 0 0 1 0 1 0 0 0 0 1 1 1 1 1 1 0 0 0 1 1] | Precisión: 1.00
Distancia de Hamming: 0
--------------------------------------------------
Original     --> [1 0 0 1 1 1 1 0 0 1 1 1 0 1 1 0 0 0 0 0 1 1 1 1 1 0 1 0 1 1 1 1]
Reconstruido --> [1 0 0 1 1 1 1 0 0 1 1 1 0 1 1 0 0 0 0 0 1 1 1 1 1 0 1 0 1 1 1 1] | Precisión: 1.00
Distancia de Hamming: 0
--------------------------------------------------
Original     --> [0 0 0 0 1 1 0 0 0 1 1 0 1 1 0 0 0 1 1 1 0 0 0 0 0 1 0 1 0 0 0 0]
Reconstruido --> [0 0 0 0 1 1 0 0 0 1 1 0 1 1 0 0 0 1 1 1 0 0 0 0 0 1 0 1 0 0 0 0] | Precisión: 1.00
Distancia de Hamming: 0
--------------------------------------------------
Original     --> [0 1 1 0 0 1 0 1 0 0 1 0 0 1 1 1 1 0 1 1 1 1 1 0 0 0 1 1 0 0 0 1]
Reconstruido --> [0 1 1 0 0 1 0 1 0 0 1 0 0 1 0 1 1 0 1 1 0 1 1 0 0 0 1 1 1 0 0 1] | Precisión: 0.91
Distancia de Hamming: 3
--------------------------------------------------
Original     --> [1 1 0 0 0 1 0 1 0 0 0 1 1 1 0 1 1 1 0 1 0 0 0 1 0 1 0 1 1 1 0 0]
Reconstruido --> [1 1 0 0 0 1 0 1 0 0 0 1 1 1 0 1 1 1 0 1 0 0 0 1 0 1 0 1 1 1 0 0] | Precisión: 1.00
Distancia de Hamming: 0
--------------------------------------------------
Original     --> [1 1 0 0 0 0 1 1 0 1 1 1 0 1 1 1 1 0 0 0 0 1 0 0 0 0 1 0 0 1 1 0]
Reconstruido --> [1 1 0 0 0 0 1 1 0 1 1 1 0 1 1 1 1 0 0 0 0 1 0 0 0 0 1 0 0 1 1 0] | Precisión: 1.00
Distancia de Hamming: 0
--------------------------------------------------
Original     --> [1 0 0 0 1 1 1 1 1 1 1 0 1 0 0 0 1 0 0 1 0 0 0 0 0 0 1 0 0 1 0 1]
Reconstruido --> [1 0 0 0 1 1 1 1 1 1 1 0 1 0 0 0 1 0 0 1 0 0 0 0 0 0 1 0 0 1 0 1] | Precisión: 1.00
Distancia de Hamming: 0
--------------------------------------------------
Original     --> [0 0 1 1 1 0 1 1 1 1 1 1 0 1 0 0 0 0 0 1 1 0 1 0 0 1 0 0 1 0 0 0]
Reconstruido --> [0 0 1 1 1 0 1 1 1 1 1 1 0 1 0 0 0 0 0 1 1 0 1 0 0 1 0 0 1 0 0 0] | Precisión: 1.00
Distancia de Hamming: 0
--------------------------------------------------
La media de la precisión del descifrado es 0.9846
Distancia media de Hamming = 0.4923 | Número de bits: 32
Número de reconstrucciones perfectas = 7757



EVALUACIÓN CON 4200:

Original     --> [1 0 0 1 0 0 1 0 1 0 1 1 1 0 1 1 0 1 0 1 1 0 1 0 1 0 1 1 1 1 0 1]
Reconstruido --> [1 0 0 1 0 0 1 0 1 0 1 1 1 0 1 1 0 1 0 1 1 0 1 0 1 0 1 1 1 1 0 1] | Precisión: 1.00
Distancia de Hamming: 0
--------------------------------------------------
Original     --> [0 1 0 0 0 1 1 0 1 0 0 1 1 0 1 1 0 1 0 0 0 0 1 0 1 0 1 0 0 1 0 0]
Reconstruido --> [0 1 0 0 0 0 1 0 1 0 0 1 1 0 1 1 0 1 0 0 0 0 1 0 1 0 1 0 0 1 0 0] | Precisión: 0.97
Distancia de Hamming: 1
--------------------------------------------------
Original     --> [1 0 1 0 1 0 1 1 0 1 1 1 1 0 1 0 1 1 1 0 0 1 0 0 0 0 0 0 0 1 0 0]
Reconstruido --> [1 0 1 0 1 0 1 1 0 1 1 1 1 0 1 0 1 1 1 0 0 1 0 0 0 0 0 0 0 1 0 0] | Precisión: 1.00
Distancia de Hamming: 0
--------------------------------------------------
Original     --> [0 0 0 1 0 1 0 1 0 1 0 1 0 1 1 0 1 1 1 1 0 0 0 0 1 1 0 1 1 0 1 0]
Reconstruido --> [0 0 0 1 0 1 0 1 0 1 0 1 0 1 1 0 1 1 1 1 0 0 0 0 1 1 0 1 1 0 1 0] | Precisión: 1.00
Distancia de Hamming: 0
--------------------------------------------------
Original     --> [1 0 0 0 1 1 1 1 1 1 1 1 0 0 1 1 0 1 1 1 0 0 1 1 0 0 0 1 1 0 1 1]
Reconstruido --> [1 0 0 0 1 1 1 1 1 1 1 1 0 0 1 1 0 1 1 1 0 0 1 1 0 0 0 1 1 0 1 1] | Precisión: 1.00
Distancia de Hamming: 0
--------------------------------------------------
Original     --> [0 1 0 1 0 1 0 0 0 1 0 0 1 1 0 0 0 0 0 1 1 1 1 1 0 0 1 1 0 0 1 0]
Reconstruido --> [0 1 0 1 0 1 0 0 0 1 0 0 1 1 0 0 0 0 0 1 1 1 1 1 0 0 1 1 0 0 1 0] | Precisión: 1.00
Distancia de Hamming: 0
--------------------------------------------------
Original     --> [1 1 1 0 0 0 0 1 0 0 0 1 1 0 0 1 1 1 0 1 1 0 0 1 1 1 1 1 1 0 0 1]
Reconstruido --> [1 1 1 0 0 0 0 1 0 0 0 1 1 0 0 1 1 1 0 1 1 0 0 1 1 1 1 1 1 0 0 1] | Precisión: 1.00
Distancia de Hamming: 0
--------------------------------------------------
Original     --> [1 1 0 0 0 1 0 0 0 0 0 0 1 1 0 1 1 0 0 0 1 0 1 1 1 1 0 0 0 1 1 0]
Reconstruido --> [1 1 1 0 1 0 0 0 0 0 0 0 1 0 0 1 1 0 0 0 1 0 1 1 1 1 0 0 0 0 1 0] | Precisión: 0.84
Distancia de Hamming: 5
--------------------------------------------------
Original     --> [1 0 1 1 0 0 0 1 1 1 1 1 1 1 0 0 0 1 1 0 1 0 0 1 1 1 1 0 0 0 1 1]
Reconstruido --> [1 0 1 1 0 0 0 1 1 1 1 1 1 1 0 0 0 1 1 0 1 0 0 1 1 1 1 0 0 0 1 1] | Precisión: 1.00
Distancia de Hamming: 0
--------------------------------------------------
Original     --> [0 1 1 0 0 0 0 1 1 1 0 0 0 1 1 1 0 0 1 0 1 1 1 0 0 1 0 0 0 0 0 1]
Reconstruido --> [0 1 1 0 0 0 0 1 1 1 0 0 0 1 1 1 0 0 1 0 1 1 1 0 0 1 0 0 0 0 0 1] | Precisión: 1.00
Distancia de Hamming: 0
--------------------------------------------------
La media de la precisión del descifrado es 0.9800
Distancia media de Hamming = 0.6411 | Número de bits: 32
Número de reconstrucciones perfectas = 7114



EVALUACIÓN CON 4500:

Original     --> [0 0 0 0 1 0 0 1 1 1 1 0 1 0 0 0 1 1 1 0 0 1 0 1 1 1 1 1 1 0 0 1]
Reconstruido --> [0 0 0 0 1 0 0 1 1 1 1 0 1 0 0 0 1 1 1 0 0 1 0 1 1 1 1 1 1 0 0 1] | Precisión: 1.00
Distancia de Hamming: 0
--------------------------------------------------
Original     --> [1 0 1 1 0 0 1 0 1 0 0 0 0 0 0 1 0 0 1 1 0 1 0 1 0 0 1 0 1 1 1 0]
Reconstruido --> [1 0 1 1 0 0 1 0 1 0 0 0 0 0 0 1 0 0 1 1 0 1 0 1 0 0 1 0 1 1 1 0] | Precisión: 1.00
Distancia de Hamming: 0
--------------------------------------------------
Original     --> [1 0 1 0 0 1 1 1 0 1 1 1 1 1 1 1 0 1 0 1 0 1 0 0 1 0 1 1 0 0 0 0]
Reconstruido --> [1 0 1 0 0 1 1 1 0 1 1 1 1 1 1 1 0 1 0 1 0 1 0 0 0 0 1 1 0 0 0 0] | Precisión: 0.97
Distancia de Hamming: 1
--------------------------------------------------
Original     --> [0 0 0 0 0 1 0 0 1 1 1 0 1 0 0 1 0 1 1 1 0 0 1 0 1 1 0 1 0 0 0 0]
Reconstruido --> [1 0 0 0 0 1 0 0 1 1 1 0 1 0 0 1 0 1 1 0 0 1 1 0 1 1 0 1 0 0 1 0] | Precisión: 0.88
Distancia de Hamming: 4
--------------------------------------------------
Original     --> [0 0 1 0 1 0 1 0 0 0 0 1 1 1 0 0 0 0 0 0 0 1 1 0 0 0 0 0 1 1 0 0]
Reconstruido --> [0 0 1 0 1 0 1 0 0 0 0 1 1 1 0 0 0 0 0 0 0 1 1 0 0 0 0 0 1 1 0 0] | Precisión: 1.00
Distancia de Hamming: 0
--------------------------------------------------
Original     --> [1 1 1 0 1 0 1 0 1 0 0 0 1 1 1 0 0 1 1 0 1 0 0 0 0 0 1 1 1 1 0 1]
Reconstruido --> [1 1 1 0 1 0 1 0 1 0 0 0 1 1 0 0 0 1 1 0 1 0 0 0 0 0 1 1 1 1 0 1] | Precisión: 0.97
Distancia de Hamming: 1
--------------------------------------------------
Original     --> [0 0 1 0 0 1 1 1 0 1 1 1 1 0 0 1 1 1 0 0 1 1 1 0 0 1 0 0 1 1 1 1]
Reconstruido --> [0 0 1 0 0 1 1 1 0 1 1 1 1 0 0 1 1 1 0 0 1 1 1 0 0 1 0 0 1 1 1 1] | Precisión: 1.00
Distancia de Hamming: 0
--------------------------------------------------
Original     --> [1 0 1 0 0 0 0 0 1 1 1 0 1 0 0 0 1 1 1 0 1 1 1 0 1 0 1 1 1 1 1 0]
Reconstruido --> [1 0 1 0 0 0 0 0 1 1 1 0 1 0 0 0 1 1 1 0 1 1 1 0 1 0 1 1 1 1 1 0] | Precisión: 1.00
Distancia de Hamming: 0
--------------------------------------------------
Original     --> [0 0 0 0 0 0 0 1 1 0 1 1 0 1 1 0 1 1 0 1 0 0 0 0 1 1 1 1 1 0 1 0]
Reconstruido --> [0 0 0 0 0 0 0 1 1 0 1 1 0 1 1 0 1 1 0 1 0 0 0 0 1 1 1 1 1 0 1 0] | Precisión: 1.00
Distancia de Hamming: 0
--------------------------------------------------
Original     --> [0 0 1 1 1 0 1 1 0 0 0 0 1 1 0 0 1 1 0 1 0 0 0 1 0 1 1 1 0 1 1 0]
Reconstruido --> [0 0 1 1 1 0 1 1 0 0 0 0 1 1 0 0 1 1 0 1 0 0 0 1 0 1 1 1 0 1 1 0] | Precisión: 1.00
Distancia de Hamming: 0
--------------------------------------------------
La media de la precisión del descifrado es 0.9700
Distancia media de Hamming = 0.9587 | Número de bits: 32
Número de reconstrucciones perfectas = 5993



EVALUACIÓN CON 4800:

Original     --> [1 1 0 0 1 1 0 1 0 1 0 1 1 1 1 0 1 1 1 1 1 1 1 0 0 0 1 0 0 0 0 0]
Reconstruido --> [1 0 0 0 1 1 0 1 0 1 0 1 0 1 1 0 1 1 0 1 1 1 1 0 0 1 1 0 0 0 0 0] | Precisión: 0.88
Distancia de Hamming: 4
--------------------------------------------------
Original     --> [0 0 1 1 1 1 1 1 0 0 1 1 0 1 0 1 0 0 1 1 1 0 1 1 0 1 0 1 0 1 1 0]
Reconstruido --> [0 0 1 1 1 1 1 1 0 0 1 1 0 1 0 1 0 0 1 1 1 0 1 1 0 1 0 1 0 1 1 0] | Precisión: 1.00
Distancia de Hamming: 0
--------------------------------------------------
Original     --> [0 1 0 0 1 0 1 1 1 1 0 0 1 1 0 1 0 1 1 1 1 0 0 1 1 1 0 1 1 0 0 0]
Reconstruido --> [0 1 1 0 1 0 1 1 1 1 0 0 1 1 0 1 0 1 1 1 1 0 0 1 1 1 0 1 1 0 0 0] | Precisión: 0.97
Distancia de Hamming: 1
--------------------------------------------------
Original     --> [0 1 0 0 1 1 1 0 0 1 1 1 0 0 1 1 1 1 0 0 1 0 0 1 1 0 1 1 1 1 0 1]
Reconstruido --> [0 1 0 0 1 1 1 0 0 1 1 1 0 0 1 1 1 1 0 0 1 0 0 1 1 0 1 1 1 1 0 1] | Precisión: 1.00
Distancia de Hamming: 0
--------------------------------------------------
Original     --> [0 1 0 0 1 0 1 1 1 1 0 0 0 1 0 1 1 1 0 0 0 1 1 0 1 1 0 0 1 0 1 0]
Reconstruido --> [0 1 0 0 1 0 1 1 1 1 0 0 0 1 0 1 1 1 0 0 0 1 1 0 1 1 0 0 1 0 1 0] | Precisión: 1.00
Distancia de Hamming: 0
--------------------------------------------------
Original     --> [1 0 1 1 1 1 0 0 0 1 0 1 1 0 0 1 0 1 0 0 0 1 0 0 0 0 1 0 0 1 1 1]
Reconstruido --> [1 0 1 1 1 1 0 0 0 1 0 1 1 0 0 1 0 1 0 0 0 1 0 0 0 0 1 0 0 1 1 1] | Precisión: 1.00
Distancia de Hamming: 0
--------------------------------------------------
Original     --> [1 0 1 1 1 1 0 0 0 0 0 1 0 0 1 0 1 1 1 1 1 1 0 1 1 1 1 1 0 1 1 0]
Reconstruido --> [1 0 1 1 1 1 0 0 0 0 0 1 0 0 1 0 1 1 1 1 1 1 0 1 1 1 1 1 0 1 1 0] | Precisión: 1.00
Distancia de Hamming: 0
--------------------------------------------------
Original     --> [0 0 0 0 1 0 1 0 1 0 0 0 0 1 1 0 1 0 0 1 1 0 1 1 1 1 1 1 1 1 1 1]
Reconstruido --> [0 1 0 0 1 0 1 0 1 0 0 0 0 1 1 0 1 0 1 1 1 0 1 1 0 1 1 1 1 1 1 1] | Precisión: 0.91
Distancia de Hamming: 3
--------------------------------------------------
Original     --> [1 0 1 0 0 1 0 0 1 0 1 1 1 1 1 1 0 1 1 1 1 1 1 1 0 0 0 0 0 0 0 0]
Reconstruido --> [1 0 1 0 0 1 0 0 1 0 1 1 1 1 1 1 0 1 1 1 1 1 1 1 0 0 0 0 0 0 0 0] | Precisión: 1.00
Distancia de Hamming: 0
--------------------------------------------------
Original     --> [1 0 0 1 1 1 0 1 1 1 0 1 1 0 1 0 0 1 0 0 0 0 0 0 0 1 0 1 1 0 0 0]
Reconstruido --> [1 0 0 0 1 1 0 1 1 1 0 1 1 0 1 1 0 1 0 0 0 0 0 0 0 1 0 1 1 0 0 0] | Precisión: 0.94
Distancia de Hamming: 2
--------------------------------------------------
La media de la precisión del descifrado es 0.9811
Distancia media de Hamming = 0.6056 | Número de bits: 32
Número de reconstrucciones perfectas = 7198



EVALUACIÓN CON 5100:

Original     --> [0 1 0 0 1 1 1 1 0 0 0 1 1 0 1 0 1 0 0 0 0 1 0 0 1 1 0 1 0 1 0 0]
Reconstruido --> [0 1 0 0 1 1 1 1 0 0 0 1 1 0 1 0 1 0 0 0 0 1 0 0 1 1 0 1 0 1 0 0] | Precisión: 1.00
Distancia de Hamming: 0
--------------------------------------------------
Original     --> [1 1 1 1 1 1 0 1 0 1 0 1 1 0 1 0 1 0 0 0 1 1 1 1 1 1 1 0 1 0 0 0]
Reconstruido --> [1 1 1 1 1 1 0 1 0 1 0 1 1 0 1 0 1 0 0 0 1 1 1 1 1 1 1 0 1 0 0 0] | Precisión: 1.00
Distancia de Hamming: 0
--------------------------------------------------
Original     --> [0 0 0 0 1 1 1 1 1 1 1 0 0 0 1 0 0 0 1 0 1 0 1 0 1 0 1 1 1 0 0 0]
Reconstruido --> [0 0 0 0 1 1 1 1 1 1 1 0 0 0 1 0 0 0 1 0 1 0 1 0 1 0 1 1 1 0 0 0] | Precisión: 1.00
Distancia de Hamming: 0
--------------------------------------------------
Original     --> [0 1 1 0 1 1 1 1 1 1 0 1 1 0 1 1 0 0 0 1 1 0 1 0 1 1 1 0 0 0 1 0]
Reconstruido --> [0 1 1 0 1 1 1 1 1 1 0 1 1 0 1 1 0 0 0 1 1 0 1 0 1 1 1 0 0 0 1 0] | Precisión: 1.00
Distancia de Hamming: 0
--------------------------------------------------
Original     --> [1 1 0 1 1 1 1 0 1 1 1 0 0 1 1 1 1 0 1 0 1 1 1 0 1 1 1 1 1 0 1 1]
Reconstruido --> [1 1 0 1 1 1 1 0 1 1 1 1 0 1 1 1 1 0 1 0 1 1 1 0 1 1 1 1 1 0 1 1] | Precisión: 0.97
Distancia de Hamming: 1
--------------------------------------------------
Original     --> [1 0 1 1 1 0 1 1 1 0 0 1 1 0 1 1 1 0 0 1 0 1 0 1 1 0 0 1 1 0 0 1]
Reconstruido --> [1 0 1 1 1 0 1 1 1 0 0 1 1 0 1 1 1 0 0 1 0 1 0 1 1 0 0 1 1 0 0 1] | Precisión: 1.00
Distancia de Hamming: 0
--------------------------------------------------
Original     --> [0 1 1 0 1 1 1 0 0 0 0 1 1 1 0 1 0 0 1 0 0 0 0 1 0 0 1 0 0 0 1 0]
Reconstruido --> [0 1 0 0 1 0 1 0 0 0 0 1 1 1 0 1 0 0 1 0 0 0 1 1 0 0 1 0 0 0 1 0] | Precisión: 0.91
Distancia de Hamming: 3
--------------------------------------------------
Original     --> [1 1 1 0 1 0 1 0 0 1 0 0 0 0 0 0 1 1 0 1 0 1 1 0 0 0 1 1 1 1 1 0]
Reconstruido --> [1 1 1 0 1 0 1 0 0 1 0 0 0 0 0 0 0 1 0 1 0 1 1 0 0 0 1 1 1 1 1 0] | Precisión: 0.97
Distancia de Hamming: 1
--------------------------------------------------
Original     --> [0 0 1 0 0 1 1 0 0 0 0 0 0 0 0 0 0 0 0 0 0 1 0 1 1 0 0 1 1 1 1 1]
Reconstruido --> [0 0 1 0 0 1 1 0 0 0 0 0 0 0 0 0 0 0 0 0 0 1 0 1 1 0 0 1 1 1 1 1] | Precisión: 1.00
Distancia de Hamming: 0
--------------------------------------------------
Original     --> [0 0 0 1 1 0 0 0 1 1 0 0 1 1 1 1 1 0 1 0 1 0 1 1 0 0 0 0 1 1 0 1]
Reconstruido --> [0 0 0 1 1 0 0 0 1 1 0 0 1 1 1 1 1 0 1 0 1 0 1 1 0 0 0 0 1 1 0 1] | Precisión: 1.00
Distancia de Hamming: 0
--------------------------------------------------
La media de la precisión del descifrado es 0.9811
Distancia media de Hamming = 0.6054 | Número de bits: 32
Número de reconstrucciones perfectas = 7318



EVALUACIÓN CON 5400:

Original     --> [1 1 1 1 0 0 1 1 0 0 0 1 1 1 0 1 1 0 1 1 0 0 1 1 0 0 0 0 1 0 1 1]
Reconstruido --> [1 1 1 1 0 0 1 1 0 0 0 1 1 1 0 1 1 0 1 1 0 0 1 1 0 0 0 0 1 0 1 1] | Precisión: 1.00
Distancia de Hamming: 0
--------------------------------------------------
Original     --> [1 0 1 0 0 1 1 0 1 1 0 0 0 0 0 0 1 1 1 0 1 1 0 0 1 0 1 0 1 0 1 1]
Reconstruido --> [1 0 1 0 0 1 1 0 1 1 0 0 0 0 0 0 1 1 1 0 1 1 0 0 1 0 1 0 1 0 1 1] | Precisión: 1.00
Distancia de Hamming: 0
--------------------------------------------------
Original     --> [1 0 1 0 0 1 1 1 1 0 1 1 0 0 0 0 1 1 0 1 0 1 0 1 0 0 0 1 0 0 1 0]
Reconstruido --> [1 0 1 0 0 1 1 1 1 0 1 1 0 0 0 0 1 1 0 1 0 1 0 1 0 0 0 1 0 0 1 0] | Precisión: 1.00
Distancia de Hamming: 0
--------------------------------------------------
Original     --> [1 0 1 0 1 0 0 0 1 0 1 1 0 1 0 1 0 0 1 0 1 0 1 1 1 1 1 1 0 0 0 1]
Reconstruido --> [1 0 1 0 1 0 0 0 1 0 1 1 0 1 0 1 0 0 1 0 1 0 1 1 1 1 1 1 0 0 0 1] | Precisión: 1.00
Distancia de Hamming: 0
--------------------------------------------------
Original     --> [0 1 0 0 0 0 0 0 0 1 1 0 1 1 1 1 0 0 0 1 0 1 1 0 1 1 0 0 0 1 1 0]
Reconstruido --> [0 1 0 0 0 0 0 0 0 1 1 0 1 1 1 1 0 0 0 1 0 1 1 0 1 1 0 0 0 1 1 0] | Precisión: 1.00
Distancia de Hamming: 0
--------------------------------------------------
Original     --> [0 0 1 0 1 1 0 0 0 1 0 1 1 1 1 0 0 1 0 1 1 0 1 1 1 1 1 0 1 0 1 0]
Reconstruido --> [1 0 1 0 1 1 0 0 0 1 0 1 1 1 1 0 0 1 0 1 1 0 1 1 1 1 1 0 1 0 1 0] | Precisión: 0.97
Distancia de Hamming: 1
--------------------------------------------------
Original     --> [0 0 1 1 1 0 1 1 1 1 1 0 1 0 0 0 1 0 0 0 1 0 0 0 1 0 0 0 1 1 1 0]
Reconstruido --> [0 0 1 1 1 0 1 1 1 1 1 0 1 0 0 0 1 0 0 0 1 0 0 0 1 0 0 0 1 1 1 0] | Precisión: 1.00
Distancia de Hamming: 0
--------------------------------------------------
Original     --> [1 1 0 0 0 0 0 0 0 1 1 0 0 0 1 0 1 1 0 1 1 1 0 0 1 1 1 0 1 0 0 1]
Reconstruido --> [1 1 0 0 0 0 0 0 0 1 1 0 0 0 1 0 1 1 0 1 1 1 0 0 1 1 1 0 1 0 0 1] | Precisión: 1.00
Distancia de Hamming: 0
--------------------------------------------------
Original     --> [0 0 0 1 0 0 1 1 0 0 1 0 1 1 1 0 1 1 0 1 1 0 0 1 0 0 0 1 1 1 1 1]
Reconstruido --> [0 0 0 1 0 0 1 1 0 0 1 0 1 1 1 0 1 1 0 1 1 0 0 1 0 0 0 1 1 1 1 1] | Precisión: 1.00
Distancia de Hamming: 0
--------------------------------------------------
Original     --> [1 0 1 1 1 1 0 0 1 0 0 0 1 1 0 1 1 1 1 1 1 0 0 0 0 1 0 1 1 0 1 0]
Reconstruido --> [1 0 1 1 1 1 0 0 1 0 0 0 1 1 0 1 1 1 1 1 1 0 0 0 0 1 0 1 1 0 1 0] | Precisión: 1.00
Distancia de Hamming: 0
--------------------------------------------------
La media de la precisión del descifrado es 0.9892
Distancia media de Hamming = 0.3464 | Número de bits: 32
Número de reconstrucciones perfectas = 8318



EVALUACIÓN CON 5700:

Original     --> [0 1 0 0 1 1 0 1 0 1 1 0 0 1 0 0 0 0 1 0 1 1 0 0 1 1 1 0 1 1 1 0]
Reconstruido --> [0 1 0 0 1 1 0 1 0 1 1 0 0 1 0 0 0 0 1 0 1 1 0 0 1 1 1 0 1 1 1 0] | Precisión: 1.00
Distancia de Hamming: 0
--------------------------------------------------
Original     --> [0 0 1 1 1 0 0 0 1 1 0 1 0 1 0 1 1 0 1 1 1 1 1 1 1 0 1 0 0 0 1 1]
Reconstruido --> [0 0 1 1 1 0 0 0 1 1 0 1 0 1 0 1 1 0 1 1 1 1 1 1 1 0 1 0 0 0 1 1] | Precisión: 1.00
Distancia de Hamming: 0
--------------------------------------------------
Original     --> [0 1 0 1 0 1 0 1 0 0 0 0 1 0 0 1 0 0 1 1 1 0 1 0 0 1 0 1 1 1 0 0]
Reconstruido --> [0 1 0 1 0 1 0 1 0 0 0 0 0 1 0 1 0 0 0 1 0 1 1 0 0 1 0 1 1 1 0 0] | Precisión: 0.84
Distancia de Hamming: 5
--------------------------------------------------
Original     --> [0 0 1 0 0 0 1 1 0 1 1 1 0 1 0 0 1 0 0 1 1 0 0 1 1 1 0 1 0 1 1 1]
Reconstruido --> [0 0 1 0 0 0 1 1 0 1 1 1 0 1 0 0 1 0 0 1 1 0 0 1 1 1 0 1 0 1 1 1] | Precisión: 1.00
Distancia de Hamming: 0
--------------------------------------------------
Original     --> [1 0 0 1 0 1 1 1 0 1 0 1 0 1 0 0 1 0 0 1 0 1 1 1 0 1 0 0 1 0 1 0]
Reconstruido --> [1 0 0 1 0 1 1 1 0 1 0 1 0 1 0 0 1 0 0 1 0 1 1 1 0 1 0 0 1 0 1 0] | Precisión: 1.00
Distancia de Hamming: 0
--------------------------------------------------
Original     --> [0 0 0 1 1 1 0 0 1 1 0 1 0 1 0 0 0 0 0 1 1 0 1 1 0 0 1 1 0 0 0 1]
Reconstruido --> [0 1 0 1 1 1 0 0 1 1 0 1 0 1 0 0 0 0 0 1 1 0 1 1 0 0 1 1 0 0 0 1] | Precisión: 0.97
Distancia de Hamming: 1
--------------------------------------------------
Original     --> [1 1 1 1 0 0 0 1 0 1 1 1 1 0 0 0 0 0 0 1 1 0 1 0 1 0 1 0 1 0 1 0]
Reconstruido --> [1 1 1 1 0 0 0 1 0 1 1 1 1 0 0 0 0 0 0 1 1 0 1 0 1 0 1 0 1 0 1 0] | Precisión: 1.00
Distancia de Hamming: 0
--------------------------------------------------
Original     --> [1 1 1 1 1 0 0 1 0 1 0 1 1 0 0 1 0 0 0 0 1 1 1 0 0 1 0 1 0 1 1 0]
Reconstruido --> [1 1 1 1 1 0 0 1 0 1 0 1 1 0 0 1 0 0 0 0 1 1 1 0 0 1 0 1 0 1 1 0] | Precisión: 1.00
Distancia de Hamming: 0
--------------------------------------------------
Original     --> [1 1 1 1 1 0 1 0 0 0 0 1 1 1 0 0 0 0 0 1 1 1 1 1 0 0 0 0 1 1 0 0]
Reconstruido --> [1 1 1 1 1 0 1 0 0 0 0 1 1 1 0 0 0 0 0 1 1 1 1 1 0 0 0 0 1 1 0 0] | Precisión: 1.00
Distancia de Hamming: 0
--------------------------------------------------
Original     --> [0 1 1 1 1 1 1 0 1 0 0 0 1 1 0 1 0 1 0 1 0 1 1 0 1 1 0 1 1 1 0 1]
Reconstruido --> [0 1 1 1 1 1 1 0 1 0 0 0 1 1 0 1 0 1 0 1 0 1 1 0 1 1 0 1 1 1 0 1] | Precisión: 1.00
Distancia de Hamming: 0
--------------------------------------------------
La media de la precisión del descifrado es 0.9888
Distancia media de Hamming = 0.3583 | Número de bits: 32
Número de reconstrucciones perfectas = 8311



EVALUACIÓN CON 6000:

Original     --> [1 0 0 0 1 0 1 1 1 0 1 1 0 1 0 1 0 0 0 1 0 1 0 1 0 1 0 1 0 0 1 1]
Reconstruido --> [1 0 0 0 1 0 1 1 1 0 1 1 0 1 0 1 1 0 0 1 0 1 0 1 0 1 0 1 0 0 1 1] | Precisión: 0.97
Distancia de Hamming: 1
--------------------------------------------------
Original     --> [0 1 0 1 0 1 1 1 0 1 1 0 0 0 1 1 1 0 1 1 0 1 1 1 1 1 0 0 1 1 1 0]
Reconstruido --> [0 1 0 1 0 1 1 1 0 1 1 0 0 0 1 1 1 0 1 1 0 1 1 1 1 1 0 0 1 1 1 0] | Precisión: 1.00
Distancia de Hamming: 0
--------------------------------------------------
Original     --> [0 1 1 0 1 0 0 1 1 1 0 0 1 0 0 1 0 0 0 1 1 0 0 0 0 0 1 1 1 1 1 1]
Reconstruido --> [0 1 1 0 1 0 0 1 1 1 0 0 1 0 0 0 0 0 0 1 1 1 0 0 1 0 1 1 1 1 1 1] | Precisión: 0.91
Distancia de Hamming: 3
--------------------------------------------------
Original     --> [1 1 1 1 1 1 0 1 1 0 1 1 1 0 1 1 1 0 0 1 0 0 0 0 1 1 0 0 0 0 0 1]
Reconstruido --> [1 1 1 1 1 1 0 1 1 0 1 1 1 0 1 1 1 0 0 1 0 0 0 0 1 1 0 0 0 0 0 1] | Precisión: 1.00
Distancia de Hamming: 0
--------------------------------------------------
Original     --> [0 1 0 0 0 0 1 1 1 1 1 1 0 1 1 1 0 1 0 1 1 1 1 1 0 0 0 0 0 0 0 1]
Reconstruido --> [0 1 0 0 0 0 1 1 1 1 1 1 0 1 1 1 0 1 0 1 1 1 1 1 0 0 0 0 0 0 0 1] | Precisión: 1.00
Distancia de Hamming: 0
--------------------------------------------------
Original     --> [0 0 0 1 1 0 0 1 0 1 0 1 0 0 1 0 0 0 0 0 1 0 1 0 1 1 1 1 0 0 1 0]
Reconstruido --> [0 0 0 1 1 0 0 1 0 1 0 1 0 0 1 0 0 0 0 0 1 0 1 0 1 1 1 1 0 0 1 0] | Precisión: 1.00
Distancia de Hamming: 0
--------------------------------------------------
Original     --> [0 0 1 0 1 1 0 1 0 0 0 0 1 0 0 0 0 0 0 1 1 0 0 0 1 0 0 1 0 0 1 0]
Reconstruido --> [0 0 1 0 1 1 0 1 0 0 0 0 1 0 0 0 0 0 0 1 1 0 0 0 1 0 0 1 0 0 1 0] | Precisión: 1.00
Distancia de Hamming: 0
--------------------------------------------------
Original     --> [1 1 0 1 0 1 1 1 1 0 1 1 0 1 0 0 1 0 0 1 1 0 0 1 1 0 0 1 0 1 0 1]
Reconstruido --> [1 1 0 1 0 1 1 1 1 0 1 1 0 1 0 0 1 0 0 1 1 0 0 1 1 0 0 1 0 1 0 1] | Precisión: 1.00
Distancia de Hamming: 0
--------------------------------------------------
Original     --> [0 0 0 0 1 1 1 1 0 1 0 0 1 0 1 1 1 0 1 1 0 1 1 0 1 0 1 1 1 0 0 1]
Reconstruido --> [0 0 0 0 1 1 1 1 0 1 0 0 1 0 1 1 1 0 1 1 0 1 1 0 1 0 1 1 1 0 0 1] | Precisión: 1.00
Distancia de Hamming: 0
--------------------------------------------------
Original     --> [0 1 0 1 1 1 1 0 1 0 1 1 1 1 1 0 1 1 0 0 0 0 0 0 1 1 1 1 1 0 1 1]
Reconstruido --> [0 1 0 1 1 1 1 0 1 0 1 1 1 1 1 0 1 1 0 0 0 0 0 0 1 1 1 1 1 0 1 1] | Precisión: 1.00
Distancia de Hamming: 0
--------------------------------------------------
La media de la precisión del descifrado es 0.9796
Distancia media de Hamming = 0.6543 | Número de bits: 32
Número de reconstrucciones perfectas = 7305


Tiempo total de ejecución (s): 4438.088454961777

