-- RESULTADOS DEL EXPERIMENTO 1.1. --

Número de mensajes = 10000
Número de bits = 32
Tamaño del batch = 512
Adam optimizer learning rate = 1e-05
Epochs totales = 6000
Epochs iniciales = 300


EVALUACIÓN CON 300:

Original     --> [0 0 1 1 0 0 0 0 0 1 0 0 1 1 1 0 0 1 0 0 0 1 1 1 1 0 1 0 0 0 1 0]
Reconstruido --> [0 0 1 1 0 0 0 0 1 1 0 0 1 1 1 0 0 1 0 0 0 1 1 1 1 0 1 0 0 0 1 1] | Precisión: 0.94
Distancia de Hamming: 2
--------------------------------------------------
Original     --> [0 0 1 1 1 0 0 1 0 1 0 0 0 0 0 1 1 1 0 1 1 1 1 0 1 0 1 1 1 0 0 1]
Reconstruido --> [0 0 1 1 1 0 0 0 0 1 0 0 0 0 0 0 1 0 1 1 1 1 1 0 1 0 1 1 1 0 0 1] | Precisión: 0.88
Distancia de Hamming: 4
--------------------------------------------------
Original     --> [1 1 0 1 1 0 0 1 0 1 0 1 0 0 1 1 1 1 1 1 0 1 1 1 0 0 0 1 1 0 1 1]
Reconstruido --> [1 1 0 1 1 0 0 1 0 1 1 1 0 0 1 1 1 1 1 1 0 1 1 1 0 0 0 1 1 0 1 1] | Precisión: 0.97
Distancia de Hamming: 1
--------------------------------------------------
Original     --> [0 0 1 0 0 0 1 1 0 1 0 1 1 1 1 0 0 1 0 1 0 0 1 0 0 1 1 0 1 0 0 1]
Reconstruido --> [0 0 1 1 1 0 1 1 1 0 0 1 1 1 1 0 0 0 0 1 0 0 1 0 0 1 1 0 1 0 0 1] | Precisión: 0.84
Distancia de Hamming: 5
--------------------------------------------------
Original     --> [0 0 1 0 1 1 0 0 1 0 1 0 1 0 1 0 0 1 1 1 1 1 1 0 0 1 0 0 1 1 1 1]
Reconstruido --> [0 0 1 0 1 1 0 0 1 0 1 0 1 0 1 0 0 1 1 1 1 1 1 0 0 1 0 0 1 1 1 1] | Precisión: 1.00
Distancia de Hamming: 0
--------------------------------------------------
Original     --> [0 0 1 1 1 0 0 0 0 1 0 0 1 1 0 0 0 1 1 0 0 1 0 0 0 0 0 0 1 1 1 1]
Reconstruido --> [0 0 1 1 1 0 0 0 0 1 0 0 1 1 0 1 0 1 1 0 0 1 1 0 0 0 0 0 1 1 1 1] | Precisión: 0.94
Distancia de Hamming: 2
--------------------------------------------------
Original     --> [0 0 0 0 0 0 0 1 0 1 0 0 0 0 1 0 1 0 0 0 0 0 1 1 0 0 0 1 0 1 1 0]
Reconstruido --> [1 0 0 0 0 1 0 1 0 1 1 0 1 0 1 0 1 0 0 0 0 1 1 1 0 0 1 1 0 1 1 0] | Precisión: 0.81
Distancia de Hamming: 6
--------------------------------------------------
Original     --> [1 0 0 1 0 0 1 0 1 0 1 0 0 0 1 0 0 1 1 0 1 0 1 0 1 1 0 1 0 1 0 1]
Reconstruido --> [1 0 1 1 0 1 1 0 1 0 1 0 0 1 1 0 0 1 1 0 1 0 1 0 0 0 0 1 0 1 0 1] | Precisión: 0.84
Distancia de Hamming: 5
--------------------------------------------------
Original     --> [1 1 0 0 0 0 1 0 1 0 0 1 1 0 1 0 0 0 0 1 0 0 0 1 0 1 1 1 1 1 1 0]
Reconstruido --> [1 1 0 0 0 0 1 1 1 0 0 1 1 0 1 0 0 0 0 1 0 0 0 1 0 1 1 1 1 1 1 0] | Precisión: 0.97
Distancia de Hamming: 1
--------------------------------------------------
Original     --> [1 1 1 1 1 0 1 0 1 0 1 0 1 1 0 0 1 1 1 1 1 1 1 1 1 0 0 1 0 0 0 0]
Reconstruido --> [1 1 1 0 1 0 1 0 1 0 1 0 1 1 0 0 1 1 1 1 1 1 1 1 1 0 0 1 0 0 0 0] | Precisión: 0.97
Distancia de Hamming: 1
--------------------------------------------------
La media de la precisión del descifrado es 0.9197
Distancia media de Hamming = 2.5706 | Número de bits: 32
Número de reconstrucciones perfectas = 1536



EVALUACIÓN CON 600:

Original     --> [0 1 0 1 0 0 0 1 0 1 0 1 0 1 0 1 0 1 1 0 0 0 0 1 0 1 0 1 1 1 1 0]
Reconstruido --> [0 1 0 1 0 0 0 1 0 1 0 1 0 1 0 1 0 1 1 0 0 0 0 1 0 1 0 1 1 1 1 0] | Precisión: 1.00
Distancia de Hamming: 0
--------------------------------------------------
Original     --> [1 1 1 1 1 0 0 0 0 0 0 0 1 1 0 0 1 0 0 0 1 0 0 1 0 0 0 0 0 1 1 1]
Reconstruido --> [1 0 1 0 1 0 1 0 0 0 0 0 1 1 0 0 1 0 0 0 1 0 0 1 0 0 0 0 0 1 1 1] | Precisión: 0.91
Distancia de Hamming: 3
--------------------------------------------------
Original     --> [1 0 0 1 0 0 0 1 0 1 0 1 0 1 0 0 0 1 0 1 0 0 0 1 0 1 1 0 0 0 0 0]
Reconstruido --> [1 0 0 1 0 0 0 1 0 1 0 1 0 1 0 1 0 1 0 1 0 0 0 1 0 1 1 0 0 0 0 0] | Precisión: 0.97
Distancia de Hamming: 1
--------------------------------------------------
Original     --> [1 0 1 1 0 1 0 1 1 1 1 0 0 0 0 1 0 0 0 1 0 0 0 0 1 0 0 0 0 0 0 1]
Reconstruido --> [1 0 1 1 0 1 0 1 1 1 1 0 0 0 0 1 0 0 0 1 0 0 0 0 1 0 0 0 1 0 0 1] | Precisión: 0.97
Distancia de Hamming: 1
--------------------------------------------------
Original     --> [1 1 1 1 1 1 1 1 0 0 0 1 0 0 0 0 0 0 0 0 1 1 1 0 0 1 0 0 0 1 1 0]
Reconstruido --> [1 1 1 0 1 1 1 1 0 0 0 1 1 0 0 0 1 0 0 0 1 1 1 0 0 1 0 1 0 1 1 0] | Precisión: 0.88
Distancia de Hamming: 4
--------------------------------------------------
Original     --> [0 1 1 0 0 1 0 1 1 0 1 0 0 0 0 1 1 0 1 1 1 0 0 0 0 0 0 0 1 0 0 0]
Reconstruido --> [0 1 1 0 0 1 0 1 1 0 1 0 0 0 0 1 1 0 1 1 1 0 0 0 0 0 0 0 1 0 0 1] | Precisión: 0.97
Distancia de Hamming: 1
--------------------------------------------------
Original     --> [1 0 0 1 1 1 1 0 0 1 1 1 0 0 0 0 0 0 1 0 1 1 0 0 0 0 1 0 1 0 1 1]
Reconstruido --> [1 0 0 1 1 1 1 0 0 1 1 0 0 0 1 1 1 0 1 0 1 0 0 0 0 0 0 1 1 1 1 1] | Precisión: 0.75
Distancia de Hamming: 8
--------------------------------------------------
Original     --> [0 0 0 1 0 0 0 1 0 0 1 1 1 0 1 0 0 0 1 1 0 1 0 1 0 0 0 1 0 0 0 0]
Reconstruido --> [0 1 0 1 0 0 0 1 0 0 1 1 1 0 1 1 0 1 1 1 0 1 0 1 0 0 0 1 0 0 0 0] | Precisión: 0.91
Distancia de Hamming: 3
--------------------------------------------------
Original     --> [1 1 1 0 0 1 1 1 0 1 1 0 1 1 1 1 0 0 0 1 1 1 1 1 1 0 1 1 1 0 1 1]
Reconstruido --> [1 1 1 0 0 1 1 1 0 1 1 0 1 1 1 1 0 0 0 1 1 0 1 1 1 0 1 1 1 0 1 1] | Precisión: 0.97
Distancia de Hamming: 1
--------------------------------------------------
Original     --> [0 1 1 0 1 0 1 0 1 0 0 0 0 1 1 0 1 1 0 1 1 0 0 1 1 0 1 1 1 0 1 0]
Reconstruido --> [0 1 1 0 0 0 1 0 1 0 0 0 0 1 1 0 1 1 0 1 1 0 0 1 1 0 1 1 1 0 1 0] | Precisión: 0.97
Distancia de Hamming: 1
--------------------------------------------------
La media de la precisión del descifrado es 0.9406
Distancia media de Hamming = 1.8993 | Número de bits: 32
Número de reconstrucciones perfectas = 2628



EVALUACIÓN CON 900:

Original     --> [0 0 1 1 0 0 1 0 1 1 1 0 0 0 0 1 1 0 1 1 0 0 1 1 1 0 1 1 1 0 0 0]
Reconstruido --> [0 0 1 1 0 0 0 0 1 1 1 1 0 0 0 1 1 0 1 1 0 0 1 1 0 0 1 1 1 0 0 0] | Precisión: 0.91
Distancia de Hamming: 3
--------------------------------------------------
Original     --> [0 1 0 0 1 1 0 1 1 0 1 0 0 1 0 0 1 0 0 1 1 1 1 1 0 0 0 0 0 1 1 1]
Reconstruido --> [0 1 0 0 1 1 0 1 1 0 1 0 0 1 0 0 1 0 0 1 1 1 1 1 0 0 0 0 0 1 1 1] | Precisión: 1.00
Distancia de Hamming: 0
--------------------------------------------------
Original     --> [1 1 1 0 1 0 0 0 1 0 0 0 0 0 1 1 1 0 1 0 0 0 0 1 1 1 1 0 0 1 1 0]
Reconstruido --> [1 1 1 0 1 0 0 0 1 0 0 0 0 0 1 1 1 0 1 0 0 0 0 1 1 1 1 0 0 1 1 0] | Precisión: 1.00
Distancia de Hamming: 0
--------------------------------------------------
Original     --> [0 0 0 1 1 1 0 1 0 0 1 0 0 1 0 1 0 0 1 1 0 0 0 0 1 0 1 0 0 1 1 1]
Reconstruido --> [0 0 0 1 1 1 0 1 1 0 1 0 0 1 0 1 0 0 1 1 0 0 0 0 1 0 1 0 0 1 1 1] | Precisión: 0.97
Distancia de Hamming: 1
--------------------------------------------------
Original     --> [0 1 1 0 1 1 1 0 1 0 0 1 0 0 0 1 1 0 1 1 0 1 0 1 1 1 1 0 0 0 1 0]
Reconstruido --> [0 1 1 0 1 1 0 0 1 1 0 1 0 0 0 1 1 0 1 1 0 1 0 1 1 1 1 0 0 0 1 0] | Precisión: 0.94
Distancia de Hamming: 2
--------------------------------------------------
Original     --> [0 0 1 0 1 1 1 1 0 0 0 0 0 1 0 1 1 1 0 1 1 1 0 0 1 1 1 0 1 0 1 1]
Reconstruido --> [0 0 1 0 1 1 1 1 0 1 0 0 0 1 0 0 1 1 0 1 1 1 0 0 1 0 1 0 1 0 1 1] | Precisión: 0.91
Distancia de Hamming: 3
--------------------------------------------------
Original     --> [1 0 0 0 0 1 0 0 0 1 1 0 0 1 1 1 1 1 0 1 0 0 1 1 1 0 1 0 0 0 1 1]
Reconstruido --> [1 0 0 0 0 1 0 0 0 1 1 0 0 1 1 1 1 1 0 1 1 0 1 1 1 0 1 0 0 0 1 1] | Precisión: 0.97
Distancia de Hamming: 1
--------------------------------------------------
Original     --> [1 0 1 1 0 0 1 1 0 0 0 1 1 1 1 0 0 0 0 0 1 1 0 0 0 1 0 1 0 0 1 0]
Reconstruido --> [1 0 1 1 0 0 1 1 0 0 0 1 1 1 1 0 0 0 0 0 1 1 0 0 0 1 0 1 0 0 1 0] | Precisión: 1.00
Distancia de Hamming: 0
--------------------------------------------------
Original     --> [1 0 0 1 0 1 1 1 1 0 0 0 0 1 0 0 1 0 1 1 0 1 0 1 0 0 1 0 0 0 1 1]
Reconstruido --> [1 0 0 1 0 1 1 1 1 0 0 0 0 1 0 0 1 0 1 1 0 1 0 1 0 0 1 0 0 0 1 1] | Precisión: 1.00
Distancia de Hamming: 0
--------------------------------------------------
Original     --> [0 1 0 1 1 1 1 1 1 1 0 1 0 0 1 0 1 0 1 1 1 0 1 1 1 0 0 0 1 1 0 0]
Reconstruido --> [0 1 0 1 1 1 1 1 1 1 0 1 0 0 1 0 1 0 1 1 1 0 1 1 1 0 0 0 1 1 0 0] | Precisión: 1.00
Distancia de Hamming: 0
--------------------------------------------------
La media de la precisión del descifrado es 0.9467
Distancia media de Hamming = 1.7062 | Número de bits: 32
Número de reconstrucciones perfectas = 3316



EVALUACIÓN CON 1200:

Original     --> [1 0 1 1 1 1 1 1 1 1 0 1 1 1 1 0 0 1 1 0 0 1 1 0 1 1 1 0 0 1 1 1]
Reconstruido --> [1 0 1 1 1 1 1 1 0 1 0 1 1 1 1 0 0 1 1 0 0 1 1 0 1 1 1 0 0 1 1 1] | Precisión: 0.97
Distancia de Hamming: 1
--------------------------------------------------
Original     --> [1 0 1 0 1 1 0 0 0 1 1 0 1 0 0 0 0 1 0 0 0 0 1 1 1 0 0 0 0 0 1 0]
Reconstruido --> [1 0 1 0 1 1 0 0 0 1 1 0 1 0 0 0 0 1 0 0 0 0 1 1 1 0 0 0 0 0 1 0] | Precisión: 1.00
Distancia de Hamming: 0
--------------------------------------------------
Original     --> [1 1 0 1 1 1 0 0 1 1 1 1 1 1 1 0 1 1 0 0 1 1 0 0 1 0 0 0 0 1 1 0]
Reconstruido --> [1 1 0 1 1 1 0 0 1 1 1 1 1 1 1 0 1 1 0 0 1 1 0 0 1 0 0 0 0 1 1 0] | Precisión: 1.00
Distancia de Hamming: 0
--------------------------------------------------
Original     --> [0 0 0 1 1 1 1 0 0 1 0 1 0 1 0 1 0 1 0 1 0 0 1 0 1 0 0 0 0 0 1 1]
Reconstruido --> [0 0 0 1 1 1 1 0 0 1 0 1 0 1 0 1 0 1 0 1 0 0 1 0 1 1 0 0 0 0 1 1] | Precisión: 0.97
Distancia de Hamming: 1
--------------------------------------------------
Original     --> [0 0 0 0 1 0 1 0 0 0 1 1 0 0 0 0 1 1 0 0 0 1 0 1 1 1 0 0 1 1 0 1]
Reconstruido --> [1 0 0 0 1 0 0 0 0 0 1 1 0 0 0 0 1 1 0 0 0 1 0 0 1 1 0 0 1 1 0 1] | Precisión: 0.91
Distancia de Hamming: 3
--------------------------------------------------
Original     --> [1 0 0 0 0 0 0 0 0 0 1 1 1 1 1 1 1 0 0 0 0 1 1 0 0 1 0 0 1 0 0 0]
Reconstruido --> [1 0 0 0 0 0 0 0 0 0 1 1 1 1 1 1 1 0 0 0 0 1 1 0 0 1 1 0 1 0 0 0] | Precisión: 0.97
Distancia de Hamming: 1
--------------------------------------------------
Original     --> [1 1 1 0 1 0 1 0 1 0 0 0 0 1 1 0 1 1 1 1 0 0 1 0 1 0 0 1 1 1 1 1]
Reconstruido --> [1 1 1 0 1 0 0 0 1 0 0 0 0 1 1 0 1 1 1 1 0 0 1 0 1 0 0 1 1 1 1 1] | Precisión: 0.97
Distancia de Hamming: 1
--------------------------------------------------
Original     --> [0 0 0 0 1 1 1 0 0 0 0 1 1 1 0 0 0 0 0 0 0 0 1 0 1 0 1 0 1 1 0 0]
Reconstruido --> [0 0 0 0 1 1 1 0 0 0 0 0 1 0 1 0 1 0 0 0 0 0 1 0 1 0 1 1 1 0 0 0] | Precisión: 0.81
Distancia de Hamming: 6
--------------------------------------------------
Original     --> [1 1 0 0 1 0 1 1 0 1 1 0 1 1 0 0 1 0 0 0 1 1 0 0 1 1 0 1 1 0 1 1]
Reconstruido --> [1 1 0 0 1 0 1 1 0 1 1 0 1 1 0 0 1 0 0 0 1 1 0 0 1 1 0 1 1 0 1 1] | Precisión: 1.00
Distancia de Hamming: 0
--------------------------------------------------
Original     --> [0 1 1 0 1 1 0 0 1 1 1 1 1 1 1 0 1 0 1 1 1 0 0 0 1 0 0 1 0 0 1 1]
Reconstruido --> [0 1 1 0 1 1 0 0 1 1 1 1 1 1 1 0 1 0 1 1 1 0 0 0 1 0 0 1 0 0 1 1] | Precisión: 1.00
Distancia de Hamming: 0
--------------------------------------------------
La media de la precisión del descifrado es 0.9557
Distancia media de Hamming = 1.4181 | Número de bits: 32
Número de reconstrucciones perfectas = 4205



EVALUACIÓN CON 1500:

Original     --> [1 0 1 0 1 1 1 1 0 1 0 1 0 1 0 1 1 0 0 0 0 0 1 1 0 1 1 1 0 1 1 1]
Reconstruido --> [1 0 1 0 1 1 1 1 0 1 0 1 0 1 0 1 1 0 0 0 0 0 1 1 0 1 1 1 0 1 1 1] | Precisión: 1.00
Distancia de Hamming: 0
--------------------------------------------------
Original     --> [1 1 1 0 1 0 1 0 1 0 0 0 1 1 0 1 1 0 0 1 1 0 1 0 1 1 1 1 0 0 1 1]
Reconstruido --> [1 1 1 0 1 0 1 0 1 0 0 0 1 1 0 1 1 0 0 1 1 0 1 0 1 1 1 1 0 0 1 1] | Precisión: 1.00
Distancia de Hamming: 0
--------------------------------------------------
Original     --> [0 1 1 0 0 0 1 0 0 0 0 0 0 0 0 1 1 1 0 1 0 1 0 0 1 1 1 1 0 1 1 0]
Reconstruido --> [0 1 1 0 0 0 1 0 0 0 0 0 0 0 0 1 1 1 0 1 0 1 0 0 1 1 1 1 0 1 1 0] | Precisión: 1.00
Distancia de Hamming: 0
--------------------------------------------------
Original     --> [1 0 1 1 0 0 1 0 0 0 0 1 1 1 1 1 1 0 0 1 0 1 0 0 1 0 1 0 0 0 0 0]
Reconstruido --> [0 0 1 1 0 0 1 0 0 0 0 1 1 1 1 1 1 0 0 1 0 1 0 0 1 1 1 1 0 0 0 0] | Precisión: 0.91
Distancia de Hamming: 3
--------------------------------------------------
Original     --> [0 1 0 0 0 1 0 1 1 0 0 0 0 0 0 0 1 1 0 0 0 1 1 1 1 0 1 0 0 1 1 1]
Reconstruido --> [0 1 0 0 0 1 0 1 1 0 0 0 0 0 0 0 1 1 0 0 0 1 1 1 1 0 1 0 0 1 1 1] | Precisión: 1.00
Distancia de Hamming: 0
--------------------------------------------------
Original     --> [1 1 0 1 0 0 1 0 0 1 0 0 0 0 0 0 0 1 0 1 0 1 0 1 1 0 1 0 1 1 0 1]
Reconstruido --> [1 1 0 1 0 0 1 0 0 1 0 0 0 0 0 0 0 1 0 1 0 1 0 1 1 0 1 0 1 1 0 1] | Precisión: 1.00
Distancia de Hamming: 0
--------------------------------------------------
Original     --> [0 1 1 1 0 1 0 0 1 0 0 0 1 1 1 0 0 0 1 1 1 1 1 1 1 1 1 0 1 0 1 0]
Reconstruido --> [0 1 1 1 0 1 0 0 1 0 0 0 1 1 1 0 0 0 1 1 1 1 1 1 1 1 1 0 1 0 1 0] | Precisión: 1.00
Distancia de Hamming: 0
--------------------------------------------------
Original     --> [0 1 1 1 1 1 0 1 1 0 0 0 1 0 0 1 1 0 1 1 1 0 1 1 0 0 0 1 1 1 0 0]
Reconstruido --> [0 1 1 1 1 1 0 1 1 0 1 1 0 1 0 1 0 1 1 1 1 0 1 1 1 0 1 1 0 1 0 0] | Precisión: 0.72
Distancia de Hamming: 9
--------------------------------------------------
Original     --> [0 0 0 0 1 0 1 1 0 0 1 0 0 0 1 1 0 1 0 0 0 0 0 0 0 1 1 0 0 0 0 0]
Reconstruido --> [0 0 0 0 1 0 1 1 0 0 1 0 0 0 1 1 0 1 0 0 0 0 0 0 0 1 1 0 0 0 0 0] | Precisión: 1.00
Distancia de Hamming: 0
--------------------------------------------------
Original     --> [1 1 1 0 1 0 1 0 1 0 0 1 0 0 0 0 1 0 1 1 1 0 0 0 1 0 0 1 0 0 1 1]
Reconstruido --> [1 1 1 0 1 0 1 0 1 0 0 1 0 0 0 0 1 0 1 1 1 0 0 0 0 1 0 1 0 0 1 1] | Precisión: 0.94
Distancia de Hamming: 2
--------------------------------------------------
La media de la precisión del descifrado es 0.9751
Distancia media de Hamming = 0.7953 | Número de bits: 32
Número de reconstrucciones perfectas = 6351



EVALUACIÓN CON 1800:

Original     --> [1 1 1 0 0 1 0 0 1 1 1 1 1 1 1 0 1 1 1 0 1 1 1 0 1 0 0 1 0 1 1 1]
Reconstruido --> [1 1 1 0 0 1 0 0 1 1 1 1 1 1 1 0 1 1 1 0 1 1 1 0 1 0 0 1 0 1 1 1] | Precisión: 1.00
Distancia de Hamming: 0
--------------------------------------------------
Original     --> [1 0 0 0 1 1 0 0 0 0 1 0 0 0 1 1 0 1 0 0 0 0 1 0 0 0 0 1 1 0 1 1]
Reconstruido --> [0 0 0 0 1 1 0 0 0 0 1 0 0 0 1 1 0 1 0 0 0 0 1 0 0 0 0 1 1 0 1 1] | Precisión: 0.97
Distancia de Hamming: 1
--------------------------------------------------
Original     --> [0 0 1 0 1 1 0 0 0 1 1 1 1 1 0 1 0 1 0 0 1 1 1 0 1 0 0 1 1 1 0 1]
Reconstruido --> [0 0 1 0 1 1 1 0 0 1 1 1 1 1 0 1 0 1 0 0 1 1 1 1 1 0 0 1 1 1 0 1] | Precisión: 0.94
Distancia de Hamming: 2
--------------------------------------------------
Original     --> [0 1 0 0 0 1 0 1 1 1 1 0 1 1 0 0 0 1 0 1 1 0 1 1 1 1 0 0 0 1 1 0]
Reconstruido --> [0 1 0 0 0 1 0 1 1 1 1 0 1 1 0 0 0 1 0 1 1 0 1 1 1 1 0 1 0 1 1 0] | Precisión: 0.97
Distancia de Hamming: 1
--------------------------------------------------
Original     --> [1 0 0 0 1 0 1 1 1 0 0 0 1 1 0 0 1 1 1 0 0 1 0 0 0 1 1 0 0 1 0 1]
Reconstruido --> [1 0 0 0 1 0 1 1 1 0 0 0 1 1 0 0 1 1 1 0 0 1 0 0 0 1 1 0 0 1 0 1] | Precisión: 1.00
Distancia de Hamming: 0
--------------------------------------------------
Original     --> [0 0 1 0 1 0 1 0 1 1 1 1 0 1 1 0 0 1 0 1 1 1 0 0 0 0 1 1 1 0 0 0]
Reconstruido --> [0 0 1 0 1 0 1 0 1 1 1 1 0 1 1 0 0 1 0 1 1 1 0 0 0 0 1 1 1 0 0 1] | Precisión: 0.97
Distancia de Hamming: 1
--------------------------------------------------
Original     --> [1 0 1 0 1 0 1 0 1 0 1 1 0 1 1 1 0 0 1 1 0 1 0 0 0 1 1 1 0 1 0 1]
Reconstruido --> [1 0 1 0 1 0 1 0 1 0 1 1 0 1 1 1 0 0 1 1 0 1 0 0 0 1 1 1 0 1 0 1] | Precisión: 1.00
Distancia de Hamming: 0
--------------------------------------------------
Original     --> [1 0 1 0 1 1 0 1 1 1 1 1 1 0 1 1 0 0 0 1 0 0 1 0 0 1 0 1 1 0 1 0]
Reconstruido --> [1 0 1 0 1 1 0 1 1 1 1 1 1 0 1 1 0 0 0 1 0 0 1 0 0 1 0 1 1 0 1 0] | Precisión: 1.00
Distancia de Hamming: 0
--------------------------------------------------
Original     --> [1 0 1 0 1 0 0 1 1 1 0 0 1 0 0 1 0 0 0 1 0 0 1 1 0 1 1 1 0 1 0 1]
Reconstruido --> [1 0 1 0 1 0 0 1 1 1 0 0 1 0 0 1 0 0 0 1 0 0 1 1 0 1 1 1 0 1 0 1] | Precisión: 1.00
Distancia de Hamming: 0
--------------------------------------------------
Original     --> [1 1 0 0 1 1 1 0 0 0 0 1 0 1 0 0 1 0 1 1 1 1 0 1 1 1 1 1 0 1 1 0]
Reconstruido --> [1 1 0 0 1 1 1 0 0 0 0 1 1 0 0 0 1 0 1 1 1 1 0 1 1 0 1 1 0 1 1 0] | Precisión: 0.91
Distancia de Hamming: 3
--------------------------------------------------
La media de la precisión del descifrado es 0.9694
Distancia media de Hamming = 0.9788 | Número de bits: 32
Número de reconstrucciones perfectas = 5714



EVALUACIÓN CON 2100:

Original     --> [1 0 1 1 0 1 0 0 0 1 1 1 0 1 1 1 1 1 0 1 1 0 0 1 0 0 0 0 0 0 1 0]
Reconstruido --> [1 0 1 1 0 1 0 0 0 1 1 1 0 1 1 1 1 1 0 1 1 0 0 1 0 0 0 0 0 0 1 0] | Precisión: 1.00
Distancia de Hamming: 0
--------------------------------------------------
Original     --> [1 1 1 0 1 1 0 0 1 0 0 0 1 0 0 1 1 1 0 0 1 1 1 1 1 1 0 0 1 1 1 1]
Reconstruido --> [1 1 1 0 1 1 0 0 1 1 0 0 1 0 1 1 1 1 1 0 1 1 1 0 1 1 0 0 1 1 0 1] | Precisión: 0.84
Distancia de Hamming: 5
--------------------------------------------------
Original     --> [0 1 1 0 0 0 1 0 0 1 1 0 0 0 1 1 0 0 0 1 0 1 0 1 1 1 1 1 1 0 1 0]
Reconstruido --> [0 1 1 0 0 0 1 0 0 1 1 0 0 0 1 1 0 0 0 1 0 1 0 1 1 1 1 1 1 0 1 0] | Precisión: 1.00
Distancia de Hamming: 0
--------------------------------------------------
Original     --> [1 1 0 0 0 0 1 1 0 0 0 1 1 0 0 1 0 0 0 1 0 1 0 1 0 0 0 0 1 0 1 0]
Reconstruido --> [1 1 0 0 0 0 1 1 0 0 0 1 1 0 0 1 0 0 0 1 0 1 0 1 0 0 0 0 1 0 1 0] | Precisión: 1.00
Distancia de Hamming: 0
--------------------------------------------------
Original     --> [0 1 1 0 0 1 0 1 1 1 1 0 1 1 1 0 1 1 1 0 0 1 1 1 0 0 0 1 1 1 0 0]
Reconstruido --> [0 1 1 0 0 1 0 1 1 1 1 0 1 1 1 0 1 1 1 0 0 1 1 1 0 0 0 1 1 1 0 0] | Precisión: 1.00
Distancia de Hamming: 0
--------------------------------------------------
Original     --> [1 0 1 1 1 0 1 0 1 1 0 1 1 0 1 0 0 0 1 1 1 0 0 1 0 1 0 0 1 1 1 0]
Reconstruido --> [1 0 1 1 1 0 1 0 1 1 0 1 1 0 1 0 0 0 1 1 1 0 0 1 0 1 0 0 1 1 1 0] | Precisión: 1.00
Distancia de Hamming: 0
--------------------------------------------------
Original     --> [1 1 1 0 1 1 0 0 0 1 1 1 1 1 0 0 1 0 1 0 1 0 0 0 0 1 1 1 0 1 1 1]
Reconstruido --> [0 1 1 0 1 1 0 0 0 1 1 1 1 1 1 1 1 0 1 0 1 0 0 0 0 1 1 1 1 0 1 1] | Precisión: 0.84
Distancia de Hamming: 5
--------------------------------------------------
Original     --> [0 0 1 0 0 0 0 1 0 0 1 0 1 1 0 0 0 0 1 0 1 0 1 1 0 1 1 0 0 0 1 1]
Reconstruido --> [0 1 1 0 0 1 1 1 0 0 1 0 1 1 1 1 0 0 1 0 1 0 0 1 0 1 1 0 0 0 1 1] | Precisión: 0.81
Distancia de Hamming: 6
--------------------------------------------------
Original     --> [1 0 1 1 0 0 0 1 1 0 1 1 1 0 1 0 0 0 0 1 0 0 0 0 1 0 1 1 0 1 0 0]
Reconstruido --> [1 0 1 1 0 0 0 1 1 0 1 1 1 0 1 0 0 0 0 1 0 0 0 0 1 0 1 1 0 1 0 0] | Precisión: 1.00
Distancia de Hamming: 0
--------------------------------------------------
Original     --> [0 0 1 1 1 0 0 0 0 0 0 1 1 1 1 0 0 0 0 1 1 1 0 1 1 1 1 0 0 0 1 1]
Reconstruido --> [0 0 1 1 1 0 0 0 0 0 0 1 1 1 1 0 0 0 0 1 1 1 0 1 1 1 1 0 0 0 1 1] | Precisión: 1.00
Distancia de Hamming: 0
--------------------------------------------------
La media de la precisión del descifrado es 0.9572
Distancia media de Hamming = 1.3710 | Número de bits: 32
Número de reconstrucciones perfectas = 4431



EVALUACIÓN CON 2400:

Original     --> [1 1 0 1 1 1 1 1 0 0 1 1 1 0 0 1 1 0 0 1 0 1 0 0 1 0 1 0 0 1 0 1]
Reconstruido --> [1 1 0 1 1 1 1 1 0 0 1 1 1 0 0 1 1 0 0 1 0 1 0 0 1 0 1 0 0 1 0 1] | Precisión: 1.00
Distancia de Hamming: 0
--------------------------------------------------
Original     --> [0 1 1 1 1 1 0 1 0 1 1 0 1 0 0 0 1 0 0 1 0 1 0 0 1 0 0 0 1 0 0 1]
Reconstruido --> [0 1 1 1 1 1 0 1 0 1 1 0 1 0 0 0 1 0 0 1 0 1 0 1 1 0 0 0 1 0 0 1] | Precisión: 0.97
Distancia de Hamming: 1
--------------------------------------------------
Original     --> [0 0 1 1 0 0 1 1 1 0 1 0 0 0 1 1 0 1 0 0 1 0 1 0 0 0 0 0 1 1 1 0]
Reconstruido --> [0 0 1 1 0 0 1 1 1 0 1 0 0 0 1 1 0 1 0 0 1 0 1 0 0 0 0 0 1 1 1 0] | Precisión: 1.00
Distancia de Hamming: 0
--------------------------------------------------
Original     --> [0 1 0 0 1 1 0 0 1 1 0 0 0 0 1 0 1 0 0 1 0 0 0 0 0 1 0 1 0 0 0 0]
Reconstruido --> [0 1 0 0 1 1 0 0 1 1 0 0 0 0 1 0 1 0 0 1 0 0 0 0 0 1 0 1 0 0 0 0] | Precisión: 1.00
Distancia de Hamming: 0
--------------------------------------------------
Original     --> [0 0 1 1 0 1 1 0 0 0 1 0 0 0 0 0 0 1 0 1 1 1 0 0 0 1 1 0 1 1 0 0]
Reconstruido --> [0 1 0 1 0 1 1 0 0 0 0 1 0 0 0 0 0 1 0 1 0 1 0 0 0 1 1 0 1 0 0 0] | Precisión: 0.81
Distancia de Hamming: 6
--------------------------------------------------
Original     --> [0 1 0 1 1 1 1 1 1 1 0 1 0 1 0 0 1 0 0 0 1 1 1 0 0 0 1 1 1 1 0 1]
Reconstruido --> [0 1 0 1 1 1 1 1 1 1 0 1 0 1 0 0 1 0 0 0 1 1 1 0 0 0 1 1 1 1 0 1] | Precisión: 1.00
Distancia de Hamming: 0
--------------------------------------------------
Original     --> [0 1 0 1 0 0 0 0 0 1 0 0 1 0 0 0 0 1 1 1 1 0 1 0 1 1 1 1 1 1 0 1]
Reconstruido --> [0 1 0 1 0 0 0 0 0 1 0 0 1 1 0 0 0 1 1 1 1 0 1 0 1 1 1 1 1 1 0 1] | Precisión: 0.97
Distancia de Hamming: 1
--------------------------------------------------
Original     --> [0 1 1 1 1 1 0 1 1 0 0 0 0 0 0 1 1 1 1 0 0 1 0 0 1 1 0 1 0 1 0 1]
Reconstruido --> [0 1 1 1 1 1 0 1 1 0 0 0 0 0 0 1 1 1 1 0 0 1 0 0 1 1 1 1 0 1 0 1] | Precisión: 0.97
Distancia de Hamming: 1
--------------------------------------------------
Original     --> [1 1 1 1 0 0 0 1 1 1 0 1 0 0 0 1 0 0 1 0 1 0 0 0 1 1 1 1 1 1 0 1]
Reconstruido --> [1 1 1 1 0 0 0 1 1 1 0 1 0 0 0 1 0 0 1 0 1 0 0 0 1 1 1 1 1 1 0 1] | Precisión: 1.00
Distancia de Hamming: 0
--------------------------------------------------
Original     --> [1 0 0 0 0 0 1 0 0 0 0 0 1 1 1 1 1 1 1 1 0 0 1 1 0 0 0 1 0 0 1 1]
Reconstruido --> [1 0 0 0 0 0 1 0 0 0 0 0 1 0 1 1 1 1 1 1 0 0 1 1 0 0 0 1 0 0 1 1] | Precisión: 0.97
Distancia de Hamming: 1
--------------------------------------------------
La media de la precisión del descifrado es 0.9702
Distancia media de Hamming = 0.9543 | Número de bits: 32
Número de reconstrucciones perfectas = 5815



EVALUACIÓN CON 2700:

Original     --> [1 1 1 0 0 1 1 1 1 1 1 0 0 1 0 1 0 0 1 0 1 1 1 1 0 0 0 0 1 0 1 1]
Reconstruido --> [1 1 1 0 0 0 1 1 0 1 1 0 0 1 0 1 0 0 1 0 1 1 1 0 0 0 0 0 1 0 1 1] | Precisión: 0.91
Distancia de Hamming: 3
--------------------------------------------------
Original     --> [1 1 1 1 0 0 0 1 1 0 0 0 0 1 0 1 0 0 0 0 1 0 1 0 1 1 1 0 1 1 0 1]
Reconstruido --> [1 1 1 1 0 0 0 1 1 0 0 0 0 1 0 1 0 0 0 0 1 0 1 0 1 1 1 0 1 1 0 1] | Precisión: 1.00
Distancia de Hamming: 0
--------------------------------------------------
Original     --> [0 0 1 1 1 0 1 1 1 1 0 1 1 1 0 0 0 0 0 0 1 0 1 1 1 1 1 1 1 1 1 1]
Reconstruido --> [0 0 1 1 1 0 1 1 1 1 0 1 1 1 0 0 0 0 0 0 1 0 1 1 1 1 1 1 1 1 1 1] | Precisión: 1.00
Distancia de Hamming: 0
--------------------------------------------------
Original     --> [1 1 1 0 0 0 0 0 0 1 1 1 1 1 1 1 0 0 1 1 0 0 0 1 0 1 1 1 1 0 1 0]
Reconstruido --> [1 1 1 0 0 0 1 0 0 1 1 1 1 1 1 1 0 0 1 1 0 0 0 1 0 1 1 1 1 0 1 0] | Precisión: 0.97
Distancia de Hamming: 1
--------------------------------------------------
Original     --> [1 0 1 1 1 0 0 0 0 0 0 0 0 0 0 0 0 1 1 0 1 1 0 0 0 1 0 1 0 0 0 1]
Reconstruido --> [1 0 1 1 1 0 0 0 0 0 0 0 0 0 0 1 0 1 1 0 1 1 0 1 0 1 0 1 0 0 0 1] | Precisión: 0.94
Distancia de Hamming: 2
--------------------------------------------------
Original     --> [0 0 1 1 0 0 0 0 1 0 0 1 0 1 1 1 0 1 1 1 0 0 1 1 0 0 0 0 1 0 1 1]
Reconstruido --> [0 0 0 1 0 0 0 1 1 0 0 1 0 0 1 1 0 1 1 1 0 0 1 1 0 0 0 0 1 0 1 1] | Precisión: 0.91
Distancia de Hamming: 3
--------------------------------------------------
Original     --> [1 1 1 0 1 0 1 1 1 0 0 0 0 0 1 1 1 0 0 0 0 0 0 1 1 0 1 0 0 1 0 1]
Reconstruido --> [1 1 1 0 1 0 1 1 1 0 0 0 0 0 1 1 1 0 0 0 0 0 0 1 1 0 1 0 0 1 0 1] | Precisión: 1.00
Distancia de Hamming: 0
--------------------------------------------------
Original     --> [1 1 0 0 0 1 0 1 0 0 1 1 1 0 1 0 0 1 1 1 1 1 0 1 1 1 1 1 0 1 0 1]
Reconstruido --> [1 1 0 0 0 1 0 1 0 0 1 1 1 0 1 0 0 1 1 1 1 1 0 1 1 1 1 1 0 1 0 1] | Precisión: 1.00
Distancia de Hamming: 0
--------------------------------------------------
Original     --> [1 0 0 1 1 1 1 0 1 0 1 0 0 1 0 0 1 0 0 1 1 1 1 1 0 1 1 0 1 0 1 1]
Reconstruido --> [1 0 0 1 1 1 1 0 1 0 1 0 0 1 0 0 1 0 0 1 1 1 1 1 0 1 1 0 1 0 1 1] | Precisión: 1.00
Distancia de Hamming: 0
--------------------------------------------------
Original     --> [1 0 0 0 0 1 0 1 0 1 0 1 1 1 0 1 1 1 0 0 1 1 1 1 1 0 1 0 0 1 0 0]
Reconstruido --> [1 0 0 0 0 1 0 1 0 1 0 1 1 1 0 1 1 1 0 0 1 1 1 1 1 0 1 0 0 1 0 0] | Precisión: 1.00
Distancia de Hamming: 0
--------------------------------------------------
La media de la precisión del descifrado es 0.9755
Distancia media de Hamming = 0.7852 | Número de bits: 32
Número de reconstrucciones perfectas = 6355



EVALUACIÓN CON 3000:

Original     --> [0 0 1 1 0 1 1 1 1 1 1 0 1 1 0 1 1 1 0 0 1 0 1 0 1 0 1 0 1 1 0 1]
Reconstruido --> [0 0 1 1 0 1 1 1 1 1 1 0 1 1 0 1 1 1 0 0 1 0 1 0 1 0 1 0 1 1 0 1] | Precisión: 1.00
Distancia de Hamming: 0
--------------------------------------------------
Original     --> [1 0 0 0 1 1 1 1 1 1 0 1 1 1 1 0 1 1 1 0 1 1 1 1 1 1 0 0 1 1 0 0]
Reconstruido --> [1 0 0 0 1 1 1 1 1 1 0 1 1 1 1 0 1 1 1 0 1 1 1 1 1 1 0 0 1 1 0 0] | Precisión: 1.00
Distancia de Hamming: 0
--------------------------------------------------
Original     --> [1 0 0 0 0 0 0 1 1 1 0 1 0 1 1 1 1 1 1 0 1 1 1 0 1 1 1 1 1 1 0 0]
Reconstruido --> [1 0 0 0 0 0 0 1 1 1 0 1 0 1 1 1 1 1 1 0 1 1 1 0 1 1 1 1 1 1 0 0] | Precisión: 1.00
Distancia de Hamming: 0
--------------------------------------------------
Original     --> [1 0 1 1 0 1 1 1 0 0 1 0 1 1 0 0 0 0 0 1 0 1 0 1 1 1 1 0 1 0 0 0]
Reconstruido --> [1 0 1 1 0 1 1 1 0 0 1 0 1 1 0 0 0 0 0 1 0 1 0 1 1 1 1 0 1 0 0 0] | Precisión: 1.00
Distancia de Hamming: 0
--------------------------------------------------
Original     --> [0 1 1 1 0 1 1 0 0 1 0 1 1 1 1 0 1 1 0 1 0 0 0 0 1 0 1 1 0 1 0 1]
Reconstruido --> [0 1 1 1 0 1 1 0 0 1 0 1 1 1 1 0 1 1 0 1 0 0 0 0 1 0 1 1 0 1 0 1] | Precisión: 1.00
Distancia de Hamming: 0
--------------------------------------------------
Original     --> [0 1 1 1 0 1 0 1 1 1 0 0 1 0 1 1 0 1 0 1 1 0 1 0 1 0 1 0 1 1 1 1]
Reconstruido --> [1 0 1 1 0 1 1 1 1 1 0 1 1 0 1 1 0 1 0 1 1 0 1 0 1 0 1 0 1 1 1 1] | Precisión: 0.88
Distancia de Hamming: 4
--------------------------------------------------
Original     --> [0 0 0 0 1 0 0 1 1 0 0 0 1 1 1 0 0 1 0 0 1 0 1 0 0 0 1 0 1 1 0 0]
Reconstruido --> [0 0 0 0 0 0 1 1 1 0 0 0 1 1 1 0 0 0 0 0 1 0 1 0 0 0 1 0 1 1 0 0] | Precisión: 0.91
Distancia de Hamming: 3
--------------------------------------------------
Original     --> [1 1 0 1 0 0 1 0 1 1 0 0 1 1 0 0 0 1 0 0 0 0 1 1 1 1 0 1 0 1 0 0]
Reconstruido --> [1 1 0 1 0 0 1 0 1 1 0 0 1 1 0 0 0 1 0 0 0 0 1 1 1 1 0 1 0 1 0 0] | Precisión: 1.00
Distancia de Hamming: 0
--------------------------------------------------
Original     --> [0 0 1 1 0 1 1 1 0 1 1 0 0 0 1 1 0 0 0 0 1 0 1 0 1 1 1 0 1 0 1 1]
Reconstruido --> [0 0 1 1 0 1 1 1 0 1 1 0 0 0 1 1 0 0 0 0 1 0 1 0 1 1 1 0 1 0 1 1] | Precisión: 1.00
Distancia de Hamming: 0
--------------------------------------------------
Original     --> [1 1 1 0 1 0 0 1 1 0 1 0 0 0 1 1 0 1 1 0 1 1 0 0 1 1 0 0 1 1 1 1]
Reconstruido --> [1 1 1 0 1 0 0 1 1 0 1 0 0 0 1 1 0 1 1 0 1 1 0 0 1 1 0 0 1 1 1 1] | Precisión: 1.00
Distancia de Hamming: 0
--------------------------------------------------
La media de la precisión del descifrado es 0.9703
Distancia media de Hamming = 0.9507 | Número de bits: 32
Número de reconstrucciones perfectas = 5882



EVALUACIÓN CON 3300:

Original     --> [0 0 1 1 1 1 0 0 1 1 1 0 0 1 0 1 0 0 1 1 0 0 1 0 0 0 0 0 1 1 1 0]
Reconstruido --> [0 0 1 1 1 1 0 0 1 1 1 0 0 1 0 1 0 0 1 1 0 0 1 0 0 0 0 0 1 1 1 0] | Precisión: 1.00
Distancia de Hamming: 0
--------------------------------------------------
Original     --> [1 0 0 0 1 0 0 1 0 1 0 1 1 1 1 0 0 0 0 1 1 0 0 1 0 0 1 1 1 0 0 0]
Reconstruido --> [1 0 0 0 1 0 0 1 0 1 0 1 1 1 1 0 0 0 0 1 1 0 0 1 0 0 1 1 1 0 0 0] | Precisión: 1.00
Distancia de Hamming: 0
--------------------------------------------------
Original     --> [1 0 0 0 1 1 1 0 1 0 1 0 0 1 1 1 0 1 1 1 1 0 0 0 0 1 1 1 0 1 0 0]
Reconstruido --> [1 0 0 0 1 1 1 0 1 0 1 0 0 1 1 1 0 1 1 1 1 0 0 0 0 1 1 1 0 1 0 0] | Precisión: 1.00
Distancia de Hamming: 0
--------------------------------------------------
Original     --> [0 1 0 1 0 1 0 0 0 1 0 0 0 0 0 1 0 1 1 1 1 0 0 1 1 0 0 1 1 1 0 0]
Reconstruido --> [0 1 0 1 0 1 0 0 0 1 0 0 0 0 0 0 0 1 1 1 1 0 0 1 1 0 0 1 1 1 0 0] | Precisión: 0.97
Distancia de Hamming: 1
--------------------------------------------------
Original     --> [1 0 1 1 1 1 1 0 1 1 1 0 0 0 1 0 0 0 1 1 1 1 0 0 0 0 1 1 1 0 1 1]
Reconstruido --> [1 0 1 1 1 1 1 0 1 1 1 0 0 0 1 0 0 0 1 1 1 1 0 0 0 0 1 1 1 0 1 1] | Precisión: 1.00
Distancia de Hamming: 0
--------------------------------------------------
Original     --> [0 1 1 0 1 1 1 0 0 1 0 0 1 0 1 0 0 1 0 0 0 0 0 0 1 0 0 0 1 1 0 1]
Reconstruido --> [0 1 1 0 1 1 1 0 0 1 0 0 1 0 1 0 0 1 0 0 0 0 0 0 1 0 0 0 1 1 0 1] | Precisión: 1.00
Distancia de Hamming: 0
--------------------------------------------------
Original     --> [0 1 0 1 0 1 1 0 1 0 1 1 0 0 0 0 0 0 1 1 0 0 1 0 1 0 0 1 0 0 1 1]
Reconstruido --> [0 1 0 1 0 1 1 0 1 0 1 1 0 0 0 0 0 0 1 1 0 0 1 0 1 0 0 1 0 0 1 1] | Precisión: 1.00
Distancia de Hamming: 0
--------------------------------------------------
Original     --> [1 1 1 1 1 0 0 0 0 1 0 1 0 1 0 0 0 1 1 1 0 0 1 1 1 0 0 1 1 0 1 1]
Reconstruido --> [1 1 1 1 1 0 0 0 0 1 0 1 0 0 0 0 0 1 1 1 0 0 1 1 1 0 0 1 1 0 1 0] | Precisión: 0.94
Distancia de Hamming: 2
--------------------------------------------------
Original     --> [0 0 1 1 1 1 1 1 0 1 0 0 1 0 1 0 0 1 1 1 0 1 0 0 1 1 0 0 1 0 0 0]
Reconstruido --> [0 0 1 1 1 1 1 1 0 1 0 0 1 0 1 0 0 1 1 1 0 1 0 0 1 1 0 0 1 0 0 0] | Precisión: 1.00
Distancia de Hamming: 0
--------------------------------------------------
Original     --> [1 1 0 1 0 0 1 0 1 0 0 1 0 0 0 0 0 1 1 1 1 0 0 1 1 1 0 1 0 0 0 1]
Reconstruido --> [1 1 0 1 0 0 1 0 1 0 0 1 0 0 0 0 0 1 1 1 1 0 1 1 1 1 0 1 0 0 0 1] | Precisión: 0.97
Distancia de Hamming: 1
--------------------------------------------------
La media de la precisión del descifrado es 0.9687
Distancia media de Hamming = 1.0017 | Número de bits: 32
Número de reconstrucciones perfectas = 5702



EVALUACIÓN CON 3600:

Original     --> [0 0 1 1 0 1 1 1 1 1 0 0 0 1 0 0 1 1 1 1 0 1 1 0 0 0 0 1 1 0 1 0]
Reconstruido --> [0 0 1 1 0 1 1 1 1 1 0 0 0 1 0 0 1 1 1 1 0 1 1 0 0 0 0 1 1 0 1 0] | Precisión: 1.00
Distancia de Hamming: 0
--------------------------------------------------
Original     --> [0 1 1 1 0 0 0 0 0 0 0 1 1 1 0 1 0 1 0 0 1 0 1 0 0 0 0 1 1 1 0 1]
Reconstruido --> [0 1 1 1 0 0 0 0 0 0 0 1 1 1 0 1 0 1 0 0 1 0 1 0 0 0 0 1 1 1 0 1] | Precisión: 1.00
Distancia de Hamming: 0
--------------------------------------------------
Original     --> [0 1 1 1 1 1 1 0 1 0 1 0 1 0 0 1 1 1 0 0 0 0 0 0 1 1 1 0 1 1 0 1]
Reconstruido --> [0 1 1 1 1 1 1 0 1 0 1 0 1 0 0 1 1 1 0 0 0 0 0 0 1 1 1 0 1 1 0 1] | Precisión: 1.00
Distancia de Hamming: 0
--------------------------------------------------
Original     --> [1 1 1 1 0 0 1 0 0 1 1 0 0 1 1 1 0 1 1 1 1 1 0 1 1 0 0 0 1 1 1 1]
Reconstruido --> [1 1 1 1 0 0 1 0 0 1 1 0 0 1 1 1 0 1 1 1 1 1 0 1 1 0 0 0 1 1 1 1] | Precisión: 1.00
Distancia de Hamming: 0
--------------------------------------------------
Original     --> [1 0 1 0 1 1 1 1 0 0 0 1 1 1 0 1 1 0 1 1 1 0 1 0 0 0 0 1 0 1 0 0]
Reconstruido --> [1 0 1 0 1 1 1 1 0 0 0 1 1 1 0 1 1 0 1 1 1 0 1 0 0 0 0 1 0 1 0 0] | Precisión: 1.00
Distancia de Hamming: 0
--------------------------------------------------
Original     --> [0 0 1 1 1 0 0 1 0 0 0 0 0 0 1 1 0 0 1 1 0 1 0 1 0 0 0 1 1 0 1 0]
Reconstruido --> [0 0 1 1 0 0 0 1 0 0 0 0 0 0 1 1 0 0 1 1 0 1 0 1 0 0 0 1 1 0 1 0] | Precisión: 0.97
Distancia de Hamming: 1
--------------------------------------------------
Original     --> [1 0 1 1 1 1 0 1 1 1 0 1 0 1 0 0 1 0 1 1 0 0 1 1 0 0 0 1 1 0 0 1]
Reconstruido --> [1 0 1 1 1 1 0 1 1 1 0 1 0 1 0 0 1 0 1 1 0 0 1 1 0 0 0 1 0 0 0 1] | Precisión: 0.97
Distancia de Hamming: 1
--------------------------------------------------
Original     --> [0 1 1 0 0 1 0 1 0 1 1 0 1 1 0 0 1 0 1 0 1 1 0 0 1 1 1 1 1 0 0 1]
Reconstruido --> [0 1 1 0 0 1 0 1 0 1 1 0 1 1 0 0 1 0 1 0 1 1 0 0 1 1 1 1 1 0 0 1] | Precisión: 1.00
Distancia de Hamming: 0
--------------------------------------------------
Original     --> [1 1 1 1 1 1 1 0 0 1 0 0 0 1 0 1 1 1 0 1 1 0 1 1 0 0 0 0 1 0 1 0]
Reconstruido --> [1 1 1 1 1 1 1 0 0 1 0 0 0 1 0 1 1 1 0 1 1 0 1 1 0 0 0 0 1 0 1 0] | Precisión: 1.00
Distancia de Hamming: 0
--------------------------------------------------
Original     --> [0 0 0 1 1 0 1 0 1 1 0 1 0 1 0 1 0 0 1 0 0 1 1 1 0 0 0 0 1 1 0 0]
Reconstruido --> [0 0 0 1 1 0 1 0 1 1 0 1 0 1 0 1 0 0 1 0 0 1 1 1 0 0 0 0 1 1 0 0] | Precisión: 1.00
Distancia de Hamming: 0
--------------------------------------------------
La media de la precisión del descifrado es 0.9893
Distancia media de Hamming = 0.3433 | Número de bits: 32
Número de reconstrucciones perfectas = 8336



EVALUACIÓN CON 3900:

Original     --> [0 1 1 1 1 0 1 1 1 1 0 0 0 1 1 0 1 0 0 1 1 0 1 0 1 1 0 1 0 1 0 1]
Reconstruido --> [0 1 1 1 1 0 1 1 1 1 0 0 1 1 1 0 1 0 0 1 1 0 1 0 1 1 0 1 0 1 0 1] | Precisión: 0.97
Distancia de Hamming: 1
--------------------------------------------------
Original     --> [0 0 0 0 0 1 0 1 0 1 0 1 0 1 0 0 0 0 0 0 1 0 0 1 1 1 0 1 0 0 1 1]
Reconstruido --> [0 0 0 0 0 1 0 1 0 1 0 1 0 1 0 0 0 0 0 0 1 0 0 1 1 1 0 1 0 0 1 1] | Precisión: 1.00
Distancia de Hamming: 0
--------------------------------------------------
Original     --> [0 1 0 1 1 0 1 0 0 1 1 1 1 0 1 1 0 0 0 0 0 1 0 0 0 1 1 1 1 0 1 0]
Reconstruido --> [0 1 0 1 1 0 1 0 0 1 1 1 1 0 1 1 0 0 0 0 0 1 0 0 0 1 1 1 1 0 1 0] | Precisión: 1.00
Distancia de Hamming: 0
--------------------------------------------------
Original     --> [1 0 0 0 1 1 1 0 0 1 1 0 0 0 1 0 1 0 0 0 1 1 1 1 0 0 0 0 0 1 1 1]
Reconstruido --> [1 0 0 0 1 1 1 0 0 1 1 0 0 0 1 0 1 0 0 0 1 1 1 1 0 0 0 0 0 1 1 1] | Precisión: 1.00
Distancia de Hamming: 0
--------------------------------------------------
Original     --> [1 1 1 0 0 1 1 0 1 0 0 1 1 0 1 0 1 1 0 0 1 0 0 1 0 0 1 0 1 0 1 0]
Reconstruido --> [1 1 1 0 0 1 1 0 1 0 0 1 1 0 1 0 1 1 0 0 1 0 0 1 0 0 1 0 1 0 1 0] | Precisión: 1.00
Distancia de Hamming: 0
--------------------------------------------------
Original     --> [1 0 1 0 1 0 1 0 1 1 0 1 1 1 0 1 0 1 0 1 0 1 0 1 1 0 0 1 1 0 0 1]
Reconstruido --> [1 0 1 0 1 0 1 0 1 1 0 1 1 1 0 1 0 1 0 1 0 1 0 1 1 0 0 1 1 0 0 1] | Precisión: 1.00
Distancia de Hamming: 0
--------------------------------------------------
Original     --> [0 0 1 1 1 0 0 1 1 1 0 0 1 1 1 0 1 0 1 1 0 1 1 1 0 0 0 0 1 1 0 1]
Reconstruido --> [0 0 1 1 1 0 0 1 1 1 0 0 1 1 1 0 1 0 1 1 0 1 1 1 0 0 0 0 1 1 0 1] | Precisión: 1.00
Distancia de Hamming: 0
--------------------------------------------------
Original     --> [0 0 0 1 0 1 0 1 0 1 0 1 0 1 0 1 1 0 0 1 1 0 1 1 1 0 0 1 0 1 0 0]
Reconstruido --> [0 0 0 1 0 1 0 1 1 1 0 1 0 1 0 1 1 0 0 1 1 0 1 1 1 1 0 1 0 0 0 0] | Precisión: 0.91
Distancia de Hamming: 3
--------------------------------------------------
Original     --> [1 1 1 1 0 1 1 1 0 0 1 0 0 1 1 0 0 1 0 1 0 1 1 1 0 1 1 0 0 0 1 0]
Reconstruido --> [1 1 1 1 0 1 1 1 0 0 1 0 0 1 1 0 0 1 0 1 0 1 1 1 0 1 1 0 0 0 1 0] | Precisión: 1.00
Distancia de Hamming: 0
--------------------------------------------------
Original     --> [0 0 0 1 0 0 1 0 0 0 0 1 0 1 1 0 0 0 1 1 0 1 1 0 1 1 0 0 0 1 0 1]
Reconstruido --> [1 0 0 1 0 0 1 0 0 0 0 1 0 1 1 0 0 0 1 1 0 1 1 0 1 1 0 0 0 1 0 1] | Precisión: 0.97
Distancia de Hamming: 1
--------------------------------------------------
La media de la precisión del descifrado es 0.9803
Distancia media de Hamming = 0.6307 | Número de bits: 32
Número de reconstrucciones perfectas = 7127



EVALUACIÓN CON 4200:

Original     --> [1 0 0 0 0 0 0 1 1 1 1 0 0 1 0 1 0 0 0 1 0 1 0 0 0 0 1 1 1 1 0 1]
Reconstruido --> [1 0 0 1 0 0 0 1 1 1 0 0 0 1 0 1 0 0 0 0 0 1 0 0 0 0 1 1 1 1 0 1] | Precisión: 0.91
Distancia de Hamming: 3
--------------------------------------------------
Original     --> [0 0 0 0 0 1 1 0 0 1 1 1 0 0 1 1 0 0 1 0 1 0 1 1 1 0 1 0 0 1 1 0]
Reconstruido --> [0 0 0 0 0 1 1 0 0 1 1 1 0 0 1 1 0 0 1 0 1 0 1 1 1 0 1 0 0 1 1 0] | Precisión: 1.00
Distancia de Hamming: 0
--------------------------------------------------
Original     --> [0 1 0 0 0 0 1 1 1 0 1 1 1 0 0 0 1 1 1 1 1 1 0 1 0 0 0 1 0 1 1 1]
Reconstruido --> [0 1 0 0 0 0 1 1 1 0 0 1 1 0 0 0 1 1 1 0 1 1 0 1 0 0 0 1 0 1 1 1] | Precisión: 0.94
Distancia de Hamming: 2
--------------------------------------------------
Original     --> [1 0 1 0 0 1 0 0 0 0 1 0 0 0 1 0 0 0 0 1 1 1 1 1 1 1 1 0 0 0 0 0]
Reconstruido --> [1 0 1 0 0 1 0 0 0 0 1 0 0 0 1 0 0 0 0 1 1 1 1 1 1 1 1 0 0 0 0 0] | Precisión: 1.00
Distancia de Hamming: 0
--------------------------------------------------
Original     --> [0 1 0 0 1 0 1 0 1 0 1 1 0 0 0 0 1 1 0 0 1 0 1 1 1 0 0 1 1 1 1 0]
Reconstruido --> [0 1 0 0 1 0 1 0 1 0 1 1 0 0 0 0 1 1 0 0 1 0 1 1 1 0 0 1 1 1 1 0] | Precisión: 1.00
Distancia de Hamming: 0
--------------------------------------------------
Original     --> [0 1 1 0 0 0 0 0 1 1 1 0 0 0 0 0 1 1 0 0 1 0 1 0 1 0 1 0 1 0 1 0]
Reconstruido --> [0 1 1 0 0 0 0 0 1 1 1 0 0 0 0 0 1 1 0 0 1 0 1 0 1 0 1 0 1 0 1 0] | Precisión: 1.00
Distancia de Hamming: 0
--------------------------------------------------
Original     --> [0 0 0 1 1 1 0 1 1 0 1 0 0 1 0 0 1 1 1 1 1 0 1 1 0 1 0 1 0 1 1 1]
Reconstruido --> [0 0 0 1 1 1 0 1 1 0 1 0 0 1 0 0 1 1 1 1 1 0 1 1 0 1 0 1 0 1 1 1] | Precisión: 1.00
Distancia de Hamming: 0
--------------------------------------------------
Original     --> [0 1 1 1 0 0 0 1 1 0 1 1 0 0 0 1 1 0 0 0 0 1 0 1 0 0 1 1 1 1 1 1]
Reconstruido --> [0 1 1 1 0 0 0 1 1 0 1 1 0 0 0 1 1 0 0 0 0 1 0 1 0 0 1 1 1 1 1 1] | Precisión: 1.00
Distancia de Hamming: 0
--------------------------------------------------
Original     --> [0 0 0 1 1 1 1 0 1 0 0 0 0 1 0 1 0 0 0 1 1 0 0 0 0 0 1 1 1 1 1 1]
Reconstruido --> [0 0 0 1 1 1 1 0 1 0 0 0 0 1 0 1 0 0 0 1 1 0 0 0 0 0 1 1 1 1 1 1] | Precisión: 1.00
Distancia de Hamming: 0
--------------------------------------------------
Original     --> [1 0 0 1 0 0 0 0 0 0 1 1 1 1 1 1 0 1 0 0 1 1 0 1 1 0 0 1 1 1 0 0]
Reconstruido --> [1 0 0 1 0 0 0 0 0 0 1 1 1 1 1 1 0 1 0 0 1 1 0 1 1 0 0 1 1 1 0 0] | Precisión: 1.00
Distancia de Hamming: 0
--------------------------------------------------
La media de la precisión del descifrado es 0.9805
Distancia media de Hamming = 0.6233 | Número de bits: 32
Número de reconstrucciones perfectas = 7354



EVALUACIÓN CON 4500:

Original     --> [1 1 0 1 1 0 0 0 0 0 0 0 0 1 0 1 0 0 1 1 0 1 0 0 1 1 1 1 0 0 1 1]
Reconstruido --> [1 1 0 1 1 0 0 0 0 0 1 1 0 0 0 1 0 0 1 1 0 1 0 0 1 1 1 1 0 0 1 1] | Precisión: 0.91
Distancia de Hamming: 3
--------------------------------------------------
Original     --> [0 1 0 1 0 1 0 0 1 0 0 1 0 1 1 0 0 0 0 0 0 0 1 0 0 1 0 1 0 1 1 1]
Reconstruido --> [0 1 0 1 0 1 0 0 1 0 0 1 0 1 1 0 0 0 0 0 0 0 1 0 0 1 0 1 0 1 1 1] | Precisión: 1.00
Distancia de Hamming: 0
--------------------------------------------------
Original     --> [1 1 0 0 0 1 0 1 0 1 1 1 1 0 1 1 1 1 0 1 0 0 1 0 0 1 0 1 0 1 0 1]
Reconstruido --> [1 1 0 0 0 1 0 1 0 1 1 1 1 0 1 1 1 1 0 1 0 0 1 0 0 1 0 1 0 1 0 1] | Precisión: 1.00
Distancia de Hamming: 0
--------------------------------------------------
Original     --> [1 1 1 1 0 1 0 1 0 1 1 1 1 1 1 1 1 1 1 0 0 0 1 0 0 0 0 0 1 1 0 1]
Reconstruido --> [1 1 1 1 0 1 0 1 0 1 1 1 1 1 1 1 1 1 1 0 0 0 1 0 0 0 0 0 1 1 0 1] | Precisión: 1.00
Distancia de Hamming: 0
--------------------------------------------------
Original     --> [1 0 1 1 1 0 1 1 0 0 1 0 1 0 1 1 0 0 1 0 1 0 0 0 1 0 0 1 0 1 1 1]
Reconstruido --> [1 0 1 1 1 0 1 1 0 0 1 0 1 0 1 1 0 0 1 0 1 0 0 0 1 0 0 1 0 1 1 1] | Precisión: 1.00
Distancia de Hamming: 0
--------------------------------------------------
Original     --> [1 0 0 1 1 1 1 0 0 0 0 0 0 1 1 1 0 1 0 0 1 1 1 0 0 0 1 1 0 0 1 0]
Reconstruido --> [1 0 0 1 1 1 1 0 0 0 0 0 0 1 1 1 0 1 0 0 1 1 1 0 0 0 1 1 0 0 1 0] | Precisión: 1.00
Distancia de Hamming: 0
--------------------------------------------------
Original     --> [0 0 0 1 1 0 0 1 0 0 1 0 0 0 0 0 0 0 1 1 1 1 0 1 0 0 1 0 1 0 0 1]
Reconstruido --> [0 0 0 1 1 0 0 1 0 0 1 0 0 0 0 0 0 0 1 1 1 1 0 1 0 0 1 0 1 0 0 1] | Precisión: 1.00
Distancia de Hamming: 0
--------------------------------------------------
Original     --> [1 0 0 1 1 1 1 1 0 1 1 0 1 1 1 0 1 1 0 0 1 0 1 0 0 0 0 0 1 1 1 1]
Reconstruido --> [1 0 0 1 1 1 1 1 0 1 1 0 1 1 1 0 1 1 0 0 1 0 1 0 0 0 0 0 1 1 1 1] | Precisión: 1.00
Distancia de Hamming: 0
--------------------------------------------------
Original     --> [0 0 1 1 0 0 0 1 1 0 1 1 0 1 1 1 1 1 1 1 0 1 1 0 0 0 1 0 1 1 0 1]
Reconstruido --> [0 0 1 1 0 0 0 1 1 0 1 1 0 1 1 1 1 1 1 1 0 1 1 0 0 0 1 0 1 1 0 1] | Precisión: 1.00
Distancia de Hamming: 0
--------------------------------------------------
Original     --> [1 0 1 0 0 0 0 0 1 0 0 1 1 0 1 1 0 1 1 1 1 0 0 0 1 1 0 0 0 1 0 0]
Reconstruido --> [1 1 1 0 0 0 0 0 1 0 0 1 0 0 1 1 0 1 1 1 1 0 0 0 1 1 0 0 0 1 0 0] | Precisión: 0.94
Distancia de Hamming: 2
--------------------------------------------------
La media de la precisión del descifrado es 0.9813
Distancia media de Hamming = 0.5994 | Número de bits: 32
Número de reconstrucciones perfectas = 7333



EVALUACIÓN CON 4800:

Original     --> [1 1 1 1 0 1 1 0 0 1 0 0 0 0 1 0 0 1 1 0 0 1 1 0 0 1 1 1 1 0 1 1]
Reconstruido --> [1 1 1 1 0 1 1 0 0 1 0 0 0 0 1 0 0 1 1 0 0 1 1 0 0 1 1 1 1 0 1 1] | Precisión: 1.00
Distancia de Hamming: 0
--------------------------------------------------
Original     --> [0 0 1 0 0 0 1 0 0 0 0 0 1 0 0 0 0 1 1 0 0 1 0 0 0 1 1 1 0 1 1 0]
Reconstruido --> [0 0 1 0 0 0 1 0 0 0 0 0 1 0 0 0 0 1 1 0 0 1 0 0 0 1 1 1 0 1 1 0] | Precisión: 1.00
Distancia de Hamming: 0
--------------------------------------------------
Original     --> [0 0 1 0 0 1 0 1 0 1 0 0 0 0 1 1 0 0 1 1 0 0 0 0 0 0 1 1 1 0 0 1]
Reconstruido --> [0 0 1 0 0 1 0 1 0 1 0 0 0 0 1 1 0 0 1 1 0 0 0 0 0 0 1 1 1 0 0 1] | Precisión: 1.00
Distancia de Hamming: 0
--------------------------------------------------
Original     --> [0 0 1 0 0 0 0 0 1 1 1 1 1 1 1 0 0 0 1 0 0 0 0 1 1 0 0 0 1 0 1 0]
Reconstruido --> [0 0 1 0 0 0 0 0 1 1 1 1 1 1 1 0 0 0 1 0 0 0 0 1 1 0 0 0 1 0 1 0] | Precisión: 1.00
Distancia de Hamming: 0
--------------------------------------------------
Original     --> [1 0 0 1 1 1 1 1 1 0 1 0 0 1 1 1 0 1 0 0 0 1 0 1 1 0 1 0 0 0 1 1]
Reconstruido --> [1 0 0 1 1 1 1 1 1 0 1 0 0 1 1 1 0 1 0 0 0 1 0 1 1 0 1 0 0 0 1 1] | Precisión: 1.00
Distancia de Hamming: 0
--------------------------------------------------
Original     --> [0 1 1 1 0 0 0 0 0 1 1 1 1 1 1 1 0 1 0 0 0 0 0 1 0 1 1 1 1 1 0 1]
Reconstruido --> [0 1 1 1 0 0 0 0 0 1 1 1 1 1 1 1 0 1 0 0 0 0 0 1 0 1 1 1 1 1 0 1] | Precisión: 1.00
Distancia de Hamming: 0
--------------------------------------------------
Original     --> [1 0 1 0 1 0 0 0 0 1 1 1 1 0 0 0 1 0 0 1 1 0 1 0 0 0 0 0 1 1 0 0]
Reconstruido --> [1 0 1 0 1 0 0 0 0 1 1 1 1 0 0 0 1 0 0 0 1 0 1 0 0 0 0 1 1 1 0 0] | Precisión: 0.94
Distancia de Hamming: 2
--------------------------------------------------
Original     --> [1 1 1 0 0 0 1 1 0 1 1 1 0 0 1 0 0 1 1 1 1 1 0 1 0 0 1 0 0 0 0 1]
Reconstruido --> [1 1 1 0 0 0 1 1 0 1 1 1 0 0 1 0 0 1 1 1 1 1 0 1 0 0 1 0 0 0 0 1] | Precisión: 1.00
Distancia de Hamming: 0
--------------------------------------------------
Original     --> [0 1 0 0 0 0 0 1 1 0 1 1 0 1 1 1 1 1 0 0 1 0 0 1 1 0 0 0 1 1 0 0]
Reconstruido --> [0 1 0 0 0 0 0 1 1 0 1 1 0 1 1 1 1 1 0 0 1 0 0 1 1 0 0 0 1 1 0 0] | Precisión: 1.00
Distancia de Hamming: 0
--------------------------------------------------
Original     --> [1 1 0 1 1 1 1 0 1 0 1 1 0 0 0 0 1 0 1 1 0 1 0 0 1 0 0 1 1 0 1 0]
Reconstruido --> [1 1 0 1 1 1 1 0 1 0 1 1 0 0 0 0 1 0 1 1 0 1 0 0 1 0 0 1 1 0 1 0] | Precisión: 1.00
Distancia de Hamming: 0
--------------------------------------------------
La media de la precisión del descifrado es 0.9888
Distancia media de Hamming = 0.3590 | Número de bits: 32
Número de reconstrucciones perfectas = 8303



EVALUACIÓN CON 5100:

Original     --> [0 1 0 0 0 0 0 0 0 1 1 0 1 0 0 0 1 0 0 1 1 1 1 0 1 1 0 0 1 1 0 0]
Reconstruido --> [0 1 0 0 0 0 0 0 0 1 1 0 1 0 0 0 1 0 0 1 1 1 1 0 1 1 0 0 1 1 0 0] | Precisión: 1.00
Distancia de Hamming: 0
--------------------------------------------------
Original     --> [1 1 0 0 0 0 1 0 1 0 1 1 0 0 0 1 0 1 1 1 1 0 1 1 1 1 0 0 1 1 0 0]
Reconstruido --> [1 1 0 0 0 0 1 0 1 0 1 1 0 0 0 1 0 1 1 1 1 0 1 1 1 1 0 0 1 1 0 0] | Precisión: 1.00
Distancia de Hamming: 0
--------------------------------------------------
Original     --> [0 1 0 0 1 1 0 1 0 1 1 0 1 0 0 0 1 1 1 0 0 0 0 1 1 1 0 0 0 1 1 0]
Reconstruido --> [0 1 0 0 1 1 0 1 0 1 1 0 1 0 0 0 1 1 1 0 0 0 0 1 1 1 0 0 0 1 1 0] | Precisión: 1.00
Distancia de Hamming: 0
--------------------------------------------------
Original     --> [0 1 1 0 1 1 0 1 1 1 1 0 0 0 0 0 1 1 1 1 1 1 0 1 0 0 0 0 0 0 0 1]
Reconstruido --> [0 1 1 0 1 1 0 1 1 1 1 0 0 0 0 0 1 1 1 1 1 1 0 1 0 0 0 0 0 0 0 1] | Precisión: 1.00
Distancia de Hamming: 0
--------------------------------------------------
Original     --> [1 0 0 1 1 1 1 1 0 1 1 0 0 0 1 0 0 0 1 1 0 0 1 0 0 1 1 1 1 1 0 1]
Reconstruido --> [1 0 0 1 1 1 1 1 0 1 1 0 0 0 1 0 0 0 1 1 0 0 1 0 0 1 1 1 1 1 0 1] | Precisión: 1.00
Distancia de Hamming: 0
--------------------------------------------------
Original     --> [1 1 0 0 0 0 0 0 0 1 0 1 0 0 0 1 1 0 0 0 1 1 0 0 0 1 0 0 1 0 0 1]
Reconstruido --> [1 1 0 0 0 0 0 0 0 1 0 1 0 0 0 1 1 0 0 0 1 1 0 0 0 1 1 0 1 0 0 1] | Precisión: 0.97
Distancia de Hamming: 1
--------------------------------------------------
Original     --> [0 0 0 0 0 1 0 0 1 1 0 1 1 1 0 0 0 1 1 1 1 1 0 1 0 0 1 0 0 1 0 0]
Reconstruido --> [0 0 0 0 0 1 0 0 1 1 0 1 1 1 0 0 0 1 1 1 1 1 0 1 0 0 1 0 0 1 0 0] | Precisión: 1.00
Distancia de Hamming: 0
--------------------------------------------------
Original     --> [0 0 1 0 0 0 0 1 1 1 1 1 1 1 0 0 1 1 0 1 0 0 1 0 0 0 0 0 1 1 0 1]
Reconstruido --> [0 0 1 0 0 0 0 1 1 1 1 1 1 1 0 0 1 1 0 1 0 0 1 0 0 0 0 0 1 1 0 1] | Precisión: 1.00
Distancia de Hamming: 0
--------------------------------------------------
Original     --> [0 0 0 1 1 0 0 0 1 0 1 1 0 1 1 1 1 1 1 0 0 0 0 1 0 1 1 1 0 0 0 0]
Reconstruido --> [0 0 0 1 1 0 0 0 1 0 1 1 0 1 1 1 1 1 1 0 0 0 0 1 0 1 1 1 0 0 0 0] | Precisión: 1.00
Distancia de Hamming: 0
--------------------------------------------------
Original     --> [0 0 1 0 1 1 1 1 1 1 0 1 0 1 1 1 0 1 1 0 1 0 0 0 0 0 1 0 0 0 1 0]
Reconstruido --> [0 0 1 0 1 1 1 1 1 1 0 1 0 1 1 1 0 1 1 0 1 0 0 0 0 0 1 0 0 0 1 0] | Precisión: 1.00
Distancia de Hamming: 0
--------------------------------------------------
La media de la precisión del descifrado es 0.9879
Distancia media de Hamming = 0.3865 | Número de bits: 32
Número de reconstrucciones perfectas = 8121



EVALUACIÓN CON 5400:

Original     --> [0 0 0 1 1 1 1 0 1 0 1 0 0 1 0 0 0 0 0 0 0 0 1 0 1 0 0 0 1 1 1 1]
Reconstruido --> [0 0 0 1 1 1 1 0 1 0 1 0 0 1 0 0 0 0 0 0 0 0 1 0 1 0 0 0 1 1 1 1] | Precisión: 1.00
Distancia de Hamming: 0
--------------------------------------------------
Original     --> [0 0 1 0 0 1 1 0 0 1 1 0 0 1 1 1 0 0 0 0 1 1 1 1 0 1 1 1 1 1 1 0]
Reconstruido --> [0 0 1 0 0 1 1 0 0 1 1 0 0 1 1 1 0 0 0 0 1 1 1 1 0 1 1 1 1 1 1 0] | Precisión: 1.00
Distancia de Hamming: 0
--------------------------------------------------
Original     --> [0 0 0 1 0 1 0 0 1 1 0 0 1 1 0 0 1 0 1 1 0 0 1 0 1 1 1 0 1 0 1 0]
Reconstruido --> [0 0 0 1 0 1 0 0 1 1 0 0 1 1 0 0 1 0 1 1 0 0 1 0 1 1 1 0 1 0 1 0] | Precisión: 1.00
Distancia de Hamming: 0
--------------------------------------------------
Original     --> [0 1 1 1 1 0 0 1 0 0 1 1 1 1 0 0 0 0 1 1 0 0 1 1 1 1 1 0 0 0 1 1]
Reconstruido --> [0 1 1 1 1 0 0 1 0 0 1 1 1 1 0 0 0 0 1 1 0 0 1 1 1 1 1 0 0 0 1 1] | Precisión: 1.00
Distancia de Hamming: 0
--------------------------------------------------
Original     --> [0 1 1 0 1 1 1 1 0 1 1 1 0 0 0 0 1 1 1 0 1 0 1 1 0 0 1 0 0 0 1 1]
Reconstruido --> [0 1 1 0 1 1 1 1 0 1 1 1 0 0 0 0 1 1 1 0 1 0 1 1 0 0 1 0 0 0 1 1] | Precisión: 1.00
Distancia de Hamming: 0
--------------------------------------------------
Original     --> [0 0 1 1 0 0 0 1 1 1 1 0 0 1 1 0 1 1 0 0 0 1 0 1 0 1 1 0 1 1 0 0]
Reconstruido --> [0 0 1 1 0 0 0 1 1 1 1 0 0 1 1 0 1 1 0 0 0 1 0 1 0 1 1 0 1 1 0 0] | Precisión: 1.00
Distancia de Hamming: 0
--------------------------------------------------
Original     --> [0 1 0 1 0 1 1 0 1 0 1 1 0 0 1 1 1 1 1 1 0 1 0 1 1 0 0 0 1 1 1 0]
Reconstruido --> [0 1 1 1 0 1 1 0 1 0 1 1 0 0 1 1 1 1 0 1 0 0 0 1 1 0 0 0 1 1 1 0] | Precisión: 0.91
Distancia de Hamming: 3
--------------------------------------------------
Original     --> [1 1 1 0 0 1 0 1 0 1 1 0 1 1 1 1 0 0 0 1 0 1 0 1 1 0 1 0 0 0 1 1]
Reconstruido --> [1 1 1 0 0 1 0 1 0 1 1 0 1 1 1 1 0 0 0 1 0 1 0 1 1 0 1 0 0 0 1 1] | Precisión: 1.00
Distancia de Hamming: 0
--------------------------------------------------
Original     --> [0 1 1 0 0 1 1 0 1 1 1 0 0 1 1 1 1 1 0 0 1 1 0 1 1 1 1 1 0 0 1 0]
Reconstruido --> [0 1 1 0 0 1 1 0 1 1 1 0 0 1 1 1 1 1 0 0 1 1 0 1 1 1 1 1 0 0 1 0] | Precisión: 1.00
Distancia de Hamming: 0
--------------------------------------------------
Original     --> [0 1 1 1 1 1 1 1 1 0 0 0 0 1 0 1 0 1 0 0 0 1 1 0 1 0 1 0 1 1 0 1]
Reconstruido --> [0 1 1 1 1 1 1 1 1 0 0 0 0 1 0 1 0 0 0 0 0 1 1 0 1 0 0 0 1 1 0 1] | Precisión: 0.94
Distancia de Hamming: 2
--------------------------------------------------
La media de la precisión del descifrado es 0.9860
Distancia media de Hamming = 0.4479 | Número de bits: 32
Número de reconstrucciones perfectas = 8019



EVALUACIÓN CON 5700:

Original     --> [0 1 0 0 0 1 1 1 0 0 0 0 1 1 1 1 0 0 0 0 1 0 1 0 1 0 1 1 1 0 0 0]
Reconstruido --> [0 1 0 0 0 1 1 1 0 0 0 0 1 1 1 1 0 0 0 0 1 0 1 0 1 0 1 1 1 0 0 0] | Precisión: 1.00
Distancia de Hamming: 0
--------------------------------------------------
Original     --> [0 0 0 0 1 0 0 1 0 0 0 0 1 1 0 0 1 0 1 1 0 0 0 0 1 0 1 1 1 0 1 0]
Reconstruido --> [0 0 0 0 1 0 0 1 0 0 0 0 1 1 0 0 1 0 1 1 0 0 0 0 1 0 1 1 1 0 1 0] | Precisión: 1.00
Distancia de Hamming: 0
--------------------------------------------------
Original     --> [0 0 1 1 1 0 1 1 1 0 1 1 0 0 0 1 0 1 1 1 0 1 1 0 0 0 1 0 0 1 0 0]
Reconstruido --> [0 0 1 1 1 0 1 1 1 0 1 1 0 0 0 1 0 1 1 1 0 1 1 0 0 0 1 0 0 1 0 0] | Precisión: 1.00
Distancia de Hamming: 0
--------------------------------------------------
Original     --> [1 1 1 1 0 1 1 0 0 1 0 1 0 1 0 1 1 1 1 1 1 0 0 0 1 1 0 0 0 1 0 0]
Reconstruido --> [1 1 1 1 0 1 1 0 0 1 0 1 0 1 0 1 1 1 1 1 1 0 0 0 1 1 0 0 0 1 0 0] | Precisión: 1.00
Distancia de Hamming: 0
--------------------------------------------------
Original     --> [0 0 0 1 1 0 0 1 0 0 1 1 0 1 0 1 0 0 1 1 0 0 1 0 1 1 0 1 0 0 1 0]
Reconstruido --> [0 0 0 1 1 0 0 0 0 0 1 1 0 1 0 1 0 0 1 1 0 0 0 0 1 1 0 1 0 0 0 0] | Precisión: 0.91
Distancia de Hamming: 3
--------------------------------------------------
Original     --> [1 1 0 1 0 0 0 1 0 0 1 0 0 1 0 1 1 1 1 0 1 1 1 1 1 1 0 1 1 1 1 1]
Reconstruido --> [1 1 0 1 0 0 0 1 0 0 1 0 0 1 0 1 1 1 1 0 1 1 1 1 1 1 0 1 1 1 1 1] | Precisión: 1.00
Distancia de Hamming: 0
--------------------------------------------------
Original     --> [0 1 1 0 0 0 1 0 0 1 1 1 1 0 0 0 1 1 1 1 1 1 0 0 1 1 1 1 1 0 0 1]
Reconstruido --> [0 1 1 1 0 0 1 0 0 1 1 1 1 0 0 0 1 1 1 1 1 1 0 0 1 1 1 1 1 0 0 1] | Precisión: 0.97
Distancia de Hamming: 1
--------------------------------------------------
Original     --> [1 0 0 0 1 1 1 1 1 1 1 1 0 1 0 0 1 0 0 1 1 1 0 1 0 0 1 0 0 0 0 0]
Reconstruido --> [1 0 0 0 1 1 1 1 1 1 1 1 0 1 0 0 1 0 0 1 1 1 0 1 0 0 1 0 0 0 0 0] | Precisión: 1.00
Distancia de Hamming: 0
--------------------------------------------------
Original     --> [0 0 0 1 0 1 0 1 1 0 1 1 0 0 0 1 1 1 0 0 0 1 1 0 0 0 1 0 0 0 1 0]
Reconstruido --> [0 0 0 1 0 1 0 1 1 0 1 1 0 0 0 1 1 1 0 0 0 1 1 0 0 0 1 0 0 0 1 0] | Precisión: 1.00
Distancia de Hamming: 0
--------------------------------------------------
Original     --> [1 1 0 0 0 0 1 0 1 1 1 0 1 1 1 1 1 1 1 1 1 0 1 0 0 1 0 0 1 1 0 1]
Reconstruido --> [1 1 0 0 0 0 1 1 1 1 1 1 1 1 1 1 1 0 1 1 1 0 1 0 0 1 0 0 1 0 0 1] | Precisión: 0.88
Distancia de Hamming: 4
--------------------------------------------------
La media de la precisión del descifrado es 0.9829
Distancia media de Hamming = 0.5475 | Número de bits: 32
Número de reconstrucciones perfectas = 7526



EVALUACIÓN CON 6000:

Original     --> [1 1 1 1 1 0 0 1 0 1 0 0 1 0 0 1 0 0 1 0 0 0 1 1 1 0 0 0 1 1 1 0]
Reconstruido --> [1 1 1 1 1 0 0 1 0 1 0 0 1 0 0 1 0 0 1 0 0 0 1 1 1 0 0 0 1 1 1 0] | Precisión: 1.00
Distancia de Hamming: 0
--------------------------------------------------
Original     --> [0 1 1 1 1 0 1 1 1 0 1 1 0 1 1 0 1 1 1 1 0 1 1 0 0 0 0 0 1 1 0 1]
Reconstruido --> [0 1 1 1 1 0 1 1 1 0 1 1 0 1 1 0 1 1 1 1 0 1 1 0 0 0 0 0 1 1 0 1] | Precisión: 1.00
Distancia de Hamming: 0
--------------------------------------------------
Original     --> [0 0 1 0 1 1 1 0 0 1 0 0 0 0 0 1 1 1 0 1 0 0 1 0 1 0 1 1 1 1 1 1]
Reconstruido --> [0 0 1 0 1 1 1 0 0 1 0 0 0 0 0 1 1 1 0 1 0 0 1 0 1 0 1 1 1 1 1 1] | Precisión: 1.00
Distancia de Hamming: 0
--------------------------------------------------
Original     --> [1 0 0 1 0 0 0 1 1 1 0 0 0 1 1 0 1 0 1 1 0 1 1 1 0 1 1 0 0 0 1 1]
Reconstruido --> [1 0 0 1 0 0 1 1 1 1 0 0 0 1 1 0 1 0 1 1 0 1 0 1 0 1 0 0 0 0 1 1] | Precisión: 0.91
Distancia de Hamming: 3
--------------------------------------------------
Original     --> [1 1 1 1 1 1 1 0 1 0 1 0 1 0 1 0 1 0 0 1 0 0 0 0 1 1 0 0 0 0 0 0]
Reconstruido --> [1 1 1 1 1 1 1 0 1 0 1 0 1 0 1 0 1 0 0 1 0 0 0 0 1 1 0 0 0 0 0 0] | Precisión: 1.00
Distancia de Hamming: 0
--------------------------------------------------
Original     --> [0 1 1 1 1 1 1 1 1 0 0 0 1 0 1 0 0 0 0 1 0 0 0 1 1 1 1 1 0 0 0 1]
Reconstruido --> [0 1 1 1 1 1 1 1 1 0 0 0 1 0 1 0 0 0 0 1 0 0 0 1 1 1 1 1 0 0 0 1] | Precisión: 1.00
Distancia de Hamming: 0
--------------------------------------------------
Original     --> [1 0 1 0 1 1 0 1 0 1 0 1 1 0 1 0 1 1 1 0 1 0 1 1 1 0 0 1 0 0 1 1]
Reconstruido --> [1 0 1 0 1 1 0 1 0 1 0 1 1 0 1 0 1 1 1 0 1 0 1 1 1 0 0 1 0 0 1 1] | Precisión: 1.00
Distancia de Hamming: 0
--------------------------------------------------
Original     --> [0 0 0 1 1 0 0 1 1 1 1 0 0 1 0 0 0 0 0 0 0 1 0 1 0 1 1 1 0 0 1 1]
Reconstruido --> [0 0 0 1 1 0 0 1 1 1 1 0 0 1 0 0 0 0 0 0 0 1 0 1 0 1 1 1 0 0 1 1] | Precisión: 1.00
Distancia de Hamming: 0
--------------------------------------------------
Original     --> [0 1 1 1 0 0 1 0 1 0 0 1 0 1 0 0 1 0 0 1 1 1 0 0 0 1 0 0 1 1 1 0]
Reconstruido --> [0 1 1 1 0 0 1 0 1 0 0 1 0 1 0 0 1 0 0 1 1 1 0 0 0 1 0 0 1 1 1 0] | Precisión: 1.00
Distancia de Hamming: 0
--------------------------------------------------
Original     --> [0 0 1 0 0 1 0 0 1 0 0 0 0 1 1 0 1 0 0 1 0 0 1 0 1 1 0 0 0 1 1 1]
Reconstruido --> [0 0 1 0 0 1 0 0 1 0 0 0 0 1 1 0 1 0 0 1 0 0 1 0 1 1 0 0 0 1 1 1] | Precisión: 1.00
Distancia de Hamming: 0
--------------------------------------------------
La media de la precisión del descifrado es 0.9898
Distancia media de Hamming = 0.3274 | Número de bits: 32
Número de reconstrucciones perfectas = 8483


Tiempo total de ejecución (s): 4378.283541917801

