-- RESULTS FROM EXPERIMENT 1.1. --

Número de mensajes = 10000
Número de bits = 32
Tamaño del batch = 128
Adam optimizer learning rate = 0.001
Epochs totales = 6000
Epochs iniciales = 300

EVALUACIÓN CON 300:

Original     --> [1 1 0 1 0 1 1 1 1 0 0 0 1 0 0 1 0 1 1 0 1 0 0 1 0 1 0 0 1 0 1 0]
Reconstruido --> [0 1 0 1 0 1 1 1 1 1 0 0 1 0 0 1 0 1 1 0 1 0 0 1 0 1 0 0 1 0 0 1] | Precisión: 0.88
Distancia de Hamming: 4
--------------------------------------------------
Original     --> [0 1 1 1 1 0 0 1 1 0 1 1 0 0 0 1 0 1 0 1 0 1 0 0 0 0 0 1 1 0 1 1]
Reconstruido --> [0 1 0 1 0 0 0 1 1 0 1 1 0 0 0 1 1 1 0 1 0 1 0 0 0 0 0 1 1 0 1 1] | Precisión: 0.91
Distancia de Hamming: 3
--------------------------------------------------
Original     --> [0 1 0 1 1 0 1 0 1 0 1 1 1 0 0 1 0 0 1 0 1 0 1 0 1 0 1 1 0 1 0 0]
Reconstruido --> [0 1 0 0 1 0 1 0 1 0 0 1 0 0 0 1 0 0 1 0 1 0 1 1 1 0 1 1 0 1 0 0] | Precisión: 0.88
Distancia de Hamming: 4
--------------------------------------------------
Original     --> [0 0 1 0 1 0 0 1 1 1 0 0 0 0 0 0 1 1 0 0 0 0 1 1 1 1 0 1 1 1 0 0]
Reconstruido --> [1 0 0 0 1 0 1 1 1 1 0 0 1 0 0 1 1 1 0 0 0 0 1 1 0 0 0 1 0 1 0 0] | Precisión: 0.75
Distancia de Hamming: 8
--------------------------------------------------
Original     --> [0 0 0 1 1 0 0 1 0 1 1 0 0 0 0 1 0 0 1 1 0 1 1 0 1 0 1 1 1 1 0 0]
Reconstruido --> [1 0 0 1 1 0 0 0 0 1 1 0 0 0 0 1 0 0 1 1 0 1 1 1 1 0 1 1 1 1 0 0] | Precisión: 0.91
Distancia de Hamming: 3
--------------------------------------------------
Original     --> [0 1 1 1 1 0 1 1 0 1 0 1 0 1 0 0 1 0 1 0 1 1 0 1 0 0 1 0 0 1 1 0]
Reconstruido --> [0 1 1 1 0 0 1 1 0 1 0 1 0 1 0 0 1 0 1 0 1 0 0 1 1 0 1 0 0 1 1 0] | Precisión: 0.91
Distancia de Hamming: 3
--------------------------------------------------
Original     --> [1 0 1 1 1 0 0 0 0 0 0 1 0 0 0 1 0 1 1 0 0 0 0 0 1 0 0 0 1 1 0 0]
Reconstruido --> [1 0 1 1 1 0 1 0 0 1 0 1 0 0 0 1 0 0 1 1 0 0 0 0 1 0 0 0 1 1 0 0] | Precisión: 0.88
Distancia de Hamming: 4
--------------------------------------------------
Original     --> [0 1 0 1 1 1 0 1 1 0 1 0 0 1 0 1 1 0 1 1 0 0 1 0 1 0 1 1 0 0 0 0]
Reconstruido --> [0 0 0 0 1 1 0 1 1 0 0 0 0 1 0 1 1 0 1 1 0 0 1 0 1 0 1 0 0 0 0 0] | Precisión: 0.88
Distancia de Hamming: 4
--------------------------------------------------
Original     --> [0 0 1 0 0 1 1 1 1 1 1 1 1 1 0 1 1 1 0 1 0 0 0 0 0 0 0 0 1 0 1 1]
Reconstruido --> [0 0 1 0 0 1 1 1 1 1 1 1 1 1 0 1 1 1 0 1 0 0 0 0 0 0 0 0 1 0 1 1] | Precisión: 1.00
Distancia de Hamming: 0
--------------------------------------------------
Original     --> [1 1 1 0 0 0 1 0 0 1 1 1 1 1 0 0 0 1 1 0 0 0 0 1 0 1 1 1 1 1 0 0]
Reconstruido --> [1 1 1 0 0 0 1 0 0 1 1 1 1 0 0 0 0 1 0 0 0 0 0 1 0 1 1 1 1 1 0 0] | Precisión: 0.94
Distancia de Hamming: 2
--------------------------------------------------
La media de la precisión del descifrado es 0.8843
Distancia media de Hamming = 3.7037 | Número de bits: 32
Número de reconstrucciones perfectas = 577
EVALUACIÓN CON 600:

Original     --> [0 0 1 0 1 0 0 1 1 0 0 0 0 0 1 0 0 1 0 1 1 1 1 0 0 1 1 0 1 1 1 1]
Reconstruido --> [0 0 1 0 1 0 0 1 1 0 0 0 0 0 1 0 0 1 1 1 1 1 1 0 0 1 1 0 1 1 1 1] | Precisión: 0.97
Distancia de Hamming: 1
--------------------------------------------------
Original     --> [0 0 0 0 1 0 1 1 1 1 1 0 0 1 1 0 1 0 0 0 0 1 0 1 1 1 1 1 1 1 0 1]
Reconstruido --> [0 0 0 0 1 0 1 1 1 1 1 0 0 1 1 0 1 0 1 0 0 1 0 1 1 1 1 1 1 1 0 1] | Precisión: 0.97
Distancia de Hamming: 1
--------------------------------------------------
Original     --> [0 0 1 0 1 0 1 1 0 1 1 1 1 0 0 1 0 0 0 1 0 1 1 1 1 1 0 1 0 1 0 0]
Reconstruido --> [0 0 1 1 1 0 1 1 1 1 0 1 1 0 0 1 0 0 0 1 1 0 1 0 1 1 0 1 0 1 0 1] | Precisión: 0.78
Distancia de Hamming: 7
--------------------------------------------------
Original     --> [0 1 0 0 0 0 0 1 0 0 0 0 1 0 0 0 0 1 1 0 1 1 0 1 0 1 0 0 1 0 0 0]
Reconstruido --> [0 1 0 0 1 0 0 1 1 0 0 0 1 0 1 0 0 1 1 1 1 1 1 1 0 1 0 0 1 0 1 0] | Precisión: 0.81
Distancia de Hamming: 6
--------------------------------------------------
Original     --> [1 1 1 0 0 0 1 1 1 1 1 0 1 1 1 0 1 0 0 0 1 1 1 0 1 0 0 1 1 0 0 1]
Reconstruido --> [1 1 1 0 0 0 1 1 1 1 1 0 1 1 1 0 1 0 0 0 1 1 1 0 1 0 0 1 1 0 0 1] | Precisión: 1.00
Distancia de Hamming: 0
--------------------------------------------------
Original     --> [0 1 1 1 1 1 0 1 1 0 1 1 0 1 0 0 1 0 0 1 0 0 0 0 1 1 1 0 0 1 0 1]
Reconstruido --> [1 1 1 1 1 1 0 1 1 0 1 1 0 1 0 0 1 0 0 1 0 1 0 0 1 1 0 0 0 1 0 1] | Precisión: 0.91
Distancia de Hamming: 3
--------------------------------------------------
Original     --> [0 0 0 0 0 1 1 0 1 0 1 0 0 1 0 0 1 1 0 1 1 1 0 1 1 0 0 0 1 0 0 1]
Reconstruido --> [0 0 0 0 0 1 1 0 1 0 1 0 0 1 0 0 1 1 0 1 1 1 0 1 1 0 0 0 1 0 0 1] | Precisión: 1.00
Distancia de Hamming: 0
--------------------------------------------------
Original     --> [0 0 0 1 1 0 0 1 0 1 0 0 1 1 1 0 0 1 1 1 1 1 0 0 1 1 0 1 1 1 1 0]
Reconstruido --> [0 0 0 1 1 0 0 1 0 0 0 0 1 1 1 0 0 1 1 1 1 1 0 0 1 1 0 1 1 1 1 0] | Precisión: 0.97
Distancia de Hamming: 1
--------------------------------------------------
Original     --> [1 1 1 0 0 0 1 1 1 0 0 1 0 1 1 1 1 1 1 1 1 1 0 1 1 1 0 1 0 1 0 1]
Reconstruido --> [1 1 1 0 1 0 0 1 1 0 0 0 0 1 1 1 1 0 1 1 1 1 0 1 1 1 0 1 0 0 0 1] | Precisión: 0.84
Distancia de Hamming: 5
--------------------------------------------------
Original     --> [1 1 0 0 1 1 0 1 1 0 1 0 0 0 1 0 1 0 1 0 0 0 0 1 1 1 0 0 1 0 0 0]
Reconstruido --> [1 1 0 0 1 1 0 1 1 0 1 0 0 1 1 0 1 0 1 0 0 1 0 1 1 1 0 0 1 0 0 0] | Precisión: 0.94
Distancia de Hamming: 2
--------------------------------------------------
La media de la precisión del descifrado es 0.9176
Distancia media de Hamming = 2.6371 | Número de bits: 32
Número de reconstrucciones perfectas = 1453
EVALUACIÓN CON 900:

Original     --> [1 1 1 0 1 1 1 1 1 1 0 1 0 1 0 1 1 1 0 0 0 1 1 1 0 1 0 1 1 1 0 0]
Reconstruido --> [1 1 1 0 1 1 1 0 1 0 0 1 0 1 0 0 1 1 0 0 0 1 1 1 0 1 0 1 1 1 0 0] | Precisión: 0.91
Distancia de Hamming: 3
--------------------------------------------------
Original     --> [0 0 0 1 1 1 0 0 0 0 0 0 0 1 1 1 0 1 0 0 1 1 0 0 0 0 0 0 1 1 0 0]
Reconstruido --> [0 0 0 1 1 1 0 0 0 0 0 0 0 1 1 1 0 1 0 0 1 1 0 0 0 0 0 0 1 1 0 0] | Precisión: 1.00
Distancia de Hamming: 0
--------------------------------------------------
Original     --> [1 1 1 1 0 1 1 0 1 0 0 0 1 0 1 0 0 1 1 1 1 1 1 1 0 0 1 0 1 0 0 1]
Reconstruido --> [1 1 1 1 0 1 1 0 1 0 0 0 1 0 1 0 0 1 1 1 1 0 1 1 0 0 1 0 1 0 0 1] | Precisión: 0.97
Distancia de Hamming: 1
--------------------------------------------------
Original     --> [0 1 1 1 0 0 0 0 1 0 1 0 1 1 0 1 0 0 0 0 0 0 1 1 1 0 0 0 1 1 0 0]
Reconstruido --> [0 1 1 1 0 0 0 0 1 0 1 0 1 1 0 1 0 1 1 1 0 1 1 1 1 0 1 0 1 1 0 1] | Precisión: 0.81
Distancia de Hamming: 6
--------------------------------------------------
Original     --> [1 0 1 1 0 0 0 1 1 0 0 0 0 1 1 0 0 1 1 0 0 0 0 0 0 1 1 1 0 1 1 0]
Reconstruido --> [1 0 1 1 0 1 0 1 1 0 1 0 1 0 1 0 0 1 1 0 1 0 0 1 0 1 1 1 0 1 1 0] | Precisión: 0.81
Distancia de Hamming: 6
--------------------------------------------------
Original     --> [1 0 0 0 1 1 0 1 1 1 0 1 1 1 0 1 0 0 0 1 1 0 0 0 1 0 1 1 0 1 1 0]
Reconstruido --> [0 0 0 0 0 1 0 1 1 1 0 1 1 1 0 1 0 0 0 1 1 0 0 1 1 0 0 1 0 1 1 0] | Precisión: 0.88
Distancia de Hamming: 4
--------------------------------------------------
Original     --> [0 1 0 1 0 0 1 0 0 0 0 1 1 1 1 0 1 1 0 1 0 0 1 0 1 1 0 1 0 1 1 0]
Reconstruido --> [0 1 0 1 0 0 0 0 0 1 0 1 1 1 1 0 1 1 0 1 0 1 1 0 1 1 0 1 1 1 1 0] | Precisión: 0.88
Distancia de Hamming: 4
--------------------------------------------------
Original     --> [0 1 0 0 1 0 0 0 1 1 1 1 0 0 1 1 0 0 0 1 0 0 1 0 0 0 0 0 1 0 0 0]
Reconstruido --> [0 1 0 0 1 1 0 0 0 1 1 1 1 0 1 1 1 0 0 1 0 0 1 0 0 1 0 0 1 0 0 1] | Precisión: 0.81
Distancia de Hamming: 6
--------------------------------------------------
Original     --> [0 0 0 0 0 1 1 1 0 0 0 0 0 1 0 1 0 0 1 1 1 0 1 0 0 1 1 1 0 0 0 1]
Reconstruido --> [0 0 0 0 0 1 1 1 1 1 0 0 0 0 0 1 0 0 1 0 1 0 1 0 0 1 1 1 0 0 0 1] | Precisión: 0.88
Distancia de Hamming: 4
--------------------------------------------------
Original     --> [1 1 1 1 1 1 0 1 0 1 0 0 1 0 1 0 0 0 0 1 1 1 1 1 1 0 0 1 0 0 0 1]
Reconstruido --> [1 1 1 1 0 1 0 1 0 0 0 1 0 0 1 0 0 0 0 1 1 1 1 1 1 0 0 1 0 0 0 1] | Precisión: 0.88
Distancia de Hamming: 4
--------------------------------------------------
La media de la precisión del descifrado es 0.9303
Distancia media de Hamming = 2.2294 | Número de bits: 32
Número de reconstrucciones perfectas = 2164
EVALUACIÓN CON 1200:

Original     --> [1 1 1 0 0 1 1 1 1 0 1 0 0 0 0 1 1 0 0 0 1 0 1 0 1 1 1 0 1 1 1 0]
Reconstruido --> [1 1 1 0 0 1 1 1 1 0 1 0 0 0 0 1 1 0 0 0 1 0 1 1 1 1 0 0 1 1 1 0] | Precisión: 0.94
Distancia de Hamming: 2
--------------------------------------------------
Original     --> [1 1 1 0 0 0 0 1 0 0 0 1 0 1 1 1 0 0 1 1 0 1 1 0 0 1 1 1 1 1 0 0]
Reconstruido --> [1 1 1 0 0 0 0 1 0 0 0 1 0 1 0 1 0 0 1 1 0 1 1 1 1 1 1 1 1 1 1 0] | Precisión: 0.88
Distancia de Hamming: 4
--------------------------------------------------
Original     --> [1 0 1 1 0 0 0 1 1 0 0 0 0 0 0 1 1 1 1 0 0 1 0 0 0 1 0 1 0 0 0 1]
Reconstruido --> [1 0 0 1 0 1 0 1 1 1 0 1 0 0 0 1 1 0 1 0 0 1 0 0 0 1 0 1 0 0 0 1] | Precisión: 0.84
Distancia de Hamming: 5
--------------------------------------------------
Original     --> [0 0 1 0 1 1 1 0 1 1 1 0 0 1 1 1 0 1 0 1 1 1 1 0 1 0 0 0 0 1 0 1]
Reconstruido --> [0 0 1 0 1 1 1 0 1 1 1 0 0 0 0 1 0 1 0 1 1 0 1 0 1 0 0 0 0 1 0 1] | Precisión: 0.91
Distancia de Hamming: 3
--------------------------------------------------
Original     --> [1 0 1 1 0 0 1 0 1 0 1 0 1 1 0 1 0 0 0 0 0 1 1 1 1 1 1 1 0 0 1 1]
Reconstruido --> [1 0 1 1 0 0 1 0 1 0 1 0 1 1 0 1 0 0 0 0 0 1 1 1 1 1 1 1 0 0 1 1] | Precisión: 1.00
Distancia de Hamming: 0
--------------------------------------------------
Original     --> [0 1 0 1 1 1 0 1 0 0 0 1 1 0 1 0 1 1 0 0 1 1 1 0 1 1 0 0 1 0 1 0]
Reconstruido --> [0 1 0 1 1 1 0 1 0 0 0 1 1 0 1 1 1 1 0 0 1 1 1 0 1 1 0 0 1 0 1 0] | Precisión: 0.97
Distancia de Hamming: 1
--------------------------------------------------
Original     --> [0 1 0 0 1 1 1 0 1 0 0 0 0 0 1 0 1 0 1 1 0 1 1 0 1 0 1 0 0 1 1 0]
Reconstruido --> [0 1 0 0 1 1 0 0 1 0 1 0 0 0 1 0 1 0 1 1 0 1 1 0 1 0 1 0 0 0 1 1] | Precisión: 0.88
Distancia de Hamming: 4
--------------------------------------------------
Original     --> [0 1 0 0 0 0 0 1 0 1 0 1 0 0 1 1 1 0 1 0 1 1 0 0 1 0 0 1 1 0 1 0]
Reconstruido --> [0 1 0 0 0 0 0 1 0 1 0 1 0 0 1 1 1 0 1 0 1 1 0 0 1 0 0 1 1 0 1 0] | Precisión: 1.00
Distancia de Hamming: 0
--------------------------------------------------
Original     --> [0 0 0 0 1 0 0 1 0 1 0 0 1 0 0 1 1 1 1 0 0 1 1 0 0 1 0 1 0 1 0 0]
Reconstruido --> [1 0 0 0 1 0 0 1 0 1 0 0 1 0 0 1 1 1 1 0 0 1 1 1 0 1 0 1 0 1 0 1] | Precisión: 0.91
Distancia de Hamming: 3
--------------------------------------------------
Original     --> [0 0 0 1 0 0 1 0 0 0 0 0 1 0 1 1 0 0 1 0 1 1 1 1 0 0 1 1 1 0 0 0]
Reconstruido --> [0 0 0 1 0 0 1 0 0 0 0 0 1 0 1 1 0 0 1 0 1 1 1 1 0 0 1 1 1 0 1 0] | Precisión: 0.97
Distancia de Hamming: 1
--------------------------------------------------
La media de la precisión del descifrado es 0.9414
Distancia media de Hamming = 1.8765 | Número de bits: 32
Número de reconstrucciones perfectas = 2743
EVALUACIÓN CON 1500:

Original     --> [0 0 1 1 1 0 0 0 0 1 1 1 1 0 0 1 1 1 0 1 1 1 1 0 1 0 0 1 1 1 1 1]
Reconstruido --> [0 0 1 1 1 0 0 0 0 1 1 1 1 0 0 1 1 1 0 1 1 1 1 0 1 0 0 1 1 1 1 1] | Precisión: 1.00
Distancia de Hamming: 0
--------------------------------------------------
Original     --> [0 1 1 0 1 1 0 1 1 0 1 1 1 0 0 0 1 1 0 1 0 1 0 1 1 0 1 1 1 1 0 0]
Reconstruido --> [0 1 1 0 1 0 0 1 1 0 1 0 0 0 0 0 1 1 0 1 0 1 0 0 1 0 1 0 1 1 0 0] | Precisión: 0.84
Distancia de Hamming: 5
--------------------------------------------------
Original     --> [0 1 0 0 1 0 0 0 0 1 0 1 0 1 0 1 0 0 0 1 0 1 1 0 1 1 0 0 0 0 1 0]
Reconstruido --> [0 1 0 0 1 0 0 0 0 1 0 1 0 1 0 1 0 0 0 1 0 1 1 0 1 1 0 0 0 0 1 0] | Precisión: 1.00
Distancia de Hamming: 0
--------------------------------------------------
Original     --> [1 0 1 0 0 1 1 1 1 0 1 1 0 0 1 1 0 1 0 0 0 0 1 0 1 0 0 0 1 1 1 0]
Reconstruido --> [1 0 1 0 0 1 1 1 1 0 1 1 0 0 1 1 0 1 0 0 0 0 1 0 1 0 0 0 1 1 1 0] | Precisión: 1.00
Distancia de Hamming: 0
--------------------------------------------------
Original     --> [0 1 1 0 1 0 1 1 1 0 0 0 0 1 1 1 1 1 0 0 0 0 0 1 1 0 0 0 0 0 1 1]
Reconstruido --> [0 1 1 0 1 0 1 1 1 0 0 0 1 0 1 1 1 1 0 0 0 0 0 1 1 0 0 0 0 0 1 1] | Precisión: 0.94
Distancia de Hamming: 2
--------------------------------------------------
Original     --> [1 1 1 0 1 1 0 1 1 0 1 1 0 0 1 0 0 0 1 0 1 0 1 0 1 1 1 1 1 0 1 0]
Reconstruido --> [1 1 1 0 1 1 0 1 1 0 1 1 0 0 1 0 0 0 1 0 1 0 1 0 1 1 1 1 1 0 1 0] | Precisión: 1.00
Distancia de Hamming: 0
--------------------------------------------------
Original     --> [0 1 0 1 0 0 0 0 1 0 1 0 0 1 0 1 0 1 0 1 1 1 1 1 0 0 0 0 0 0 0 1]
Reconstruido --> [0 1 0 1 0 0 0 0 1 0 1 0 1 0 0 1 0 1 0 1 1 1 1 1 0 0 0 0 0 0 0 1] | Precisión: 0.94
Distancia de Hamming: 2
--------------------------------------------------
Original     --> [1 1 0 0 1 0 1 1 1 1 1 0 0 0 1 1 0 1 0 0 1 0 0 0 1 0 0 1 0 0 0 0]
Reconstruido --> [1 1 0 0 1 0 1 1 1 1 1 0 0 0 1 1 0 1 0 0 1 0 0 0 1 0 0 1 0 0 0 0] | Precisión: 1.00
Distancia de Hamming: 0
--------------------------------------------------
Original     --> [1 1 1 1 1 1 0 0 0 0 0 0 0 1 1 0 0 1 0 1 0 0 0 1 1 1 0 1 0 1 1 1]
Reconstruido --> [1 1 0 1 1 1 0 0 0 0 0 0 0 0 1 0 0 1 0 1 0 0 0 0 0 1 1 0 0 1 1 1] | Precisión: 0.81
Distancia de Hamming: 6
--------------------------------------------------
Original     --> [0 1 0 0 0 1 1 0 1 0 1 1 1 1 1 0 0 1 0 0 1 0 0 1 0 1 0 1 0 1 0 0]
Reconstruido --> [0 1 0 0 0 1 1 1 1 1 1 1 0 1 1 0 0 1 0 0 1 1 0 1 0 1 0 1 0 1 0 0] | Precisión: 0.88
Distancia de Hamming: 4
--------------------------------------------------
La media de la precisión del descifrado es 0.9441
Distancia media de Hamming = 1.7876 | Número de bits: 32
Número de reconstrucciones perfectas = 2759
EVALUACIÓN CON 1800:

Original     --> [0 1 1 1 1 1 0 0 0 1 0 1 1 0 0 0 1 0 0 0 1 0 0 1 1 1 1 1 0 0 0 0]
Reconstruido --> [0 1 1 1 1 1 0 0 0 1 0 1 1 0 0 0 1 0 0 0 1 0 0 1 1 1 1 1 0 0 0 0] | Precisión: 1.00
Distancia de Hamming: 0
--------------------------------------------------
Original     --> [0 0 1 1 1 1 1 1 1 1 1 0 1 1 1 1 1 1 1 1 1 1 0 0 1 0 1 1 1 0 1 1]
Reconstruido --> [0 0 1 1 1 1 1 1 1 1 1 0 1 1 1 1 1 1 1 1 1 1 0 0 1 0 1 1 1 0 1 1] | Precisión: 1.00
Distancia de Hamming: 0
--------------------------------------------------
Original     --> [0 1 1 0 1 1 1 1 0 1 0 1 1 0 1 1 0 0 1 1 1 1 1 1 0 0 0 1 1 0 0 1]
Reconstruido --> [0 1 1 0 0 1 1 1 0 1 1 1 1 0 1 1 0 0 1 1 1 1 1 1 0 0 0 1 1 0 0 1] | Precisión: 0.94
Distancia de Hamming: 2
--------------------------------------------------
Original     --> [1 1 1 1 0 1 1 1 1 0 1 1 1 1 0 0 0 0 0 1 1 1 1 1 0 0 0 0 0 0 0 0]
Reconstruido --> [1 1 1 0 0 1 1 1 1 0 1 1 1 1 0 0 0 0 0 1 1 1 1 1 1 0 0 0 0 0 0 0] | Precisión: 0.94
Distancia de Hamming: 2
--------------------------------------------------
Original     --> [0 1 0 1 0 0 0 0 1 0 1 0 0 1 1 0 1 0 1 1 1 1 1 1 0 0 1 0 0 1 0 1]
Reconstruido --> [0 1 0 1 0 0 0 0 1 0 1 0 0 1 1 0 1 0 1 1 1 1 1 1 0 0 0 0 1 1 0 1] | Precisión: 0.94
Distancia de Hamming: 2
--------------------------------------------------
Original     --> [0 1 1 0 0 1 1 1 1 0 1 1 1 0 0 1 0 1 1 1 1 0 1 1 0 0 1 0 1 0 1 0]
Reconstruido --> [1 1 1 0 0 1 1 1 1 0 1 1 1 0 0 1 0 1 0 1 1 0 1 1 0 0 1 1 1 0 1 0] | Precisión: 0.91
Distancia de Hamming: 3
--------------------------------------------------
Original     --> [1 1 1 1 0 1 1 0 1 0 1 0 1 0 1 1 0 0 0 0 0 0 1 0 0 0 0 0 0 0 1 0]
Reconstruido --> [1 0 1 1 1 1 1 1 1 0 1 0 1 0 1 1 0 0 0 0 0 0 1 0 0 1 0 0 0 0 1 0] | Precisión: 0.88
Distancia de Hamming: 4
--------------------------------------------------
Original     --> [0 1 1 1 0 0 0 0 1 1 1 0 1 0 0 0 1 1 0 1 0 0 1 0 0 0 0 1 0 0 1 0]
Reconstruido --> [0 0 1 1 1 0 0 0 1 1 1 0 1 0 0 0 1 1 0 1 0 0 1 0 0 0 0 1 0 0 1 0] | Precisión: 0.94
Distancia de Hamming: 2
--------------------------------------------------
Original     --> [0 0 1 1 1 1 0 1 0 1 1 1 1 1 0 0 1 0 0 0 0 1 0 0 0 0 0 0 0 0 0 1]
Reconstruido --> [0 0 1 1 1 1 0 1 0 1 1 1 1 1 0 0 1 0 0 0 0 1 0 0 0 0 0 0 0 0 0 1] | Precisión: 1.00
Distancia de Hamming: 0
--------------------------------------------------
Original     --> [1 1 0 0 0 0 1 0 0 1 0 1 0 1 1 0 1 1 0 0 1 1 1 1 0 0 0 0 0 1 1 0]
Reconstruido --> [1 1 0 0 0 0 1 0 0 1 0 1 0 1 1 0 1 1 0 0 1 1 1 1 0 0 0 0 0 1 1 0] | Precisión: 1.00
Distancia de Hamming: 0
--------------------------------------------------
La media de la precisión del descifrado es 0.9539
Distancia media de Hamming = 1.4751 | Número de bits: 32
Número de reconstrucciones perfectas = 3920
EVALUACIÓN CON 2100:

Original     --> [0 0 0 1 1 1 0 1 0 0 1 0 1 1 1 0 1 1 1 0 0 0 1 0 0 0 0 0 0 1 0 1]
Reconstruido --> [0 0 1 1 1 1 0 1 0 0 1 0 1 1 1 0 1 1 1 0 0 0 1 0 0 0 0 0 0 1 0 1] | Precisión: 0.97
Distancia de Hamming: 1
--------------------------------------------------
Original     --> [1 0 0 1 0 0 0 0 0 0 1 0 1 1 0 0 0 1 1 0 1 0 1 1 1 1 1 0 0 0 1 1]
Reconstruido --> [1 0 0 1 0 0 0 0 0 0 1 1 1 1 0 0 0 1 1 0 1 0 1 1 1 1 1 0 0 0 1 1] | Precisión: 0.97
Distancia de Hamming: 1
--------------------------------------------------
Original     --> [1 1 0 0 0 0 0 1 0 0 1 0 0 0 0 0 0 0 1 1 1 1 0 1 0 1 1 1 0 0 0 1]
Reconstruido --> [1 1 0 0 0 0 0 1 0 0 1 0 0 0 0 0 0 0 1 1 1 1 0 1 0 1 1 1 0 0 0 1] | Precisión: 1.00
Distancia de Hamming: 0
--------------------------------------------------
Original     --> [0 0 0 0 1 1 0 0 1 1 1 0 0 0 1 0 1 0 1 1 1 0 1 0 0 1 0 0 1 1 1 0]
Reconstruido --> [0 1 0 1 1 1 0 0 1 1 1 0 1 0 1 0 1 0 1 1 1 0 1 0 0 1 0 0 1 1 1 0] | Precisión: 0.91
Distancia de Hamming: 3
--------------------------------------------------
Original     --> [0 1 0 0 1 0 0 0 0 1 0 0 0 1 0 1 1 0 1 0 0 1 1 0 0 0 0 0 0 1 0 0]
Reconstruido --> [0 1 0 0 1 0 0 0 0 1 0 0 0 1 0 1 1 0 1 0 0 1 1 0 0 0 0 0 0 1 0 0] | Precisión: 1.00
Distancia de Hamming: 0
--------------------------------------------------
Original     --> [0 0 1 1 0 0 1 1 1 0 0 1 1 1 1 1 1 0 0 1 1 0 0 1 1 0 0 1 0 1 1 0]
Reconstruido --> [0 0 1 1 0 0 1 1 1 0 0 1 1 1 1 1 1 0 0 1 1 0 0 1 1 0 0 1 0 1 1 1] | Precisión: 0.97
Distancia de Hamming: 1
--------------------------------------------------
Original     --> [1 1 1 0 0 0 1 0 1 0 0 1 0 1 0 1 0 0 0 0 1 0 1 0 1 0 1 0 0 1 0 1]
Reconstruido --> [1 1 1 0 0 0 1 0 1 0 0 1 0 1 0 1 0 0 0 1 1 0 1 0 1 0 1 0 0 1 0 1] | Precisión: 0.97
Distancia de Hamming: 1
--------------------------------------------------
Original     --> [0 0 1 1 0 0 0 1 1 1 1 0 0 0 1 1 0 0 1 0 0 1 1 0 0 1 1 0 1 0 0 0]
Reconstruido --> [0 0 1 1 0 0 0 1 1 1 1 0 0 0 1 1 0 0 1 0 0 1 1 0 0 1 1 0 1 0 0 0] | Precisión: 1.00
Distancia de Hamming: 0
--------------------------------------------------
Original     --> [0 0 1 0 0 0 1 0 0 0 0 1 0 0 1 1 1 0 1 0 1 0 0 0 0 0 0 1 1 0 0 0]
Reconstruido --> [0 0 1 0 0 0 0 0 0 0 0 0 0 0 1 1 1 0 1 0 1 0 0 0 0 0 0 0 0 0 0 0] | Precisión: 0.88
Distancia de Hamming: 4
--------------------------------------------------
Original     --> [1 1 0 0 0 1 0 0 1 0 1 1 0 1 0 0 0 1 0 0 0 1 1 1 1 0 1 0 1 0 0 1]
Reconstruido --> [1 1 0 0 0 1 0 0 1 0 1 1 0 1 0 0 0 1 0 0 0 1 0 1 1 0 1 0 1 0 0 1] | Precisión: 0.97
Distancia de Hamming: 1
--------------------------------------------------
La media de la precisión del descifrado es 0.9539
Distancia media de Hamming = 1.4739 | Número de bits: 32
Número de reconstrucciones perfectas = 3980
EVALUACIÓN CON 2400:

Original     --> [1 0 0 1 0 1 1 0 1 1 1 1 1 0 1 0 0 0 0 0 0 0 0 1 1 0 1 0 1 1 0 0]
Reconstruido --> [1 0 0 1 1 1 1 0 1 1 1 1 1 0 0 0 0 1 0 0 0 0 0 1 1 0 1 0 1 1 0 0] | Precisión: 0.91
Distancia de Hamming: 3
--------------------------------------------------
Original     --> [0 1 1 1 1 0 0 0 0 0 0 0 1 1 1 0 0 1 1 0 0 1 0 1 1 0 0 0 1 0 1 0]
Reconstruido --> [0 1 1 1 1 1 0 0 0 0 0 0 1 1 1 0 1 1 1 0 1 1 0 1 1 0 0 0 1 0 1 0] | Precisión: 0.91
Distancia de Hamming: 3
--------------------------------------------------
Original     --> [1 0 1 1 0 1 0 1 1 1 0 1 1 1 1 0 0 1 0 0 0 1 1 0 1 0 0 0 1 0 1 0]
Reconstruido --> [1 0 1 1 0 1 0 1 1 1 0 1 1 1 1 0 0 1 0 0 0 1 1 0 1 0 0 0 1 0 1 0] | Precisión: 1.00
Distancia de Hamming: 0
--------------------------------------------------
Original     --> [1 1 1 1 1 0 1 1 0 0 1 1 1 1 0 0 1 0 0 0 1 1 1 1 0 0 0 1 0 1 0 1]
Reconstruido --> [1 1 1 1 1 0 1 1 1 0 1 1 1 1 0 0 1 0 0 0 1 1 1 1 1 1 0 1 0 1 0 1] | Precisión: 0.91
Distancia de Hamming: 3
--------------------------------------------------
Original     --> [1 1 1 1 1 1 0 1 0 1 0 0 0 1 1 1 1 1 1 1 0 0 0 1 1 0 1 1 0 0 0 0]
Reconstruido --> [1 1 1 1 1 1 0 1 0 1 0 0 0 1 1 1 1 1 1 1 0 0 0 1 1 0 1 1 0 1 0 0] | Precisión: 0.97
Distancia de Hamming: 1
--------------------------------------------------
Original     --> [1 0 1 1 1 1 1 0 1 1 1 1 0 1 0 1 1 1 1 1 0 1 1 1 1 0 0 1 0 1 0 1]
Reconstruido --> [1 0 1 1 1 0 1 0 1 1 1 1 0 1 0 1 1 1 1 1 0 1 0 1 1 0 0 1 0 1 0 1] | Precisión: 0.94
Distancia de Hamming: 2
--------------------------------------------------
Original     --> [0 0 1 1 1 1 1 1 0 0 1 0 1 1 0 1 1 0 0 1 1 1 0 0 0 1 0 1 0 1 1 0]
Reconstruido --> [0 0 1 1 1 1 1 1 0 0 1 0 1 1 0 1 1 0 0 1 1 1 0 0 1 1 0 1 0 1 1 0] | Precisión: 0.97
Distancia de Hamming: 1
--------------------------------------------------
Original     --> [0 0 0 0 0 1 0 0 1 1 1 1 1 1 1 1 0 0 1 1 1 0 1 0 1 0 1 1 0 0 1 0]
Reconstruido --> [0 0 0 0 0 1 0 0 1 1 1 1 1 1 1 1 0 0 1 1 1 0 1 0 1 0 1 1 0 0 1 0] | Precisión: 1.00
Distancia de Hamming: 0
--------------------------------------------------
Original     --> [0 1 1 1 0 0 1 0 1 1 1 0 1 0 1 0 0 1 1 1 1 0 1 0 1 0 0 0 1 1 0 1]
Reconstruido --> [0 0 1 1 1 0 1 0 1 1 1 0 1 0 1 0 0 1 1 1 1 0 1 1 1 0 1 0 1 1 0 1] | Precisión: 0.88
Distancia de Hamming: 4
--------------------------------------------------
Original     --> [0 0 0 0 0 1 1 0 1 0 1 1 1 1 0 0 0 0 1 0 1 0 0 1 0 0 0 1 0 1 1 1]
Reconstruido --> [0 0 0 0 0 1 1 0 1 0 1 1 1 1 0 0 0 0 1 0 1 0 0 0 0 0 0 1 0 1 1 0] | Precisión: 0.94
Distancia de Hamming: 2
--------------------------------------------------
La media de la precisión del descifrado es 0.9550
Distancia media de Hamming = 1.4408 | Número de bits: 32
Número de reconstrucciones perfectas = 4126
EVALUACIÓN CON 2700:

Original     --> [0 1 0 0 1 1 0 1 1 1 0 0 0 1 1 0 0 1 0 0 1 0 0 0 1 0 1 0 1 0 0 0]
Reconstruido --> [0 1 0 0 1 1 0 1 1 1 0 0 0 1 1 0 0 1 0 0 1 0 0 0 1 0 1 0 1 0 0 0] | Precisión: 1.00
Distancia de Hamming: 0
--------------------------------------------------
Original     --> [0 0 1 1 1 1 0 0 0 0 1 1 0 1 1 1 1 0 0 0 0 1 1 0 1 0 1 1 0 1 0 0]
Reconstruido --> [0 0 1 0 1 1 0 0 0 0 1 1 0 1 1 0 1 0 0 0 0 1 1 0 1 0 1 1 0 1 0 0] | Precisión: 0.94
Distancia de Hamming: 2
--------------------------------------------------
Original     --> [1 1 0 0 0 1 1 0 0 1 0 1 1 0 0 0 1 0 1 1 1 1 0 1 1 0 1 0 0 1 0 1]
Reconstruido --> [1 1 0 0 0 1 1 0 0 0 0 1 1 0 0 0 1 0 1 1 1 1 0 1 1 0 1 0 0 1 0 1] | Precisión: 0.97
Distancia de Hamming: 1
--------------------------------------------------
Original     --> [1 0 0 0 0 0 0 0 0 0 1 0 1 1 0 0 1 1 1 0 1 1 0 0 1 0 0 1 0 0 1 1]
Reconstruido --> [1 0 0 0 0 0 0 0 0 0 1 0 1 1 0 0 1 1 1 0 1 1 0 0 1 0 0 1 0 0 1 1] | Precisión: 1.00
Distancia de Hamming: 0
--------------------------------------------------
Original     --> [1 1 1 0 1 1 0 1 0 0 0 0 0 1 1 1 0 0 0 1 0 1 0 1 0 0 0 1 1 1 1 1]
Reconstruido --> [1 1 1 0 1 1 0 1 0 0 0 0 0 1 1 1 0 0 0 1 0 1 0 1 0 0 0 1 1 1 1 1] | Precisión: 1.00
Distancia de Hamming: 0
--------------------------------------------------
Original     --> [0 0 0 1 1 0 1 0 0 0 1 1 0 1 1 0 1 0 1 0 1 1 0 1 1 1 0 0 1 1 1 0]
Reconstruido --> [0 0 0 1 1 0 1 0 0 0 1 1 0 1 1 0 1 0 1 0 1 1 0 1 1 1 0 0 1 1 1 0] | Precisión: 1.00
Distancia de Hamming: 0
--------------------------------------------------
Original     --> [1 0 1 0 0 0 1 0 0 1 1 1 0 0 1 0 0 0 1 1 1 0 0 0 0 0 1 0 1 1 0 0]
Reconstruido --> [1 0 1 0 0 0 1 0 0 1 0 1 0 0 1 0 1 0 0 1 1 0 0 0 0 0 1 0 1 1 0 0] | Precisión: 0.91
Distancia de Hamming: 3
--------------------------------------------------
Original     --> [0 0 1 1 0 1 0 0 0 1 0 0 0 0 1 0 0 1 0 1 1 1 1 0 1 1 1 1 0 0 1 0]
Reconstruido --> [0 0 1 1 0 1 0 0 1 1 0 0 0 0 1 0 0 1 0 1 1 1 1 0 1 1 1 1 0 0 1 0] | Precisión: 0.97
Distancia de Hamming: 1
--------------------------------------------------
Original     --> [1 0 0 1 0 0 1 1 1 0 0 0 1 0 0 0 1 0 0 1 1 1 1 1 1 1 1 1 1 0 1 0]
Reconstruido --> [1 0 0 1 0 0 1 1 1 0 0 0 1 0 0 0 1 0 0 1 1 1 1 1 1 1 1 1 1 0 1 0] | Precisión: 1.00
Distancia de Hamming: 0
--------------------------------------------------
Original     --> [1 0 0 1 0 1 1 1 1 0 0 0 0 1 0 1 0 1 1 1 1 1 0 0 1 0 0 1 0 1 1 1]
Reconstruido --> [1 0 0 1 0 1 1 1 1 0 0 0 0 1 0 1 0 1 1 1 1 1 0 0 1 0 0 1 0 1 1 1] | Precisión: 1.00
Distancia de Hamming: 0
--------------------------------------------------
La media de la precisión del descifrado es 0.9661
Distancia media de Hamming = 1.0844 | Número de bits: 32
Número de reconstrucciones perfectas = 5188
EVALUACIÓN CON 3000:

Original     --> [0 1 0 1 0 0 1 0 0 1 0 1 0 1 0 1 0 0 0 1 0 1 0 1 1 0 0 0 0 0 1 1]
Reconstruido --> [0 1 0 1 0 0 1 0 0 1 0 1 0 1 0 1 0 0 0 1 0 1 0 1 1 0 0 0 0 0 1 1] | Precisión: 1.00
Distancia de Hamming: 0
--------------------------------------------------
Original     --> [0 0 0 1 0 0 0 0 0 1 1 0 1 0 0 1 1 1 1 1 1 1 0 0 1 0 1 1 1 0 1 0]
Reconstruido --> [0 0 0 1 0 0 0 1 0 1 1 0 1 0 0 1 1 1 1 1 1 1 0 0 1 0 1 1 1 0 1 0] | Precisión: 0.97
Distancia de Hamming: 1
--------------------------------------------------
Original     --> [0 1 0 0 0 0 0 0 1 0 1 1 1 1 0 0 0 1 1 1 1 0 0 0 1 0 0 0 1 0 1 1]
Reconstruido --> [0 1 0 0 0 0 0 0 1 0 1 1 1 1 0 0 0 1 1 1 1 0 0 0 1 0 0 0 1 0 1 1] | Precisión: 1.00
Distancia de Hamming: 0
--------------------------------------------------
Original     --> [0 1 0 0 1 0 1 0 0 1 0 1 0 0 1 0 1 1 1 1 0 1 1 1 0 0 0 0 0 0 0 1]
Reconstruido --> [0 1 0 0 1 0 1 0 0 1 0 1 0 0 1 0 1 1 1 1 0 1 1 1 0 0 0 0 0 0 0 1] | Precisión: 1.00
Distancia de Hamming: 0
--------------------------------------------------
Original     --> [0 1 0 1 1 1 1 0 1 0 0 1 0 1 1 1 1 1 0 1 0 1 0 1 0 0 0 1 0 1 0 1]
Reconstruido --> [0 1 0 1 1 1 1 0 1 0 0 1 0 1 1 1 1 1 0 1 0 1 0 1 0 0 0 1 0 1 0 1] | Precisión: 1.00
Distancia de Hamming: 0
--------------------------------------------------
Original     --> [0 1 1 1 1 1 1 1 1 1 0 0 0 1 1 0 0 0 1 0 0 0 0 1 0 1 1 1 1 0 1 0]
Reconstruido --> [0 1 1 1 1 1 1 1 1 0 0 0 1 1 1 0 1 0 1 0 1 0 0 1 0 1 1 1 1 0 1 0] | Precisión: 0.88
Distancia de Hamming: 4
--------------------------------------------------
Original     --> [1 0 0 1 1 0 0 1 1 1 0 1 1 1 1 0 0 1 0 1 0 1 1 0 1 0 0 1 1 1 1 0]
Reconstruido --> [1 0 0 1 1 0 0 1 1 1 0 1 1 1 1 0 0 1 0 1 0 1 1 0 1 0 0 1 1 1 1 0] | Precisión: 1.00
Distancia de Hamming: 0
--------------------------------------------------
Original     --> [0 0 1 0 1 1 0 0 1 1 0 0 0 1 0 0 1 1 1 1 1 1 0 1 1 1 1 1 1 0 0 0]
Reconstruido --> [0 0 1 1 1 1 0 1 1 1 0 0 0 1 0 0 1 1 0 1 1 1 0 1 1 1 1 1 1 0 0 0] | Precisión: 0.91
Distancia de Hamming: 3
--------------------------------------------------
Original     --> [1 0 1 1 1 0 1 1 0 0 1 1 1 1 1 1 1 1 1 1 1 0 1 0 0 0 0 1 0 0 0 1]
Reconstruido --> [1 0 1 1 1 0 1 1 1 0 1 1 1 1 1 1 1 0 1 1 1 0 1 0 0 0 0 1 0 0 0 1] | Precisión: 0.94
Distancia de Hamming: 2
--------------------------------------------------
Original     --> [1 0 0 1 1 0 1 1 0 1 1 0 0 1 1 0 0 1 1 0 0 0 1 0 0 1 1 1 1 0 1 1]
Reconstruido --> [1 0 0 1 0 1 1 1 1 1 1 0 1 0 1 0 0 1 1 0 0 0 1 0 0 1 1 1 1 1 1 1] | Precisión: 0.81
Distancia de Hamming: 6
--------------------------------------------------
La media de la precisión del descifrado es 0.9542
Distancia media de Hamming = 1.4658 | Número de bits: 32
Número de reconstrucciones perfectas = 4133
EVALUACIÓN CON 3300:

Original     --> [0 1 1 1 1 0 1 0 1 0 1 0 0 0 0 1 1 0 1 1 0 0 0 0 1 1 0 1 0 1 0 1]
Reconstruido --> [0 0 1 1 1 0 1 0 1 0 1 0 1 0 0 1 1 0 1 1 0 0 0 0 1 1 0 1 0 1 0 1] | Precisión: 0.94
Distancia de Hamming: 2
--------------------------------------------------
Original     --> [1 1 1 0 1 0 1 0 1 0 0 0 0 0 0 0 0 0 0 1 1 1 1 0 0 1 0 0 1 0 0 0]
Reconstruido --> [1 1 1 0 1 0 1 0 1 0 0 0 0 0 0 0 0 0 0 1 1 1 1 0 0 1 0 0 1 0 0 0] | Precisión: 1.00
Distancia de Hamming: 0
--------------------------------------------------
Original     --> [1 1 1 0 0 1 0 0 0 0 0 1 0 1 0 1 1 1 1 1 0 1 0 1 1 1 0 1 1 0 0 0]
Reconstruido --> [1 1 1 0 0 1 0 0 0 0 0 1 0 1 0 1 1 1 1 1 0 1 0 1 1 1 0 1 1 0 0 0] | Precisión: 1.00
Distancia de Hamming: 0
--------------------------------------------------
Original     --> [1 0 0 0 0 1 0 1 1 0 1 0 0 1 0 1 1 0 0 1 0 0 0 0 0 0 0 0 1 0 0 0]
Reconstruido --> [1 0 0 0 0 1 0 1 1 0 1 0 0 1 0 1 1 0 0 1 0 0 0 0 0 0 0 0 1 0 0 0] | Precisión: 1.00
Distancia de Hamming: 0
--------------------------------------------------
Original     --> [0 1 0 1 0 1 0 1 0 0 1 0 0 1 1 1 0 1 0 1 1 0 1 1 1 0 0 1 0 0 0 1]
Reconstruido --> [0 1 0 1 0 1 0 1 0 0 1 0 0 1 1 1 0 1 0 1 1 0 1 1 1 0 0 1 0 0 0 1] | Precisión: 1.00
Distancia de Hamming: 0
--------------------------------------------------
Original     --> [1 1 0 1 0 0 1 1 1 1 0 0 1 0 1 1 0 0 0 1 0 1 0 0 1 1 0 0 1 1 0 1]
Reconstruido --> [1 1 0 1 0 0 1 1 1 1 0 0 1 0 1 1 0 0 0 1 0 1 0 0 1 1 0 0 1 1 0 1] | Precisión: 1.00
Distancia de Hamming: 0
--------------------------------------------------
Original     --> [0 0 0 0 1 1 0 0 0 1 0 0 1 0 0 1 1 1 1 0 1 0 0 1 1 0 1 1 0 0 1 1]
Reconstruido --> [0 0 0 1 1 1 0 0 0 1 0 0 1 0 0 1 1 1 1 0 1 0 0 0 1 1 1 1 0 1 1 1] | Precisión: 0.88
Distancia de Hamming: 4
--------------------------------------------------
Original     --> [1 0 1 1 0 0 0 1 0 1 0 0 1 0 0 0 0 1 1 1 1 0 0 0 1 1 1 0 0 1 0 0]
Reconstruido --> [1 0 1 1 0 0 0 1 0 1 0 0 1 0 0 0 0 1 1 1 1 0 0 0 1 1 1 0 0 1 0 0] | Precisión: 1.00
Distancia de Hamming: 0
--------------------------------------------------
Original     --> [0 0 1 1 1 0 1 0 0 0 1 0 0 1 0 1 1 1 0 1 0 1 0 1 1 1 1 0 1 1 0 0]
Reconstruido --> [0 0 1 1 1 0 1 0 0 0 1 0 0 1 0 1 1 1 1 0 0 1 0 1 1 1 1 0 1 1 0 0] | Precisión: 0.94
Distancia de Hamming: 2
--------------------------------------------------
Original     --> [0 1 1 1 1 0 0 1 1 0 1 1 1 1 1 1 1 0 1 0 0 0 0 1 1 1 0 0 1 1 0 1]
Reconstruido --> [0 1 1 1 1 0 0 1 1 0 1 1 1 1 1 1 1 0 1 0 0 0 0 1 1 1 0 0 1 1 0 1] | Precisión: 1.00
Distancia de Hamming: 0
--------------------------------------------------
La media de la precisión del descifrado es 0.9684
Distancia media de Hamming = 1.0101 | Número de bits: 32
Número de reconstrucciones perfectas = 5541
EVALUACIÓN CON 3600:

Original     --> [0 1 1 0 1 1 0 0 1 1 0 0 1 1 0 0 0 0 1 0 0 1 1 0 0 0 1 0 1 1 1 1]
Reconstruido --> [0 1 1 0 1 1 0 0 1 1 0 0 1 1 0 0 0 0 1 0 0 1 1 0 0 0 1 0 1 1 1 1] | Precisión: 1.00
Distancia de Hamming: 0
--------------------------------------------------
Original     --> [1 1 1 0 1 1 0 0 0 1 1 1 0 0 0 0 0 0 1 0 1 1 1 1 0 1 0 1 1 1 1 0]
Reconstruido --> [1 1 1 0 1 1 0 0 0 1 1 1 0 0 0 0 0 0 1 0 1 1 1 1 0 1 0 1 1 1 1 0] | Precisión: 1.00
Distancia de Hamming: 0
--------------------------------------------------
Original     --> [1 0 1 1 0 0 0 0 0 0 0 0 1 1 0 0 0 1 1 1 1 1 1 0 1 0 1 1 1 0 0 1]
Reconstruido --> [1 0 1 1 0 0 1 0 0 0 0 0 1 1 0 0 0 1 1 0 1 1 1 0 1 0 1 1 1 0 0 1] | Precisión: 0.94
Distancia de Hamming: 2
--------------------------------------------------
Original     --> [1 0 1 0 1 1 0 1 0 0 1 0 1 0 1 1 0 0 0 0 0 1 0 0 1 0 0 0 1 0 1 0]
Reconstruido --> [1 0 1 0 1 1 0 1 0 0 1 0 1 0 1 1 0 0 0 0 0 1 0 0 1 0 0 0 1 0 1 0] | Precisión: 1.00
Distancia de Hamming: 0
--------------------------------------------------
Original     --> [1 0 0 1 0 1 0 0 1 0 0 0 0 0 0 0 0 0 1 0 1 1 0 0 0 0 0 1 0 0 0 0]
Reconstruido --> [1 0 0 1 0 1 0 0 1 0 0 0 0 0 0 0 0 0 1 0 1 1 0 0 0 0 0 1 0 0 0 0] | Precisión: 1.00
Distancia de Hamming: 0
--------------------------------------------------
Original     --> [1 1 0 0 0 1 1 1 0 0 1 0 1 0 0 0 1 0 0 0 1 1 1 0 0 1 0 0 1 0 1 0]
Reconstruido --> [1 1 0 0 0 1 1 1 0 0 1 0 1 0 0 0 1 0 0 0 1 1 1 0 0 1 0 1 1 0 0 1] | Precisión: 0.91
Distancia de Hamming: 3
--------------------------------------------------
Original     --> [1 0 0 1 1 0 0 0 1 1 1 0 1 1 0 1 0 0 1 0 0 0 0 1 1 0 1 1 0 0 1 0]
Reconstruido --> [1 0 0 1 1 0 0 0 1 1 1 0 1 1 0 1 0 0 1 0 0 0 0 1 1 0 1 1 0 0 1 0] | Precisión: 1.00
Distancia de Hamming: 0
--------------------------------------------------
Original     --> [1 0 1 1 1 1 0 0 0 1 1 1 1 1 1 0 1 1 0 0 0 0 0 0 0 0 1 1 0 0 0 1]
Reconstruido --> [1 0 1 1 1 1 0 0 0 1 1 1 1 1 1 0 1 1 0 0 0 0 0 0 0 0 1 1 0 0 0 1] | Precisión: 1.00
Distancia de Hamming: 0
--------------------------------------------------
Original     --> [1 1 0 0 0 0 1 0 1 1 1 0 0 0 1 1 0 1 0 1 1 1 0 0 0 1 0 0 1 0 1 1]
Reconstruido --> [1 1 0 0 0 0 1 0 1 1 1 0 0 0 1 1 0 1 0 1 1 1 0 0 0 1 0 1 1 0 1 1] | Precisión: 0.97
Distancia de Hamming: 1
--------------------------------------------------
Original     --> [0 1 1 0 0 1 1 0 0 1 1 0 1 0 0 1 0 1 1 0 1 1 1 1 1 1 0 1 1 0 1 1]
Reconstruido --> [0 1 0 0 0 0 1 0 0 1 1 0 1 0 0 1 0 1 1 0 1 1 1 1 1 1 0 1 1 0 1 1] | Precisión: 0.94
Distancia de Hamming: 2
--------------------------------------------------
La media de la precisión del descifrado es 0.9682
Distancia media de Hamming = 1.0190 | Número de bits: 32
Número de reconstrucciones perfectas = 5609
EVALUACIÓN CON 3900:

Original     --> [1 0 1 0 1 0 0 1 1 0 0 0 1 1 0 1 1 0 0 0 1 1 1 0 0 0 0 0 0 0 0 1]
Reconstruido --> [1 0 1 0 1 0 0 1 1 0 0 0 1 1 0 1 1 0 0 0 1 1 1 0 0 0 0 0 0 0 0 1] | Precisión: 1.00
Distancia de Hamming: 0
--------------------------------------------------
Original     --> [0 0 0 0 1 0 0 0 1 1 0 1 1 1 0 1 1 0 0 1 0 0 1 1 1 1 0 0 1 0 1 0]
Reconstruido --> [0 0 0 1 0 0 0 0 1 1 0 1 1 1 0 1 1 0 0 0 0 1 1 1 1 1 0 0 1 0 1 0] | Precisión: 0.88
Distancia de Hamming: 4
--------------------------------------------------
Original     --> [1 0 0 1 0 1 0 1 1 1 0 1 1 0 1 1 0 1 0 1 0 0 1 0 1 0 1 0 0 1 0 1]
Reconstruido --> [1 0 0 1 0 1 0 1 1 0 0 1 1 0 1 1 0 1 0 1 0 0 1 0 1 0 1 0 0 1 0 1] | Precisión: 0.97
Distancia de Hamming: 1
--------------------------------------------------
Original     --> [1 1 1 0 0 1 1 1 0 1 0 0 1 1 0 0 0 0 0 1 1 0 1 1 1 1 1 0 0 0 0 0]
Reconstruido --> [1 1 1 0 0 1 1 1 0 1 1 0 1 1 0 0 0 0 0 1 1 0 0 1 1 1 1 0 0 0 0 0] | Precisión: 0.94
Distancia de Hamming: 2
--------------------------------------------------
Original     --> [1 0 0 1 0 1 1 0 1 0 0 0 0 0 1 1 0 1 1 0 1 1 1 0 0 0 0 0 0 0 0 1]
Reconstruido --> [1 0 0 0 1 1 1 0 1 0 0 0 0 0 1 1 0 0 1 0 1 1 1 0 0 0 0 0 0 0 0 1] | Precisión: 0.91
Distancia de Hamming: 3
--------------------------------------------------
Original     --> [1 0 0 1 0 0 0 1 0 1 1 1 0 1 0 1 1 1 0 1 0 0 1 1 0 0 0 1 1 0 0 1]
Reconstruido --> [1 0 0 1 0 0 0 1 0 1 1 1 0 1 0 1 1 1 0 1 0 0 1 1 0 0 0 1 1 0 0 1] | Precisión: 1.00
Distancia de Hamming: 0
--------------------------------------------------
Original     --> [0 0 1 0 1 1 0 1 1 1 0 1 0 1 0 1 1 1 1 0 1 1 0 0 1 0 1 1 0 1 0 0]
Reconstruido --> [0 0 1 0 1 1 0 1 1 1 0 1 0 1 0 1 1 1 1 0 1 1 0 0 1 0 1 1 0 1 0 0] | Precisión: 1.00
Distancia de Hamming: 0
--------------------------------------------------
Original     --> [0 0 0 1 0 1 0 1 0 0 1 1 1 0 1 0 1 1 1 0 0 1 0 1 1 1 0 0 1 0 1 0]
Reconstruido --> [0 0 0 1 0 1 0 1 0 0 1 1 1 0 1 0 1 1 1 0 0 1 0 1 1 1 0 0 1 0 1 0] | Precisión: 1.00
Distancia de Hamming: 0
--------------------------------------------------
Original     --> [1 0 1 0 1 1 1 0 0 1 0 1 0 1 1 1 0 0 1 0 1 1 1 1 0 0 0 0 0 1 0 0]
Reconstruido --> [1 0 1 0 1 1 1 0 0 1 0 1 0 1 1 1 0 0 1 0 1 1 1 1 0 0 0 0 0 1 0 0] | Precisión: 1.00
Distancia de Hamming: 0
--------------------------------------------------
Original     --> [1 1 1 0 1 0 1 0 1 1 0 0 1 1 0 0 0 0 1 1 0 1 0 0 1 1 1 0 1 1 0 0]
Reconstruido --> [1 1 1 0 1 0 1 0 1 1 0 0 1 0 0 0 0 0 1 1 1 1 0 0 1 1 1 0 1 1 0 0] | Precisión: 0.94
Distancia de Hamming: 2
--------------------------------------------------
La media de la precisión del descifrado es 0.9814
Distancia media de Hamming = 0.5946 | Número de bits: 32
Número de reconstrucciones perfectas = 7033
EVALUACIÓN CON 4200:

Original     --> [1 0 0 1 1 1 1 1 0 0 0 1 1 0 1 1 0 1 0 1 1 0 1 0 1 1 1 0 1 1 0 1]
Reconstruido --> [1 0 0 1 1 1 1 1 0 0 0 1 1 0 1 1 0 1 0 1 1 0 1 0 1 1 1 0 1 1 0 1] | Precisión: 1.00
Distancia de Hamming: 0
--------------------------------------------------
Original     --> [1 1 0 0 1 0 0 1 0 0 0 0 1 0 1 1 0 1 0 0 0 0 0 0 1 0 1 0 1 1 1 0]
Reconstruido --> [1 1 0 0 1 0 0 1 0 0 0 0 1 0 1 1 0 1 0 0 0 0 0 0 1 0 1 0 1 1 1 0] | Precisión: 1.00
Distancia de Hamming: 0
--------------------------------------------------
Original     --> [0 0 0 0 0 1 0 1 0 0 0 0 0 0 1 1 0 1 0 0 0 0 1 0 1 0 0 0 1 1 0 0]
Reconstruido --> [0 0 0 0 0 1 0 1 0 0 0 0 0 0 1 1 0 1 0 0 0 0 1 0 1 0 0 0 1 1 0 0] | Precisión: 1.00
Distancia de Hamming: 0
--------------------------------------------------
Original     --> [0 1 1 1 1 1 0 0 1 0 0 0 1 0 1 0 0 1 1 0 0 1 0 1 1 0 1 0 1 1 0 0]
Reconstruido --> [0 1 1 1 1 1 1 0 1 0 0 1 1 0 1 0 0 1 1 0 0 1 0 1 0 0 1 0 1 1 0 0] | Precisión: 0.91
Distancia de Hamming: 3
--------------------------------------------------
Original     --> [0 0 0 1 1 0 1 0 0 1 1 1 0 0 1 1 0 1 0 1 1 0 0 0 0 1 1 1 1 0 1 1]
Reconstruido --> [0 0 0 1 1 0 1 0 0 1 1 1 0 0 1 1 0 1 0 1 1 0 0 0 0 1 1 1 1 0 1 1] | Precisión: 1.00
Distancia de Hamming: 0
--------------------------------------------------
Original     --> [1 0 1 1 0 1 0 1 0 0 0 1 0 0 0 1 0 0 0 0 0 0 0 1 0 0 0 1 0 1 0 0]
Reconstruido --> [1 0 1 1 0 1 0 1 0 0 0 1 0 0 0 1 0 0 0 0 0 0 1 1 0 0 0 1 0 1 0 0] | Precisión: 0.97
Distancia de Hamming: 1
--------------------------------------------------
Original     --> [1 1 1 1 0 0 0 1 1 1 1 1 1 1 1 0 0 0 1 0 0 0 0 1 1 1 1 0 1 0 0 0]
Reconstruido --> [1 1 1 1 0 0 0 1 1 1 1 1 1 1 1 0 0 0 1 0 0 0 0 1 1 1 1 0 1 0 0 0] | Precisión: 1.00
Distancia de Hamming: 0
--------------------------------------------------
Original     --> [1 0 0 1 1 0 1 1 0 0 1 0 0 0 1 1 1 0 1 0 0 1 1 0 1 1 0 1 0 1 1 1]
Reconstruido --> [1 0 1 1 1 0 1 1 0 0 1 0 0 0 1 1 1 0 1 0 0 1 1 0 1 1 0 1 0 1 1 1] | Precisión: 0.97
Distancia de Hamming: 1
--------------------------------------------------
Original     --> [1 1 1 1 1 0 1 1 0 1 1 0 1 1 1 1 0 0 1 0 0 1 0 0 1 1 0 1 1 0 1 1]
Reconstruido --> [1 1 1 1 1 0 1 1 0 1 1 0 1 1 1 1 0 0 1 0 0 1 0 0 1 1 0 1 1 0 1 1] | Precisión: 1.00
Distancia de Hamming: 0
--------------------------------------------------
Original     --> [1 0 0 0 1 1 0 0 1 0 0 1 0 1 0 1 1 0 1 1 0 0 0 0 1 0 0 0 1 1 1 1]
Reconstruido --> [1 0 0 0 1 1 0 0 1 0 0 1 0 1 0 1 1 0 1 1 0 0 0 0 1 0 0 0 1 1 1 1] | Precisión: 1.00
Distancia de Hamming: 0
--------------------------------------------------
La media de la precisión del descifrado es 0.9792
Distancia media de Hamming = 0.6640 | Número de bits: 32
Número de reconstrucciones perfectas = 6913
EVALUACIÓN CON 4500:

Original     --> [1 1 0 0 0 1 1 1 1 0 0 0 0 1 1 1 0 0 0 0 1 1 1 0 0 0 0 1 0 1 1 0]
Reconstruido --> [1 1 0 0 0 1 1 1 1 0 0 0 0 1 0 1 0 0 0 0 1 1 1 0 1 0 0 1 0 0 1 0] | Precisión: 0.91
Distancia de Hamming: 3
--------------------------------------------------
Original     --> [0 1 1 1 0 0 0 1 0 0 1 1 1 1 0 0 0 1 1 1 0 0 0 1 0 1 1 1 1 0 0 1]
Reconstruido --> [0 1 1 1 0 0 0 1 0 0 1 1 1 1 0 0 0 1 1 1 0 0 0 1 0 1 1 1 1 0 0 1] | Precisión: 1.00
Distancia de Hamming: 0
--------------------------------------------------
Original     --> [1 0 0 0 1 1 0 0 0 0 1 1 0 1 0 1 1 0 0 1 1 1 1 0 0 0 0 1 0 0 1 0]
Reconstruido --> [1 0 1 0 1 1 0 0 0 0 1 1 0 1 0 1 1 0 0 1 1 1 1 0 0 0 0 1 0 0 1 0] | Precisión: 0.97
Distancia de Hamming: 1
--------------------------------------------------
Original     --> [1 1 0 1 1 1 0 1 0 1 1 1 0 1 0 1 0 0 0 1 0 0 1 0 0 0 0 1 0 0 0 1]
Reconstruido --> [1 1 0 1 1 1 0 1 0 1 1 1 0 1 0 0 0 0 0 1 0 0 1 0 0 0 0 1 0 0 0 1] | Precisión: 0.97
Distancia de Hamming: 1
--------------------------------------------------
Original     --> [0 0 1 1 0 0 0 0 1 1 1 0 0 0 1 1 1 0 1 1 1 1 1 0 1 1 1 1 1 0 0 1]
Reconstruido --> [0 0 1 1 0 0 0 0 1 0 1 0 0 1 1 1 1 0 1 1 1 1 1 0 1 1 0 1 1 0 0 1] | Precisión: 0.91
Distancia de Hamming: 3
--------------------------------------------------
Original     --> [0 1 1 0 1 0 1 0 1 0 0 1 0 1 0 1 1 0 1 1 1 1 1 0 0 0 0 0 0 1 0 1]
Reconstruido --> [0 1 1 0 0 0 0 0 1 0 1 1 0 1 0 1 1 1 1 1 1 1 1 0 0 0 0 0 0 1 0 1] | Precisión: 0.88
Distancia de Hamming: 4
--------------------------------------------------
Original     --> [1 1 0 0 0 0 1 1 1 0 1 1 0 0 0 0 0 1 1 1 1 0 0 0 1 0 1 0 0 1 0 1]
Reconstruido --> [1 1 0 0 0 0 1 1 1 0 1 1 0 0 0 0 0 1 1 1 1 0 0 0 1 0 1 0 0 1 0 1] | Precisión: 1.00
Distancia de Hamming: 0
--------------------------------------------------
Original     --> [1 1 1 1 0 0 0 1 1 0 1 1 0 1 1 0 1 1 0 1 1 1 0 1 1 0 1 0 0 0 1 0]
Reconstruido --> [1 1 1 1 0 0 0 1 1 0 1 1 0 1 1 0 1 1 0 0 1 1 0 1 1 0 1 0 0 0 1 0] | Precisión: 0.97
Distancia de Hamming: 1
--------------------------------------------------
Original     --> [0 0 1 0 1 0 0 1 0 1 1 0 0 1 0 1 0 0 1 0 1 0 1 1 1 0 1 0 0 1 1 1]
Reconstruido --> [0 0 1 0 1 0 0 1 0 1 1 0 0 1 0 1 0 0 1 0 1 0 1 1 1 0 1 0 0 1 1 1] | Precisión: 1.00
Distancia de Hamming: 0
--------------------------------------------------
Original     --> [0 0 1 1 0 0 1 1 0 1 1 1 0 0 1 0 1 1 0 0 1 0 1 1 1 1 1 0 0 0 0 1]
Reconstruido --> [1 0 1 1 0 0 1 1 0 1 1 1 0 1 1 0 1 1 0 0 0 0 1 1 1 1 0 0 0 0 0 1] | Precisión: 0.88
Distancia de Hamming: 4
--------------------------------------------------
La media de la precisión del descifrado es 0.9655
Distancia media de Hamming = 1.1026 | Número de bits: 32
Número de reconstrucciones perfectas = 5211
EVALUACIÓN CON 4800:

Original     --> [1 0 0 1 1 1 1 1 0 1 1 0 0 0 0 0 1 1 1 0 1 1 0 0 1 1 1 1 1 0 1 1]
Reconstruido --> [1 0 0 1 1 1 1 1 0 0 1 0 0 0 0 0 1 1 1 0 1 1 0 1 1 1 1 1 1 0 1 1] | Precisión: 0.94
Distancia de Hamming: 2
--------------------------------------------------
Original     --> [0 0 1 1 0 0 1 0 0 0 0 1 1 1 0 0 0 1 1 1 1 1 1 1 1 1 1 0 1 1 1 1]
Reconstruido --> [0 0 1 1 0 0 1 0 0 0 0 1 1 1 0 0 0 1 1 1 1 1 1 1 1 1 1 0 1 1 1 1] | Precisión: 1.00
Distancia de Hamming: 0
--------------------------------------------------
Original     --> [0 1 1 0 1 1 0 1 0 1 0 1 1 1 1 1 0 0 0 0 1 1 1 1 0 0 0 0 1 1 0 0]
Reconstruido --> [0 1 1 0 1 1 0 1 0 1 0 1 1 1 1 1 0 0 0 0 1 1 1 1 0 0 0 0 1 1 0 0] | Precisión: 1.00
Distancia de Hamming: 0
--------------------------------------------------
Original     --> [1 1 1 1 0 0 0 0 0 0 1 1 1 0 0 0 1 1 1 1 0 0 1 1 1 1 1 0 0 0 0 1]
Reconstruido --> [1 1 1 1 0 0 0 0 0 0 1 1 1 0 0 0 1 1 1 1 0 0 1 1 1 1 1 0 0 0 0 1] | Precisión: 1.00
Distancia de Hamming: 0
--------------------------------------------------
Original     --> [1 1 1 1 0 0 1 1 0 1 1 0 0 1 1 1 0 0 0 0 1 0 1 0 0 1 0 1 1 0 0 1]
Reconstruido --> [1 1 1 1 0 0 1 1 0 1 1 0 0 1 1 1 0 0 0 0 1 0 1 0 0 1 0 1 1 0 0 1] | Precisión: 1.00
Distancia de Hamming: 0
--------------------------------------------------
Original     --> [0 0 0 0 0 0 0 1 0 0 1 1 1 1 0 0 0 0 1 0 0 1 0 0 0 0 1 1 1 0 0 0]
Reconstruido --> [0 0 0 0 0 0 0 1 0 0 1 1 1 1 0 0 0 0 1 0 0 1 0 0 0 0 1 1 1 0 0 0] | Precisión: 1.00
Distancia de Hamming: 0
--------------------------------------------------
Original     --> [1 0 0 0 1 1 1 0 1 0 1 1 0 1 1 0 1 1 1 1 1 0 1 1 1 1 0 1 1 1 0 1]
Reconstruido --> [1 0 0 0 1 1 1 1 1 0 1 1 0 1 1 0 1 1 1 1 1 0 1 1 1 1 0 1 0 1 0 1] | Precisión: 0.94
Distancia de Hamming: 2
--------------------------------------------------
Original     --> [0 0 0 1 0 1 1 0 1 0 1 0 1 0 1 1 0 1 0 1 1 0 1 1 1 0 1 0 1 1 0 0]
Reconstruido --> [0 0 0 1 0 1 1 0 1 0 1 0 1 0 1 1 0 1 0 1 1 0 1 1 1 0 1 0 1 1 0 0] | Precisión: 1.00
Distancia de Hamming: 0
--------------------------------------------------
Original     --> [1 1 0 0 1 0 1 0 1 1 1 1 1 0 1 1 1 0 1 0 1 0 0 1 0 1 0 0 1 0 1 1]
Reconstruido --> [1 1 0 0 1 0 1 0 1 1 1 1 1 0 1 1 1 0 1 0 1 0 0 1 0 1 0 0 0 0 1 1] | Precisión: 0.97
Distancia de Hamming: 1
--------------------------------------------------
Original     --> [0 1 0 0 1 0 1 0 0 0 0 1 1 0 1 0 1 0 1 1 0 1 0 0 1 0 0 0 0 0 1 1]
Reconstruido --> [0 1 0 0 1 0 1 0 0 0 0 1 1 0 1 0 1 0 1 1 0 1 0 0 1 0 0 0 0 0 1 1] | Precisión: 1.00
Distancia de Hamming: 0
--------------------------------------------------
La media de la precisión del descifrado es 0.9551
Distancia media de Hamming = 1.4366 | Número de bits: 32
Número de reconstrucciones perfectas = 3973
EVALUACIÓN CON 5100:

Original     --> [1 0 1 0 1 0 0 1 0 0 0 1 0 1 1 1 1 0 0 0 0 0 0 1 0 0 1 1 1 0 0 0]
Reconstruido --> [1 0 1 0 1 0 0 1 0 0 0 1 0 1 1 1 1 0 0 0 0 0 0 1 0 0 1 1 1 0 0 0] | Precisión: 1.00
Distancia de Hamming: 0
--------------------------------------------------
Original     --> [0 0 0 1 1 1 0 1 0 1 0 0 1 0 0 0 1 1 1 0 1 1 1 0 1 0 1 0 1 1 1 1]
Reconstruido --> [0 0 0 1 1 1 0 1 0 1 0 0 1 0 0 0 1 1 1 0 1 1 1 0 1 0 1 0 1 1 1 1] | Precisión: 1.00
Distancia de Hamming: 0
--------------------------------------------------
Original     --> [0 1 0 0 1 0 0 1 1 0 1 0 0 1 1 1 1 0 0 1 1 1 0 0 1 1 1 0 1 1 1 0]
Reconstruido --> [0 1 0 0 1 0 0 1 1 0 1 0 0 1 1 1 1 0 0 1 1 1 0 0 1 1 1 0 1 1 1 0] | Precisión: 1.00
Distancia de Hamming: 0
--------------------------------------------------
Original     --> [1 0 0 1 1 0 0 1 0 1 1 1 1 1 1 0 0 1 0 1 1 1 1 1 0 0 0 0 0 0 1 1]
Reconstruido --> [1 0 0 1 1 0 0 1 0 1 1 1 1 1 1 0 0 1 0 1 1 1 1 1 0 0 0 0 0 0 1 1] | Precisión: 1.00
Distancia de Hamming: 0
--------------------------------------------------
Original     --> [1 1 0 1 1 0 0 1 0 0 1 0 0 1 1 0 0 0 0 0 0 1 1 1 1 0 1 1 0 0 0 1]
Reconstruido --> [1 1 0 1 1 0 0 1 0 0 1 0 0 0 1 0 0 0 0 0 0 1 0 1 1 0 1 1 0 0 1 0] | Precisión: 0.88
Distancia de Hamming: 4
--------------------------------------------------
Original     --> [0 1 1 1 1 1 1 1 0 0 1 0 0 1 1 0 0 0 0 0 0 1 0 0 1 0 1 1 1 1 0 0]
Reconstruido --> [0 1 1 1 1 1 1 1 0 0 1 0 0 1 1 0 0 0 0 0 0 1 0 0 1 0 1 1 1 1 0 0] | Precisión: 1.00
Distancia de Hamming: 0
--------------------------------------------------
Original     --> [0 1 1 0 1 0 0 0 0 0 0 0 1 1 0 1 0 1 1 0 1 1 0 1 0 1 0 0 0 0 0 1]
Reconstruido --> [0 1 1 0 1 0 0 0 0 0 0 0 1 1 0 1 0 1 1 0 1 1 0 1 0 1 0 0 0 0 0 1] | Precisión: 1.00
Distancia de Hamming: 0
--------------------------------------------------
Original     --> [0 0 1 1 1 1 0 0 1 1 1 1 0 0 1 1 0 1 0 1 1 1 1 0 0 1 0 1 1 0 1 0]
Reconstruido --> [0 0 1 1 1 1 0 0 1 1 1 1 0 0 1 1 0 1 0 1 1 1 1 0 0 1 0 1 1 0 1 0] | Precisión: 1.00
Distancia de Hamming: 0
--------------------------------------------------
Original     --> [0 0 1 0 1 0 0 0 0 0 1 0 1 1 1 0 1 0 0 1 0 1 1 0 1 0 1 1 0 0 1 1]
Reconstruido --> [0 0 1 0 1 0 0 0 0 0 1 0 1 0 1 0 1 0 1 1 0 1 1 0 1 1 1 1 0 0 1 1] | Precisión: 0.91
Distancia de Hamming: 3
--------------------------------------------------
Original     --> [0 0 1 1 0 1 0 1 1 1 0 1 1 1 0 1 1 1 1 1 1 1 1 0 1 1 1 1 1 0 0 1]
Reconstruido --> [0 0 1 1 0 1 0 1 1 1 0 1 1 1 0 1 1 1 1 1 1 1 1 0 1 1 1 1 1 0 0 1] | Precisión: 1.00
Distancia de Hamming: 0
--------------------------------------------------
La media de la precisión del descifrado es 0.9793
Distancia media de Hamming = 0.6625 | Número de bits: 32
Número de reconstrucciones perfectas = 6956
EVALUACIÓN CON 5400:

Original     --> [1 0 0 1 1 0 0 1 1 0 1 0 1 1 1 0 1 0 1 0 0 0 1 1 1 0 1 0 1 1 0 1]
Reconstruido --> [1 0 0 1 1 0 0 1 1 0 1 0 1 1 1 0 1 0 1 0 0 0 1 1 1 0 1 0 1 1 0 1] | Precisión: 1.00
Distancia de Hamming: 0
--------------------------------------------------
Original     --> [1 1 1 1 0 0 0 1 0 1 0 0 0 1 1 0 1 0 1 1 1 1 1 0 1 1 1 1 1 1 0 1]
Reconstruido --> [1 1 1 1 0 0 0 1 0 1 0 0 0 1 1 0 1 0 1 1 1 1 1 0 1 1 1 1 1 1 0 1] | Precisión: 1.00
Distancia de Hamming: 0
--------------------------------------------------
Original     --> [1 1 1 0 0 1 0 1 1 1 1 1 1 0 1 1 1 0 1 0 1 0 0 0 0 1 0 0 0 1 0 1]
Reconstruido --> [1 1 1 0 0 1 0 1 1 1 1 1 1 0 1 1 1 0 1 0 1 0 0 0 0 1 0 0 0 1 0 1] | Precisión: 1.00
Distancia de Hamming: 0
--------------------------------------------------
Original     --> [0 1 1 0 0 1 0 0 0 1 1 1 0 0 0 1 0 1 1 1 1 0 1 1 0 0 0 1 1 1 0 1]
Reconstruido --> [0 1 1 0 0 1 0 0 0 1 1 1 0 0 0 1 0 1 1 1 1 0 1 1 0 0 0 1 1 1 0 1] | Precisión: 1.00
Distancia de Hamming: 0
--------------------------------------------------
Original     --> [0 1 0 1 0 1 0 0 0 0 1 0 0 0 0 0 1 0 1 0 1 0 0 0 1 0 1 0 0 1 0 1]
Reconstruido --> [0 1 0 1 0 1 0 0 0 0 1 0 0 0 0 0 1 0 1 0 1 0 0 0 1 0 1 0 0 1 0 1] | Precisión: 1.00
Distancia de Hamming: 0
--------------------------------------------------
Original     --> [0 1 1 0 1 0 1 0 1 0 1 1 0 1 0 0 1 1 0 0 1 0 1 1 0 0 1 1 1 1 1 1]
Reconstruido --> [0 1 1 0 1 0 1 0 1 0 1 1 0 1 0 0 1 1 0 0 1 0 1 1 0 0 1 1 1 1 1 1] | Precisión: 1.00
Distancia de Hamming: 0
--------------------------------------------------
Original     --> [1 1 1 1 1 1 1 1 0 1 1 1 0 0 0 0 1 1 1 0 1 1 0 0 1 1 0 0 1 1 1 0]
Reconstruido --> [0 1 1 1 1 1 1 1 0 1 1 1 0 0 0 0 1 1 1 0 1 1 0 0 1 1 0 0 1 1 1 0] | Precisión: 0.97
Distancia de Hamming: 1
--------------------------------------------------
Original     --> [1 0 1 1 0 1 1 0 1 0 1 0 1 1 0 1 1 0 1 0 0 1 1 1 0 1 1 0 1 0 0 1]
Reconstruido --> [1 0 1 1 0 1 1 0 1 0 1 0 1 1 0 0 1 0 1 0 0 1 1 1 0 1 1 0 1 0 0 1] | Precisión: 0.97
Distancia de Hamming: 1
--------------------------------------------------
Original     --> [1 1 0 0 0 1 0 0 1 1 1 1 0 1 0 1 1 1 1 0 0 1 1 1 1 1 0 0 0 1 0 0]
Reconstruido --> [1 1 0 0 0 0 0 0 1 1 1 1 0 1 0 1 1 1 1 0 1 0 1 1 1 1 0 0 0 1 0 0] | Precisión: 0.91
Distancia de Hamming: 3
--------------------------------------------------
Original     --> [0 1 0 1 0 1 0 0 0 0 1 1 0 1 1 0 0 1 1 1 1 1 1 1 1 0 1 0 0 1 1 1]
Reconstruido --> [0 1 0 1 0 1 0 0 0 0 1 1 0 1 1 0 0 1 1 1 1 1 1 1 1 0 1 0 0 1 1 1] | Precisión: 1.00
Distancia de Hamming: 0
--------------------------------------------------
La media de la precisión del descifrado es 0.9791
Distancia media de Hamming = 0.6674 | Número de bits: 32
Número de reconstrucciones perfectas = 6873
EVALUACIÓN CON 5700:

Original     --> [0 0 0 1 1 0 0 1 0 1 1 1 0 0 1 1 1 0 0 1 0 0 0 0 0 0 0 1 0 0 0 1]
Reconstruido --> [0 0 0 1 1 0 0 1 0 1 1 1 0 0 1 1 1 0 0 1 0 0 0 0 0 0 0 1 0 0 0 1] | Precisión: 1.00
Distancia de Hamming: 0
--------------------------------------------------
Original     --> [1 1 1 1 1 0 1 0 1 0 0 1 1 0 1 1 1 0 1 0 1 0 0 1 0 1 1 1 1 0 0 0]
Reconstruido --> [1 1 1 1 1 0 1 0 1 0 0 1 1 0 1 1 1 0 1 0 1 0 0 1 0 1 1 1 0 0 0 0] | Precisión: 0.97
Distancia de Hamming: 1
--------------------------------------------------
Original     --> [1 0 0 1 1 1 0 0 1 1 1 1 0 1 1 0 0 0 1 0 0 1 1 1 0 1 1 1 1 0 1 1]
Reconstruido --> [1 0 0 1 1 1 0 0 1 1 1 1 0 1 1 0 0 0 1 0 0 1 1 1 0 1 1 1 1 0 1 1] | Precisión: 1.00
Distancia de Hamming: 0
--------------------------------------------------
Original     --> [0 1 1 1 0 1 1 0 0 1 0 1 1 1 1 0 0 1 1 1 0 1 0 0 1 0 1 1 1 1 0 1]
Reconstruido --> [0 0 1 0 0 1 1 0 0 1 0 1 1 1 1 1 0 1 1 1 0 1 0 0 1 0 1 1 1 1 0 1] | Precisión: 0.91
Distancia de Hamming: 3
--------------------------------------------------
Original     --> [1 0 0 1 1 1 1 0 1 0 1 0 1 0 1 1 0 1 0 0 0 0 1 0 1 1 0 1 1 0 0 0]
Reconstruido --> [1 0 0 1 1 1 1 0 1 0 1 0 1 0 1 1 0 1 0 0 0 0 1 0 1 1 0 1 1 0 0 1] | Precisión: 0.97
Distancia de Hamming: 1
--------------------------------------------------
Original     --> [0 0 1 1 0 0 0 0 0 1 0 0 1 1 0 0 1 0 0 0 0 0 0 0 1 0 1 1 0 1 0 1]
Reconstruido --> [0 0 1 1 0 0 0 0 0 1 0 0 1 1 0 0 1 0 0 0 0 0 0 0 1 0 1 1 0 1 0 1] | Precisión: 1.00
Distancia de Hamming: 0
--------------------------------------------------
Original     --> [0 1 0 1 0 0 0 1 0 1 1 1 0 0 0 1 0 0 0 0 1 0 1 1 0 1 1 0 0 1 1 0]
Reconstruido --> [0 1 0 1 0 0 0 1 0 1 1 1 0 0 0 1 0 0 0 0 1 0 1 1 0 1 1 0 0 1 1 0] | Precisión: 1.00
Distancia de Hamming: 0
--------------------------------------------------
Original     --> [1 0 0 1 0 0 1 0 1 1 1 0 1 1 1 1 1 0 1 1 0 1 0 0 1 0 1 1 0 0 1 0]
Reconstruido --> [1 0 0 1 0 0 1 0 1 1 1 0 1 1 1 1 1 0 1 1 0 1 0 0 1 0 1 1 0 0 1 0] | Precisión: 1.00
Distancia de Hamming: 0
--------------------------------------------------
Original     --> [1 0 0 0 0 1 1 0 1 0 0 1 1 1 1 1 1 0 1 1 1 1 0 0 0 1 0 1 1 1 1 1]
Reconstruido --> [1 0 0 0 0 0 1 0 1 0 0 0 1 1 1 1 1 0 1 1 1 0 0 0 0 1 0 1 1 1 1 1] | Precisión: 0.91
Distancia de Hamming: 3
--------------------------------------------------
Original     --> [1 1 0 1 1 1 0 1 0 0 1 0 1 0 1 0 1 1 0 1 0 0 0 0 0 1 1 0 1 1 0 0]
Reconstruido --> [1 1 0 1 1 1 0 1 0 0 1 0 1 0 1 0 1 1 0 1 0 0 0 0 0 1 0 0 1 1 0 0] | Precisión: 0.97
Distancia de Hamming: 1
--------------------------------------------------
La media de la precisión del descifrado es 0.9668
Distancia media de Hamming = 1.0618 | Número de bits: 32
Número de reconstrucciones perfectas = 5435
EVALUACIÓN CON 6000:

Original     --> [0 0 1 1 1 0 1 0 0 1 0 0 1 0 0 1 1 0 0 0 0 1 1 1 1 1 1 1 0 0 1 1]
Reconstruido --> [0 0 1 1 1 0 1 0 0 1 0 0 1 0 0 1 1 0 0 0 0 1 1 1 1 1 1 1 0 0 1 1] | Precisión: 1.00
Distancia de Hamming: 0
--------------------------------------------------
Original     --> [1 0 1 0 0 1 1 1 1 1 1 0 1 1 1 0 1 1 1 0 1 0 1 0 0 0 0 0 1 0 0 1]
Reconstruido --> [1 0 1 0 0 1 1 1 1 1 1 0 1 1 1 0 1 1 1 0 1 0 1 0 0 0 0 0 1 0 0 1] | Precisión: 1.00
Distancia de Hamming: 0
--------------------------------------------------
Original     --> [1 1 0 0 0 0 1 0 1 0 1 0 0 1 1 1 1 0 1 0 1 0 1 0 1 1 0 0 1 0 0 1]
Reconstruido --> [0 1 0 0 0 0 1 1 1 0 1 1 1 1 1 1 1 0 1 0 1 0 1 0 1 1 0 0 1 0 0 1] | Precisión: 0.88
Distancia de Hamming: 4
--------------------------------------------------
Original     --> [1 0 1 1 1 0 0 1 0 1 1 0 1 0 1 0 1 1 0 0 0 0 1 0 0 0 1 1 0 0 1 1]
Reconstruido --> [1 0 1 1 1 0 0 1 0 1 1 0 1 0 1 0 1 1 0 0 0 0 1 0 0 0 1 1 0 0 1 1] | Precisión: 1.00
Distancia de Hamming: 0
--------------------------------------------------
Original     --> [1 0 0 1 0 0 1 1 0 0 1 1 1 0 0 1 1 1 0 1 0 1 1 1 0 1 0 0 1 1 0 1]
Reconstruido --> [1 0 0 1 0 0 1 1 0 0 1 1 1 0 0 1 1 1 0 1 0 1 1 1 0 1 0 0 1 1 0 1] | Precisión: 1.00
Distancia de Hamming: 0
--------------------------------------------------
Original     --> [0 1 1 0 0 0 0 0 1 1 0 0 1 0 1 1 0 1 0 1 1 0 1 0 1 0 1 0 0 1 0 1]
Reconstruido --> [0 1 1 0 0 0 0 0 1 1 0 0 1 0 1 1 0 1 0 1 1 0 1 0 1 0 1 0 0 1 0 1] | Precisión: 1.00
Distancia de Hamming: 0
--------------------------------------------------
Original     --> [0 0 0 1 1 1 1 1 0 1 1 0 1 0 1 1 1 0 0 0 0 1 0 0 1 0 0 1 1 1 0 0]
Reconstruido --> [0 0 0 1 1 1 1 1 0 1 1 0 1 0 1 1 1 0 0 0 0 1 0 0 1 0 0 1 1 1 0 1] | Precisión: 0.97
Distancia de Hamming: 1
--------------------------------------------------
Original     --> [0 1 1 0 0 0 0 0 1 1 1 0 1 0 1 1 0 0 0 0 1 1 1 0 0 0 0 0 0 0 1 1]
Reconstruido --> [0 1 1 0 0 0 0 0 1 1 1 0 1 0 1 1 0 0 0 0 1 1 1 0 0 0 0 0 0 0 1 1] | Precisión: 1.00
Distancia de Hamming: 0
--------------------------------------------------
Original     --> [1 1 0 0 0 1 1 1 1 0 1 1 1 0 1 0 1 0 0 1 1 0 1 0 1 0 1 1 0 0 0 0]
Reconstruido --> [1 1 0 0 0 1 1 1 1 0 1 1 1 0 1 0 1 0 0 1 1 0 1 0 1 0 1 1 0 0 0 0] | Precisión: 1.00
Distancia de Hamming: 0
--------------------------------------------------
Original     --> [0 0 0 1 1 0 0 0 1 0 1 0 0 0 0 1 0 1 1 1 1 0 1 1 0 1 1 1 1 1 0 1]
Reconstruido --> [0 0 0 1 1 0 0 0 0 0 1 0 1 0 0 1 0 1 0 1 1 0 1 1 1 1 1 1 1 1 0 1] | Precisión: 0.88
Distancia de Hamming: 4
--------------------------------------------------
La media de la precisión del descifrado es 0.9677
Distancia media de Hamming = 1.0324 | Número de bits: 32
Número de reconstrucciones perfectas = 5557


Tiempo total de ejecución: 3688.6199431419373

