-- RESULTS FROM EXPERIMENT 1.1. --

Número de mensajes = 10000
Número de bits = 32
Tamaño del batch = 256
Adam optimizer learning rate = 0.001
Epochs totales = 6000
Epochs iniciales = 300

EVALUACIÓN CON 300:

Original     --> [1 1 0 0 1 0 1 1 0 1 1 1 0 0 0 1 1 0 1 0 1 1 0 0 0 0 1 0 1 1 0 0]
Reconstruido --> [1 1 0 0 1 0 1 1 0 0 1 1 0 1 0 1 1 0 1 0 1 1 1 1 0 1 1 0 0 1 0 0] | Precisión: 0.81
Distancia de Hamming: 6
--------------------------------------------------
Original     --> [0 0 0 0 1 1 1 1 1 1 1 1 0 1 1 0 0 1 1 1 0 0 1 1 1 0 1 1 1 1 1 0]
Reconstruido --> [0 0 0 0 1 1 1 1 1 0 0 1 0 0 1 0 0 1 1 1 0 0 1 0 1 0 1 1 1 1 1 0] | Precisión: 0.88
Distancia de Hamming: 4
--------------------------------------------------
Original     --> [1 0 0 0 0 1 0 1 1 0 0 0 1 1 0 0 0 0 0 0 1 1 1 1 0 0 1 0 1 0 1 0]
Reconstruido --> [1 0 0 0 0 1 0 1 1 0 0 1 1 1 0 0 0 0 0 0 1 1 1 1 0 0 1 0 1 0 1 0] | Precisión: 0.97
Distancia de Hamming: 1
--------------------------------------------------
Original     --> [0 1 1 0 1 1 0 1 0 1 0 0 1 1 0 0 1 0 1 0 0 0 1 0 0 0 1 1 0 1 1 0]
Reconstruido --> [0 1 1 0 1 1 0 1 0 1 0 0 1 1 0 0 1 0 1 0 0 0 1 0 0 0 1 1 0 1 1 0] | Precisión: 1.00
Distancia de Hamming: 0
--------------------------------------------------
Original     --> [0 0 1 0 0 0 1 0 1 1 0 1 0 0 0 1 1 0 1 1 0 0 1 0 1 0 1 1 1 1 0 1]
Reconstruido --> [0 0 1 0 1 0 1 0 1 0 0 1 0 0 0 1 1 1 1 1 0 0 1 1 1 0 0 1 1 1 0 1] | Precisión: 0.84
Distancia de Hamming: 5
--------------------------------------------------
Original     --> [1 0 1 1 0 0 1 1 1 0 1 0 1 1 0 1 1 1 1 1 1 0 0 1 1 1 0 0 1 0 0 0]
Reconstruido --> [1 0 0 1 0 0 1 0 1 0 1 0 0 1 0 1 1 0 1 1 1 1 0 1 1 1 1 0 1 0 0 0] | Precisión: 0.81
Distancia de Hamming: 6
--------------------------------------------------
Original     --> [0 0 0 1 0 1 0 1 1 1 1 0 1 0 0 1 1 0 0 0 1 1 0 0 0 0 0 0 1 0 0 1]
Reconstruido --> [0 0 0 1 0 1 1 1 1 1 1 0 1 0 0 1 1 0 0 0 1 1 0 0 0 1 0 0 1 0 0 0] | Precisión: 0.91
Distancia de Hamming: 3
--------------------------------------------------
Original     --> [0 0 0 1 1 1 1 1 1 1 1 1 1 0 0 1 1 1 1 1 1 1 0 1 1 1 0 0 0 1 0 1]
Reconstruido --> [0 0 0 1 1 1 1 1 1 1 1 1 1 0 0 1 1 1 1 1 1 1 0 1 1 1 0 0 0 1 0 1] | Precisión: 1.00
Distancia de Hamming: 0
--------------------------------------------------
Original     --> [1 1 1 1 0 1 1 0 0 0 1 0 0 0 1 0 1 0 0 0 0 0 0 1 0 0 0 0 1 1 1 1]
Reconstruido --> [0 1 1 1 0 1 1 0 0 0 1 0 0 0 1 0 1 0 0 0 0 0 0 1 0 0 0 0 1 1 1 1] | Precisión: 0.97
Distancia de Hamming: 1
--------------------------------------------------
Original     --> [1 1 1 1 0 0 1 1 0 1 1 0 0 0 1 1 0 1 0 1 1 0 0 0 0 1 0 0 0 0 1 1]
Reconstruido --> [1 1 1 1 0 0 1 1 0 1 1 0 0 0 1 1 0 0 0 1 1 1 0 0 0 1 0 0 0 0 1 1] | Precisión: 0.94
Distancia de Hamming: 2
--------------------------------------------------
La media de la precisión del descifrado es 0.9005
Distancia media de Hamming = 3.1839 | Número de bits: 32
Número de reconstrucciones perfectas = 783



EVALUACIÓN CON 600:

Original     --> [1 0 0 1 1 0 0 0 1 0 1 1 1 1 0 1 1 1 0 0 0 1 1 0 0 1 0 0 1 1 0 0]
Reconstruido --> [1 0 0 1 1 0 0 0 1 0 1 1 1 1 0 1 1 1 0 0 0 1 1 0 0 1 0 0 1 1 0 0] | Precisión: 1.00
Distancia de Hamming: 0
--------------------------------------------------
Original     --> [1 1 0 1 0 0 0 1 0 0 1 0 0 0 0 0 1 1 1 1 1 0 1 1 0 0 1 1 0 0 0 0]
Reconstruido --> [1 1 0 1 0 1 0 1 0 0 1 0 0 0 0 0 1 1 1 1 1 0 1 1 0 0 1 1 0 0 0 0] | Precisión: 0.97
Distancia de Hamming: 1
--------------------------------------------------
Original     --> [0 0 1 0 0 1 1 0 0 1 0 0 1 0 0 0 1 1 1 0 1 1 1 0 1 1 0 0 0 1 1 0]
Reconstruido --> [0 0 1 0 0 1 1 0 0 1 0 0 1 0 0 0 1 1 1 0 1 1 1 0 1 1 0 0 0 1 1 0] | Precisión: 1.00
Distancia de Hamming: 0
--------------------------------------------------
Original     --> [1 0 1 0 1 0 1 1 0 0 1 0 0 1 0 0 1 1 1 1 1 1 1 0 1 1 0 1 1 1 0 0]
Reconstruido --> [1 0 1 0 1 0 1 1 0 1 1 0 0 0 0 0 1 0 1 1 0 1 1 0 1 1 0 1 1 1 0 0] | Precisión: 0.88
Distancia de Hamming: 4
--------------------------------------------------
Original     --> [1 1 1 1 0 0 0 0 0 0 0 1 0 1 0 0 0 0 1 0 0 1 0 0 0 1 1 0 0 1 1 1]
Reconstruido --> [1 1 1 1 0 0 0 0 0 0 0 1 1 1 1 0 0 0 1 0 0 1 0 1 0 1 1 0 1 1 1 1] | Precisión: 0.88
Distancia de Hamming: 4
--------------------------------------------------
Original     --> [1 0 1 1 1 1 0 0 0 0 1 1 1 1 0 0 0 0 1 1 1 1 1 0 1 0 1 0 0 1 1 1]
Reconstruido --> [1 1 1 1 1 1 0 0 0 0 1 1 1 1 0 0 0 0 1 1 1 1 0 1 1 0 1 0 0 0 1 0] | Precisión: 0.84
Distancia de Hamming: 5
--------------------------------------------------
Original     --> [0 1 1 0 1 0 1 1 1 1 0 1 0 1 0 0 1 1 1 0 1 0 0 1 1 0 1 1 1 0 1 1]
Reconstruido --> [0 1 1 0 1 0 1 0 1 1 0 1 0 1 0 0 1 1 1 0 1 0 0 1 1 0 1 1 1 0 1 1] | Precisión: 0.97
Distancia de Hamming: 1
--------------------------------------------------
Original     --> [0 0 1 1 0 1 0 0 1 1 1 1 1 1 1 0 1 0 0 1 1 1 1 1 1 1 0 1 1 0 0 0]
Reconstruido --> [0 0 1 1 0 1 0 0 1 1 1 1 1 1 1 1 1 0 0 1 1 1 1 1 1 1 0 1 0 0 0 0] | Precisión: 0.94
Distancia de Hamming: 2
--------------------------------------------------
Original     --> [0 1 0 1 1 0 0 1 1 1 1 1 1 1 1 1 0 1 0 1 1 0 0 1 1 1 1 1 0 1 0 0]
Reconstruido --> [0 1 0 1 1 0 0 0 1 0 1 1 0 1 1 1 0 1 0 1 1 0 0 1 1 1 1 1 0 1 0 0] | Precisión: 0.91
Distancia de Hamming: 3
--------------------------------------------------
Original     --> [0 0 1 1 1 1 0 0 0 0 1 1 1 1 0 1 0 0 0 1 1 0 0 1 1 0 0 1 0 0 1 1]
Reconstruido --> [0 1 1 0 0 1 0 0 0 0 1 1 1 1 0 1 0 0 0 1 1 0 0 1 1 0 0 1 0 0 1 0] | Precisión: 0.88
Distancia de Hamming: 4
--------------------------------------------------
La media de la precisión del descifrado es 0.9340
Distancia media de Hamming = 2.1107 | Número de bits: 32
Número de reconstrucciones perfectas = 2279



EVALUACIÓN CON 900:

Original     --> [1 0 1 1 1 0 1 0 1 0 1 0 0 0 0 0 0 1 1 1 0 0 0 1 0 0 1 1 0 0 1 1]
Reconstruido --> [1 0 1 1 1 0 1 0 1 0 1 0 0 0 0 0 0 1 1 1 0 0 0 0 0 0 1 1 0 0 1 1] | Precisión: 0.97
Distancia de Hamming: 1
--------------------------------------------------
Original     --> [0 0 0 1 0 0 1 0 0 1 1 0 1 1 1 0 0 1 1 0 1 0 0 0 1 1 0 1 0 1 1 0]
Reconstruido --> [0 0 0 1 0 0 1 0 0 1 1 0 1 1 1 0 0 1 1 1 1 0 0 0 1 1 0 1 0 1 0 0] | Precisión: 0.94
Distancia de Hamming: 2
--------------------------------------------------
Original     --> [0 0 0 0 1 0 1 0 1 0 0 0 1 0 0 0 0 1 1 0 0 0 0 0 1 1 0 1 1 1 0 0]
Reconstruido --> [1 1 0 1 0 0 1 0 1 0 0 0 1 0 0 1 0 0 1 1 1 0 0 0 1 1 0 1 1 1 0 0] | Precisión: 0.75
Distancia de Hamming: 8
--------------------------------------------------
Original     --> [1 0 0 0 0 1 0 0 0 1 1 1 0 0 1 0 0 0 0 0 1 0 0 1 1 1 1 1 1 0 0 0]
Reconstruido --> [0 0 0 0 0 1 0 0 0 1 1 1 0 1 1 0 0 1 0 0 1 0 0 1 1 1 1 1 1 1 0 0] | Precisión: 0.88
Distancia de Hamming: 4
--------------------------------------------------
Original     --> [0 1 0 1 1 1 0 1 0 0 0 1 0 1 0 1 1 1 0 0 1 1 0 1 0 1 1 0 0 1 0 0]
Reconstruido --> [0 1 0 1 1 1 0 1 0 0 0 1 0 0 0 1 1 1 0 0 1 1 0 1 0 1 1 0 0 1 0 0] | Precisión: 0.97
Distancia de Hamming: 1
--------------------------------------------------
Original     --> [1 0 0 1 1 1 0 0 1 0 1 0 1 1 1 1 1 0 0 1 1 0 0 1 1 0 1 0 1 0 1 0]
Reconstruido --> [1 0 0 0 1 1 0 0 1 0 1 0 1 1 1 1 1 1 0 1 1 0 0 1 1 1 0 0 1 0 0 1] | Precisión: 0.81
Distancia de Hamming: 6
--------------------------------------------------
Original     --> [0 0 0 1 1 0 0 1 0 1 1 1 0 0 0 1 0 1 0 0 0 1 1 0 0 1 1 1 1 0 1 1]
Reconstruido --> [0 0 0 1 1 0 0 1 0 1 1 1 0 0 0 1 0 1 0 0 0 1 1 0 0 1 1 1 1 0 1 1] | Precisión: 1.00
Distancia de Hamming: 0
--------------------------------------------------
Original     --> [0 1 0 1 1 0 0 0 1 1 0 1 1 1 1 0 1 0 1 1 0 0 0 1 0 1 0 0 0 0 1 0]
Reconstruido --> [0 1 0 1 1 0 0 0 1 1 0 1 1 1 1 1 1 0 1 1 0 0 0 1 0 1 0 0 0 0 1 0] | Precisión: 0.97
Distancia de Hamming: 1
--------------------------------------------------
Original     --> [1 0 0 1 1 0 1 0 0 0 1 1 1 0 0 1 0 1 0 1 1 1 0 1 1 1 1 1 0 1 1 0]
Reconstruido --> [0 0 0 1 1 0 1 0 0 0 1 1 1 0 0 1 0 1 0 1 1 1 0 0 1 1 1 1 1 1 1 0] | Precisión: 0.91
Distancia de Hamming: 3
--------------------------------------------------
Original     --> [1 0 1 0 1 0 1 0 0 0 0 1 0 1 1 0 1 1 1 0 1 1 1 1 0 0 1 1 0 1 1 0]
Reconstruido --> [1 0 1 0 1 0 1 0 0 0 0 1 0 1 1 0 1 0 1 0 1 1 1 1 0 0 1 0 0 1 1 0] | Precisión: 0.94
Distancia de Hamming: 2
--------------------------------------------------
La media de la precisión del descifrado es 0.9359
Distancia media de Hamming = 2.0503 | Número de bits: 32
Número de reconstrucciones perfectas = 2505



EVALUACIÓN CON 1200:

Original     --> [1 1 0 1 0 0 0 1 1 0 0 0 1 1 0 1 1 1 0 0 1 1 1 1 0 0 1 1 1 0 1 1]
Reconstruido --> [1 0 0 1 1 0 0 1 0 1 0 0 1 1 0 1 1 1 0 0 1 1 1 1 0 0 0 1 1 0 1 1] | Precisión: 0.84
Distancia de Hamming: 5
--------------------------------------------------
Original     --> [0 0 1 0 1 1 0 1 1 1 1 1 0 0 1 1 1 0 1 1 0 1 1 1 1 1 1 0 1 0 0 1]
Reconstruido --> [0 0 1 0 1 1 0 1 1 1 1 1 0 0 1 1 1 0 1 1 0 1 1 1 1 1 1 0 1 0 0 1] | Precisión: 1.00
Distancia de Hamming: 0
--------------------------------------------------
Original     --> [1 1 0 1 0 1 1 1 1 1 0 0 0 0 1 0 0 1 1 0 1 1 1 0 0 0 1 0 1 1 0 1]
Reconstruido --> [1 1 0 1 0 1 1 0 1 1 0 0 0 0 1 0 0 1 1 0 1 0 1 1 1 0 1 0 1 1 0 1] | Precisión: 0.88
Distancia de Hamming: 4
--------------------------------------------------
Original     --> [1 1 1 0 0 0 0 1 1 1 1 1 0 0 0 1 1 1 0 1 0 0 0 0 0 1 1 0 0 0 1 1]
Reconstruido --> [1 1 1 0 0 0 0 1 1 1 1 1 0 0 0 1 1 1 0 1 1 0 0 0 0 1 1 0 0 0 1 1] | Precisión: 0.97
Distancia de Hamming: 1
--------------------------------------------------
Original     --> [0 1 0 0 1 1 1 0 1 1 1 1 1 1 1 1 0 0 1 1 0 0 1 0 0 0 0 1 1 1 0 1]
Reconstruido --> [0 1 1 0 1 1 1 0 1 1 1 0 1 1 1 1 0 0 1 1 0 0 1 0 0 0 0 1 1 1 0 1] | Precisión: 0.94
Distancia de Hamming: 2
--------------------------------------------------
Original     --> [1 0 0 0 0 0 1 0 0 0 1 1 0 1 0 0 1 0 0 1 1 1 0 0 1 0 1 0 0 1 0 1]
Reconstruido --> [1 0 0 0 0 0 1 0 0 0 1 1 0 1 0 0 1 0 0 1 1 1 0 0 1 0 1 0 0 1 0 1] | Precisión: 1.00
Distancia de Hamming: 0
--------------------------------------------------
Original     --> [1 1 1 0 1 1 0 0 1 0 0 0 0 1 0 1 0 1 0 1 0 0 1 0 0 1 0 1 0 0 0 0]
Reconstruido --> [1 1 1 0 1 1 0 0 1 0 0 0 1 1 0 1 0 1 0 1 1 0 1 0 0 1 0 1 0 0 1 0] | Precisión: 0.91
Distancia de Hamming: 3
--------------------------------------------------
Original     --> [0 0 0 1 0 0 1 0 1 1 1 1 0 0 1 1 1 0 1 0 1 0 1 1 0 1 0 1 0 1 0 0]
Reconstruido --> [0 0 0 1 0 0 1 0 1 1 1 1 0 0 1 1 1 0 1 0 1 0 1 1 0 1 0 1 0 1 0 0] | Precisión: 1.00
Distancia de Hamming: 0
--------------------------------------------------
Original     --> [0 0 0 1 1 1 0 1 0 0 1 1 0 0 1 1 1 0 1 1 0 0 0 1 1 0 0 0 1 1 0 1]
Reconstruido --> [0 0 0 1 1 1 0 1 1 0 1 1 0 0 1 1 1 0 1 1 0 0 0 1 1 0 0 0 1 1 0 1] | Precisión: 0.97
Distancia de Hamming: 1
--------------------------------------------------
Original     --> [0 1 0 1 0 0 0 1 1 0 0 1 1 1 0 0 0 0 1 0 1 0 0 0 0 1 0 1 0 1 0 1]
Reconstruido --> [0 1 1 1 0 0 0 1 1 0 0 1 1 1 0 0 0 0 1 0 1 0 0 0 0 1 0 1 0 1 0 1] | Precisión: 0.97
Distancia de Hamming: 1
--------------------------------------------------
La media de la precisión del descifrado es 0.9395
Distancia media de Hamming = 1.9357 | Número de bits: 32
Número de reconstrucciones perfectas = 2917



EVALUACIÓN CON 1500:

Original     --> [0 1 1 1 0 1 1 1 1 1 1 0 0 0 0 0 0 1 0 0 1 0 0 0 0 1 0 0 0 0 1 1]
Reconstruido --> [0 1 1 1 0 1 1 1 1 1 1 0 0 0 0 0 0 1 0 0 1 0 0 0 0 1 0 0 0 0 1 1] | Precisión: 1.00
Distancia de Hamming: 0
--------------------------------------------------
Original     --> [0 1 1 0 1 1 0 0 0 1 0 0 1 0 0 1 1 1 1 1 1 0 1 1 0 0 1 0 0 0 0 1]
Reconstruido --> [0 1 1 0 1 1 0 0 0 1 0 0 1 0 0 1 1 1 1 1 1 0 1 1 0 0 1 0 0 0 0 1] | Precisión: 1.00
Distancia de Hamming: 0
--------------------------------------------------
Original     --> [0 1 0 1 1 0 1 0 1 0 1 1 1 0 1 1 1 0 0 0 1 1 1 0 1 1 1 0 0 0 1 0]
Reconstruido --> [0 1 0 1 1 0 1 0 1 0 1 1 1 0 1 1 1 0 0 0 1 1 1 0 1 1 1 0 0 0 1 0] | Precisión: 1.00
Distancia de Hamming: 0
--------------------------------------------------
Original     --> [1 0 0 0 0 1 0 1 1 1 1 1 1 1 0 0 0 1 0 1 1 0 0 1 0 0 1 1 1 1 0 0]
Reconstruido --> [1 1 0 0 0 1 0 1 1 1 1 1 1 1 0 0 1 1 1 1 1 0 0 1 0 0 1 1 1 0 0 1] | Precisión: 0.84
Distancia de Hamming: 5
--------------------------------------------------
Original     --> [0 0 0 0 1 1 1 0 0 1 0 1 1 1 1 0 1 0 0 1 0 0 1 1 1 1 0 1 0 1 0 0]
Reconstruido --> [0 0 0 0 1 1 1 0 0 1 0 1 1 1 1 0 1 0 0 1 0 0 1 1 1 1 0 1 0 1 0 0] | Precisión: 1.00
Distancia de Hamming: 0
--------------------------------------------------
Original     --> [1 1 1 0 1 1 0 1 1 0 1 1 1 1 0 1 0 1 0 1 0 0 1 1 0 1 1 0 1 0 1 1]
Reconstruido --> [1 1 1 0 1 1 0 1 1 0 1 1 1 1 0 1 0 1 0 1 0 0 1 1 0 1 1 0 1 0 1 1] | Precisión: 1.00
Distancia de Hamming: 0
--------------------------------------------------
Original     --> [0 1 1 1 0 0 1 1 1 1 0 1 0 1 0 1 0 1 1 0 0 0 0 1 1 1 1 1 0 1 1 1]
Reconstruido --> [0 1 1 1 0 0 1 1 0 1 0 1 0 1 0 0 0 1 1 0 0 0 0 1 1 1 1 1 0 1 1 1] | Precisión: 0.94
Distancia de Hamming: 2
--------------------------------------------------
Original     --> [0 1 1 0 0 0 0 0 1 1 0 0 0 1 0 0 1 0 0 0 0 1 0 0 1 0 0 0 1 1 1 0]
Reconstruido --> [0 1 1 0 0 0 0 0 1 1 0 0 0 1 0 0 1 0 0 0 0 1 0 0 1 0 0 0 1 1 1 0] | Precisión: 1.00
Distancia de Hamming: 0
--------------------------------------------------
Original     --> [1 1 0 0 1 0 0 0 0 0 0 0 0 0 1 0 0 0 1 0 1 0 0 0 1 1 0 1 0 1 0 0]
Reconstruido --> [1 1 0 0 1 0 0 0 0 0 0 0 0 0 1 0 0 0 1 0 1 1 0 0 1 1 0 1 0 1 0 0] | Precisión: 0.97
Distancia de Hamming: 1
--------------------------------------------------
Original     --> [1 0 1 1 0 1 0 1 1 0 0 1 1 1 1 0 0 0 1 0 0 0 0 0 0 1 1 1 1 1 0 0]
Reconstruido --> [1 0 1 1 0 1 0 1 1 0 0 1 1 1 1 0 0 0 1 0 0 0 0 0 0 1 1 1 1 1 0 0] | Precisión: 1.00
Distancia de Hamming: 0
--------------------------------------------------
La media de la precisión del descifrado es 0.9748
Distancia media de Hamming = 0.8076 | Número de bits: 32
Número de reconstrucciones perfectas = 6203



EVALUACIÓN CON 1800:

Original     --> [1 0 0 0 0 0 0 0 1 1 1 0 0 0 0 1 1 1 0 1 0 0 1 1 1 0 0 0 0 0 1 1]
Reconstruido --> [1 0 0 0 0 0 1 0 1 1 1 0 0 0 0 1 1 1 0 1 0 0 1 1 1 0 0 0 0 0 1 1] | Precisión: 0.97
Distancia de Hamming: 1
--------------------------------------------------
Original     --> [1 0 1 1 0 1 0 0 0 1 1 1 1 0 1 0 0 1 0 1 0 1 1 0 1 0 1 1 0 0 1 0]
Reconstruido --> [1 0 1 0 0 1 0 0 1 1 1 0 1 0 1 0 0 1 0 1 0 1 1 0 1 0 1 1 0 0 0 0] | Precisión: 0.88
Distancia de Hamming: 4
--------------------------------------------------
Original     --> [1 0 1 1 0 1 0 0 0 0 0 1 1 1 1 1 1 0 1 1 1 0 0 0 1 1 0 0 1 1 1 1]
Reconstruido --> [0 0 1 1 0 1 0 0 0 0 0 1 1 1 1 1 1 0 1 1 1 0 0 0 1 1 0 0 1 1 1 1] | Precisión: 0.97
Distancia de Hamming: 1
--------------------------------------------------
Original     --> [0 1 0 1 0 0 0 0 1 1 0 0 1 0 0 0 1 1 1 1 0 1 1 1 1 1 1 1 0 0 0 0]
Reconstruido --> [0 0 0 1 0 0 0 0 1 1 0 0 1 0 1 0 1 1 1 1 0 1 0 1 1 1 1 1 0 0 0 0] | Precisión: 0.91
Distancia de Hamming: 3
--------------------------------------------------
Original     --> [0 1 0 0 0 1 1 1 1 1 0 0 1 0 0 1 0 1 1 0 0 1 1 1 1 0 0 0 0 1 1 1]
Reconstruido --> [0 1 0 0 0 1 1 1 1 1 0 0 1 0 0 1 0 1 1 0 0 1 1 1 1 0 0 0 0 1 1 1] | Precisión: 1.00
Distancia de Hamming: 0
--------------------------------------------------
Original     --> [1 0 1 1 1 0 1 0 0 1 0 1 1 1 0 1 1 0 1 0 0 1 1 0 1 1 0 1 0 1 0 0]
Reconstruido --> [1 0 1 1 1 0 1 0 0 1 0 1 1 1 0 1 1 0 1 0 0 1 1 0 1 1 0 1 0 1 0 0] | Precisión: 1.00
Distancia de Hamming: 0
--------------------------------------------------
Original     --> [0 0 1 0 1 0 0 0 1 0 0 1 1 1 1 0 1 0 0 1 0 1 0 1 0 1 1 1 1 0 0 0]
Reconstruido --> [0 0 1 0 1 0 0 0 1 1 0 1 1 1 1 0 1 0 0 1 0 1 0 1 0 1 1 1 1 0 0 0] | Precisión: 0.97
Distancia de Hamming: 1
--------------------------------------------------
Original     --> [1 1 0 1 1 0 0 1 1 0 0 1 1 0 1 1 0 0 0 1 1 1 1 0 1 1 0 0 1 1 0 0]
Reconstruido --> [1 1 0 1 1 0 0 1 1 0 0 1 1 0 1 1 0 0 0 1 1 1 1 0 1 1 0 0 1 1 0 0] | Precisión: 1.00
Distancia de Hamming: 0
--------------------------------------------------
Original     --> [1 1 0 0 1 1 0 0 0 1 0 1 1 1 1 1 1 0 1 1 1 1 1 0 0 1 1 1 1 0 1 1]
Reconstruido --> [1 1 0 0 1 1 0 0 0 1 0 1 1 1 1 1 1 0 1 1 1 1 0 0 0 1 1 1 1 0 1 1] | Precisión: 0.97
Distancia de Hamming: 1
--------------------------------------------------
Original     --> [1 0 1 0 1 1 1 1 0 0 0 0 1 1 1 0 0 1 0 1 0 1 1 0 0 1 1 1 1 1 0 1]
Reconstruido --> [1 0 1 0 1 1 0 1 0 0 0 0 1 1 1 0 0 1 0 1 0 1 1 0 0 1 1 1 1 1 0 1] | Precisión: 0.97
Distancia de Hamming: 1
--------------------------------------------------
La media de la precisión del descifrado es 0.9532
Distancia media de Hamming = 1.4964 | Número de bits: 32
Número de reconstrucciones perfectas = 3920



EVALUACIÓN CON 2100:

Original     --> [1 0 0 1 1 1 1 0 1 0 0 1 1 0 1 0 1 0 1 0 0 0 1 1 1 1 0 0 1 0 1 0]
Reconstruido --> [1 0 0 1 1 1 1 0 1 0 0 1 0 0 1 0 1 0 1 0 0 0 1 1 1 1 0 0 1 0 1 0] | Precisión: 0.97
Distancia de Hamming: 1
--------------------------------------------------
Original     --> [1 0 0 0 0 0 0 0 0 1 0 1 0 1 1 1 1 0 0 1 0 1 1 0 0 1 0 0 0 1 0 0]
Reconstruido --> [1 0 0 0 0 0 0 0 1 1 0 1 0 1 1 1 1 0 0 1 0 1 1 0 0 0 0 1 0 1 0 0] | Precisión: 0.91
Distancia de Hamming: 3
--------------------------------------------------
Original     --> [0 0 0 0 1 1 0 1 1 1 0 1 1 1 1 0 1 1 1 0 1 0 1 0 1 0 1 0 1 1 1 1]
Reconstruido --> [0 0 0 0 1 1 0 1 1 1 0 1 1 1 1 0 1 1 1 0 1 0 1 0 1 0 1 0 1 1 1 1] | Precisión: 1.00
Distancia de Hamming: 0
--------------------------------------------------
Original     --> [1 1 0 0 0 1 0 1 0 1 1 1 0 0 1 1 1 1 0 1 0 0 1 1 0 1 1 1 0 0 0 0]
Reconstruido --> [1 1 0 0 0 1 0 1 1 1 1 1 0 0 1 1 0 1 0 1 0 0 1 1 0 1 1 1 0 0 0 0] | Precisión: 0.94
Distancia de Hamming: 2
--------------------------------------------------
Original     --> [1 0 0 0 0 1 1 0 1 0 1 0 1 1 1 0 1 1 1 0 1 1 0 1 0 1 0 1 1 1 1 1]
Reconstruido --> [0 0 0 0 1 1 1 0 1 0 1 0 1 1 1 0 1 1 1 0 1 1 0 1 0 1 0 1 1 1 1 1] | Precisión: 0.94
Distancia de Hamming: 2
--------------------------------------------------
Original     --> [0 0 0 1 1 1 1 1 0 0 1 0 1 0 0 1 0 1 1 1 0 1 0 0 1 1 1 1 1 1 0 1]
Reconstruido --> [0 0 0 1 1 1 1 1 0 0 1 0 1 0 0 1 0 1 1 1 0 1 0 0 1 1 1 1 1 1 0 1] | Precisión: 1.00
Distancia de Hamming: 0
--------------------------------------------------
Original     --> [0 1 1 0 1 0 0 0 1 1 1 0 0 0 0 0 0 1 1 0 1 0 0 1 0 1 1 0 1 0 1 1]
Reconstruido --> [0 1 1 0 1 0 0 0 1 1 1 0 0 0 0 0 0 1 1 0 1 0 0 1 0 1 1 0 1 0 1 1] | Precisión: 1.00
Distancia de Hamming: 0
--------------------------------------------------
Original     --> [0 0 0 1 1 1 0 1 0 1 1 0 0 0 0 0 0 1 0 1 0 0 1 1 1 0 1 1 1 1 1 0]
Reconstruido --> [0 0 0 1 1 1 0 1 0 1 1 0 0 0 0 1 0 1 0 1 0 1 1 1 1 0 0 1 1 1 1 0] | Precisión: 0.91
Distancia de Hamming: 3
--------------------------------------------------
Original     --> [1 1 0 1 1 0 0 1 0 0 1 1 1 0 1 0 1 0 1 1 1 1 1 0 0 1 0 1 1 0 1 0]
Reconstruido --> [1 0 0 1 1 0 1 1 0 0 1 1 1 0 1 0 1 0 1 1 1 1 1 0 0 1 0 1 1 0 1 0] | Precisión: 0.94
Distancia de Hamming: 2
--------------------------------------------------
Original     --> [1 0 0 1 1 0 0 1 0 0 0 0 1 0 0 0 0 1 1 0 0 0 0 1 0 0 0 0 0 1 1 0]
Reconstruido --> [1 0 0 1 1 0 0 1 0 0 0 0 1 0 0 0 0 1 1 0 0 0 0 1 0 0 0 0 0 0 1 0] | Precisión: 0.97
Distancia de Hamming: 1
--------------------------------------------------
La media de la precisión del descifrado es 0.9565
Distancia media de Hamming = 1.3905 | Número de bits: 32
Número de reconstrucciones perfectas = 4441



EVALUACIÓN CON 2400:

Original     --> [0 0 1 0 0 1 1 1 1 0 0 1 0 0 0 0 0 1 1 0 1 0 0 1 0 0 1 1 0 0 0 0]
Reconstruido --> [0 0 1 0 0 1 1 1 1 0 0 1 0 0 0 0 0 1 1 0 1 0 0 1 0 0 1 1 0 0 0 0] | Precisión: 1.00
Distancia de Hamming: 0
--------------------------------------------------
Original     --> [1 1 1 1 1 1 0 0 0 0 0 1 0 1 1 1 0 0 0 1 1 0 0 1 1 1 0 0 1 1 1 0]
Reconstruido --> [1 1 1 1 1 1 0 0 0 0 1 1 0 1 1 1 0 0 0 1 1 0 0 0 1 1 0 1 1 0 1 0] | Precisión: 0.88
Distancia de Hamming: 4
--------------------------------------------------
Original     --> [0 0 1 0 0 0 0 0 0 0 1 1 1 1 1 1 1 1 0 0 0 0 1 0 1 1 0 0 0 0 0 0]
Reconstruido --> [0 0 1 0 0 0 0 0 0 0 1 1 1 1 1 1 1 1 0 0 0 0 1 0 1 1 0 0 0 0 0 0] | Precisión: 1.00
Distancia de Hamming: 0
--------------------------------------------------
Original     --> [0 1 1 1 0 0 1 0 1 0 1 0 0 0 1 0 1 1 1 1 0 1 0 1 1 1 1 0 1 0 1 0]
Reconstruido --> [0 1 1 1 0 0 1 0 1 0 1 0 0 0 1 0 1 1 1 1 0 1 0 1 1 1 1 0 1 0 1 0] | Precisión: 1.00
Distancia de Hamming: 0
--------------------------------------------------
Original     --> [0 0 0 0 1 0 0 1 0 1 0 0 0 0 1 0 0 1 0 0 0 1 0 0 0 0 1 0 1 1 1 0]
Reconstruido --> [0 0 0 0 1 0 0 1 0 1 0 0 0 0 1 0 0 1 0 0 0 1 0 0 0 0 1 0 1 1 1 0] | Precisión: 1.00
Distancia de Hamming: 0
--------------------------------------------------
Original     --> [1 0 1 1 0 0 1 1 1 1 1 0 0 1 0 0 1 0 0 0 1 1 1 0 1 0 0 1 0 0 0 1]
Reconstruido --> [1 0 1 1 0 1 1 1 1 1 0 0 0 1 0 1 1 0 0 0 1 1 0 0 1 0 0 1 0 0 0 1] | Precisión: 0.88
Distancia de Hamming: 4
--------------------------------------------------
Original     --> [1 1 1 1 0 1 1 1 0 0 1 0 1 0 0 0 1 0 0 0 0 1 0 1 1 0 0 1 0 0 1 1]
Reconstruido --> [1 0 1 1 1 1 0 0 0 0 1 0 1 1 0 0 1 1 0 0 0 0 0 1 1 0 0 1 0 0 1 1] | Precisión: 0.78
Distancia de Hamming: 7
--------------------------------------------------
Original     --> [1 0 1 0 1 0 1 0 1 0 0 1 1 0 0 0 0 0 1 0 1 1 1 0 1 1 0 0 1 1 0 0]
Reconstruido --> [1 0 1 0 1 0 1 0 1 0 0 1 1 0 0 0 0 0 1 0 1 1 1 0 1 1 0 0 1 1 0 0] | Precisión: 1.00
Distancia de Hamming: 0
--------------------------------------------------
Original     --> [0 1 0 0 1 1 1 1 0 0 1 0 0 0 1 0 1 1 0 0 0 0 1 0 0 1 0 0 0 0 1 1]
Reconstruido --> [0 1 0 0 1 1 1 1 0 0 1 0 0 0 1 0 1 1 0 0 0 0 1 0 0 1 0 0 0 0 1 1] | Precisión: 1.00
Distancia de Hamming: 0
--------------------------------------------------
Original     --> [1 0 1 0 0 0 1 1 0 1 1 1 1 1 0 0 1 1 1 0 0 1 1 1 0 0 0 1 0 0 0 0]
Reconstruido --> [1 0 1 0 0 0 1 0 0 1 1 1 1 1 0 1 1 1 1 0 0 1 1 1 0 0 0 1 0 0 0 0] | Precisión: 0.94
Distancia de Hamming: 2
--------------------------------------------------
La media de la precisión del descifrado es 0.9647
Distancia media de Hamming = 1.1293 | Número de bits: 32
Número de reconstrucciones perfectas = 5133



EVALUACIÓN CON 2700:

Original     --> [0 1 1 1 0 0 1 0 1 1 1 0 0 0 0 0 1 0 1 1 1 1 0 0 1 0 0 1 0 1 0 0]
Reconstruido --> [0 1 1 1 0 0 1 0 1 1 1 0 0 0 1 0 1 0 1 1 1 1 0 0 1 0 0 0 0 1 0 0] | Precisión: 0.94
Distancia de Hamming: 2
--------------------------------------------------
Original     --> [1 0 1 1 1 0 1 0 0 1 1 1 1 1 0 1 0 0 1 0 1 0 0 0 0 0 0 0 1 0 0 1]
Reconstruido --> [1 0 1 1 1 0 1 0 0 0 1 1 1 0 0 1 0 0 1 0 1 0 0 0 0 0 0 0 1 0 0 1] | Precisión: 0.94
Distancia de Hamming: 2
--------------------------------------------------
Original     --> [1 0 1 1 0 0 0 0 0 0 0 1 0 1 0 0 0 0 1 0 0 1 1 0 0 0 1 1 0 0 1 0]
Reconstruido --> [1 0 1 1 0 0 0 0 0 0 0 1 0 1 0 0 0 0 1 0 0 1 1 0 0 0 1 1 0 0 1 0] | Precisión: 1.00
Distancia de Hamming: 0
--------------------------------------------------
Original     --> [1 1 1 1 0 1 0 1 0 1 0 0 0 0 1 1 0 1 0 0 1 0 0 0 0 1 1 0 0 1 0 1]
Reconstruido --> [1 1 1 0 0 1 0 1 0 1 0 0 0 0 1 1 0 1 0 0 1 0 0 0 0 1 1 0 0 1 0 1] | Precisión: 0.97
Distancia de Hamming: 1
--------------------------------------------------
Original     --> [1 1 1 0 0 0 0 0 1 1 0 0 1 1 1 0 0 1 1 1 0 1 0 0 0 1 0 1 0 0 0 0]
Reconstruido --> [1 1 1 0 0 0 0 0 1 1 0 0 1 1 1 0 0 1 1 1 0 1 0 0 0 1 0 1 0 0 0 0] | Precisión: 1.00
Distancia de Hamming: 0
--------------------------------------------------
Original     --> [1 0 0 0 0 0 0 1 1 0 0 0 1 1 1 0 0 0 1 0 0 1 1 1 0 1 0 0 0 1 0 1]
Reconstruido --> [1 0 0 0 0 0 0 1 0 0 0 0 1 1 1 0 0 0 1 0 0 1 1 1 0 1 0 0 0 1 0 1] | Precisión: 0.97
Distancia de Hamming: 1
--------------------------------------------------
Original     --> [0 1 1 0 1 1 1 0 0 0 0 1 0 0 1 1 1 1 1 1 0 1 1 0 1 1 1 1 1 1 1 1]
Reconstruido --> [0 1 1 0 1 1 1 0 0 1 1 1 0 1 1 1 1 1 1 1 0 1 1 0 1 1 1 1 1 1 0 1] | Precisión: 0.88
Distancia de Hamming: 4
--------------------------------------------------
Original     --> [0 1 1 1 1 1 0 0 1 1 1 1 1 0 0 0 0 0 0 0 0 0 1 1 1 0 1 0 1 1 0 1]
Reconstruido --> [0 1 1 1 1 1 0 0 1 1 1 1 1 0 0 0 0 0 0 0 0 0 1 1 1 0 1 0 1 1 0 1] | Precisión: 1.00
Distancia de Hamming: 0
--------------------------------------------------
Original     --> [0 1 0 1 0 1 1 1 1 1 0 0 1 0 1 0 0 1 1 0 0 0 1 0 1 0 1 0 0 0 1 0]
Reconstruido --> [0 1 0 1 0 1 0 1 1 1 0 0 1 0 1 0 0 1 1 0 0 0 1 0 1 0 1 0 0 0 1 0] | Precisión: 0.97
Distancia de Hamming: 1
--------------------------------------------------
Original     --> [0 1 1 1 1 1 1 1 1 0 0 1 1 1 0 1 1 0 1 0 1 0 0 0 0 1 1 0 0 1 0 1]
Reconstruido --> [0 1 1 1 1 1 1 1 1 0 0 1 1 1 0 1 1 0 1 0 1 0 0 0 0 1 1 0 0 1 0 1] | Precisión: 1.00
Distancia de Hamming: 0
--------------------------------------------------
La media de la precisión del descifrado es 0.9551
Distancia media de Hamming = 1.4364 | Número de bits: 32
Número de reconstrucciones perfectas = 4192



EVALUACIÓN CON 3000:

Original     --> [0 1 0 1 1 1 0 1 1 1 0 1 0 0 1 0 0 1 1 1 0 1 0 1 1 0 0 1 1 1 0 0]
Reconstruido --> [0 1 0 1 1 1 0 1 1 1 0 1 0 0 1 0 0 1 1 1 0 1 0 1 1 0 0 1 1 1 0 0] | Precisión: 1.00
Distancia de Hamming: 0
--------------------------------------------------
Original     --> [0 1 0 1 1 1 1 1 0 1 1 1 1 0 1 0 0 0 0 1 0 0 1 0 0 0 0 0 0 0 1 1]
Reconstruido --> [0 1 0 1 1 1 1 1 0 1 1 1 1 1 1 0 0 0 1 1 0 0 1 0 0 0 0 0 0 0 1 1] | Precisión: 0.94
Distancia de Hamming: 2
--------------------------------------------------
Original     --> [1 0 1 0 0 1 1 0 1 1 0 1 0 1 0 1 1 0 1 1 0 0 1 1 1 0 1 0 0 1 1 0]
Reconstruido --> [1 0 1 0 1 1 1 0 1 1 0 1 0 1 0 1 1 0 1 1 0 0 1 1 1 0 1 0 0 1 1 0] | Precisión: 0.97
Distancia de Hamming: 1
--------------------------------------------------
Original     --> [0 1 0 0 0 1 1 1 1 0 0 0 1 0 0 1 1 1 1 1 1 1 0 0 0 0 1 1 1 0 0 0]
Reconstruido --> [0 1 0 0 0 1 1 1 1 0 0 0 1 0 0 1 1 1 1 1 1 1 0 0 0 0 1 1 1 0 0 0] | Precisión: 1.00
Distancia de Hamming: 0
--------------------------------------------------
Original     --> [1 0 0 0 1 0 0 0 0 0 1 1 0 1 1 1 0 0 1 0 1 1 0 0 1 0 0 0 0 1 1 1]
Reconstruido --> [1 0 0 0 1 0 0 0 0 0 1 1 0 1 1 1 0 0 1 0 1 1 0 0 1 0 0 0 0 1 1 1] | Precisión: 1.00
Distancia de Hamming: 0
--------------------------------------------------
Original     --> [0 1 0 0 0 1 0 1 0 1 1 0 0 1 1 0 1 1 0 1 0 1 0 0 1 1 0 0 1 0 1 0]
Reconstruido --> [0 1 0 0 0 1 0 1 0 1 1 0 0 1 1 0 1 1 0 1 0 1 0 0 1 0 0 0 1 0 1 0] | Precisión: 0.97
Distancia de Hamming: 1
--------------------------------------------------
Original     --> [1 1 0 1 0 0 0 1 0 1 0 0 0 0 0 0 0 0 0 1 1 1 0 1 0 1 1 0 0 1 0 0]
Reconstruido --> [1 1 0 1 0 0 0 1 0 1 0 0 0 0 0 0 0 0 0 1 1 1 0 0 0 1 1 0 0 1 0 0] | Precisión: 0.97
Distancia de Hamming: 1
--------------------------------------------------
Original     --> [1 1 1 1 0 0 0 0 0 1 1 0 1 1 0 1 1 1 0 0 1 1 1 0 0 1 0 0 0 1 1 0]
Reconstruido --> [1 1 1 1 0 0 0 0 0 1 1 0 1 1 0 1 1 0 0 0 1 1 1 0 0 1 0 0 0 1 1 0] | Precisión: 0.97
Distancia de Hamming: 1
--------------------------------------------------
Original     --> [0 0 0 1 0 1 1 0 1 0 0 0 1 1 1 0 0 0 1 1 0 1 1 0 1 1 1 1 0 0 1 0]
Reconstruido --> [0 0 0 1 0 1 1 0 1 0 0 0 1 1 1 0 0 1 1 0 0 1 1 0 1 1 1 1 0 0 1 0] | Precisión: 0.94
Distancia de Hamming: 2
--------------------------------------------------
Original     --> [0 0 1 0 0 1 1 0 0 1 0 0 1 1 0 0 0 0 0 0 0 0 1 0 0 0 1 1 0 0 1 1]
Reconstruido --> [0 0 1 0 0 1 1 0 0 1 0 0 1 1 0 0 0 0 0 0 0 0 1 0 0 0 1 1 0 0 1 1] | Precisión: 1.00
Distancia de Hamming: 0
--------------------------------------------------
La media de la precisión del descifrado es 0.9679
Distancia media de Hamming = 1.0282 | Número de bits: 32
Número de reconstrucciones perfectas = 5497



EVALUACIÓN CON 3300:

Original     --> [0 0 0 1 1 0 1 1 0 1 1 1 0 0 1 1 0 1 1 1 0 0 0 0 1 0 0 0 0 1 1 1]
Reconstruido --> [0 0 0 1 1 0 1 1 0 1 1 1 0 0 1 1 0 1 1 1 0 0 0 0 1 0 0 0 0 1 1 1] | Precisión: 1.00
Distancia de Hamming: 0
--------------------------------------------------
Original     --> [1 1 0 1 1 1 1 0 1 1 0 0 1 1 0 1 1 0 1 0 1 1 0 1 0 1 1 0 0 0 1 0]
Reconstruido --> [1 1 0 1 1 1 1 0 1 1 0 0 1 1 0 1 1 0 1 0 1 1 0 1 0 1 1 0 0 0 1 0] | Precisión: 1.00
Distancia de Hamming: 0
--------------------------------------------------
Original     --> [1 1 0 1 1 1 1 0 0 0 0 1 1 0 0 1 0 0 0 1 0 0 1 1 0 0 1 1 1 1 0 0]
Reconstruido --> [1 1 0 1 1 1 1 0 0 0 0 1 1 0 0 1 0 0 0 1 0 0 1 1 0 0 1 1 1 1 0 0] | Precisión: 1.00
Distancia de Hamming: 0
--------------------------------------------------
Original     --> [1 1 0 0 0 0 0 1 0 1 0 1 1 0 1 1 0 0 1 0 1 0 0 1 0 0 1 1 0 0 0 0]
Reconstruido --> [1 1 0 0 0 0 0 1 0 1 0 1 1 0 1 1 0 0 1 0 1 0 0 1 0 0 1 1 0 0 0 0] | Precisión: 1.00
Distancia de Hamming: 0
--------------------------------------------------
Original     --> [0 0 0 1 0 1 0 1 0 1 1 0 0 1 0 1 1 1 0 1 1 0 1 0 0 0 1 1 1 1 1 0]
Reconstruido --> [0 0 0 1 0 1 0 1 0 1 1 0 0 1 0 1 1 1 0 1 1 0 1 0 0 0 1 1 1 1 1 0] | Precisión: 1.00
Distancia de Hamming: 0
--------------------------------------------------
Original     --> [1 1 0 1 0 0 0 1 0 0 1 1 1 0 1 1 0 0 1 0 1 1 0 0 0 1 1 1 0 0 0 1]
Reconstruido --> [1 1 0 1 0 0 0 1 0 0 1 1 1 0 1 1 0 0 1 0 1 1 0 0 0 1 1 1 0 0 0 1] | Precisión: 1.00
Distancia de Hamming: 0
--------------------------------------------------
Original     --> [1 0 1 1 1 0 0 1 0 0 0 1 1 1 1 0 1 1 1 1 1 1 0 0 0 0 0 1 0 1 1 0]
Reconstruido --> [0 0 1 1 1 0 0 1 0 0 0 1 1 1 1 0 1 1 1 1 1 1 0 0 0 0 0 1 0 1 1 0] | Precisión: 0.97
Distancia de Hamming: 1
--------------------------------------------------
Original     --> [0 1 0 0 0 1 1 1 0 1 1 1 1 0 1 0 0 1 1 1 0 1 0 0 0 1 1 0 0 1 0 1]
Reconstruido --> [0 1 0 0 0 1 1 1 0 1 1 1 1 0 1 0 0 1 1 1 0 1 0 0 0 1 1 0 0 1 0 1] | Precisión: 1.00
Distancia de Hamming: 0
--------------------------------------------------
Original     --> [0 0 0 0 0 1 1 1 1 0 1 1 0 1 1 1 0 1 0 0 1 1 1 0 0 1 0 0 0 0 1 0]
Reconstruido --> [0 0 0 0 0 1 1 1 1 0 1 1 0 1 1 1 0 1 0 0 1 1 1 0 0 1 0 0 0 0 1 0] | Precisión: 1.00
Distancia de Hamming: 0
--------------------------------------------------
Original     --> [0 1 0 0 0 1 0 1 0 1 0 1 1 0 0 1 0 1 0 0 0 1 1 0 0 0 0 1 0 1 1 1]
Reconstruido --> [0 1 0 0 0 1 0 1 0 1 0 1 1 1 0 1 0 1 0 1 0 1 1 0 0 0 0 0 0 1 1 1] | Precisión: 0.91
Distancia de Hamming: 3
--------------------------------------------------
La media de la precisión del descifrado es 0.9686
Distancia media de Hamming = 1.0042 | Número de bits: 32
Número de reconstrucciones perfectas = 5736



EVALUACIÓN CON 3600:

Original     --> [0 1 0 0 0 0 1 0 0 0 0 0 1 1 0 1 1 0 0 1 0 0 1 0 0 1 0 0 1 0 0 0]
Reconstruido --> [0 1 0 0 0 0 1 0 0 0 0 0 1 1 0 1 1 0 0 1 0 0 1 0 0 1 0 0 1 0 0 0] | Precisión: 1.00
Distancia de Hamming: 0
--------------------------------------------------
Original     --> [0 0 1 1 0 0 0 1 0 0 1 1 0 1 1 1 0 1 1 0 0 0 1 0 0 1 0 1 1 1 0 0]
Reconstruido --> [0 0 1 1 0 0 0 1 0 0 1 1 0 1 1 1 0 1 1 0 0 0 1 0 0 1 0 1 1 1 0 0] | Precisión: 1.00
Distancia de Hamming: 0
--------------------------------------------------
Original     --> [1 0 1 1 1 0 1 0 0 1 1 1 1 1 1 0 1 1 0 1 1 1 1 0 0 0 1 0 1 1 1 0]
Reconstruido --> [1 0 1 1 1 0 1 0 0 1 1 1 0 1 1 1 1 1 0 0 1 1 1 0 0 0 1 1 1 1 1 0] | Precisión: 0.88
Distancia de Hamming: 4
--------------------------------------------------
Original     --> [1 1 0 1 1 0 1 1 1 1 1 1 1 1 0 1 0 1 0 0 1 0 1 1 1 0 0 1 1 0 0 0]
Reconstruido --> [1 1 0 1 1 0 1 1 1 1 1 1 1 1 0 1 0 1 0 0 1 0 1 1 1 0 0 1 1 0 0 0] | Precisión: 1.00
Distancia de Hamming: 0
--------------------------------------------------
Original     --> [0 1 0 0 0 0 1 1 1 1 0 1 0 0 0 1 0 1 1 0 0 1 1 0 0 1 0 1 1 0 0 1]
Reconstruido --> [0 1 0 0 0 1 1 1 1 0 0 1 1 0 0 1 0 1 1 1 0 1 1 0 0 1 0 1 1 0 0 0] | Precisión: 0.84
Distancia de Hamming: 5
--------------------------------------------------
Original     --> [1 0 0 1 1 0 0 0 1 0 1 0 0 0 0 1 1 0 0 1 0 1 0 0 1 1 1 1 1 0 0 1]
Reconstruido --> [1 0 0 1 1 0 0 0 1 0 1 0 0 0 0 1 1 0 0 1 1 0 0 0 1 1 0 1 1 0 0 1] | Precisión: 0.91
Distancia de Hamming: 3
--------------------------------------------------
Original     --> [1 1 1 0 1 1 0 1 0 1 0 0 0 1 1 0 1 1 0 0 1 0 1 1 0 0 0 0 0 1 0 1]
Reconstruido --> [1 1 1 0 1 1 0 1 0 1 0 0 0 1 1 0 1 1 0 0 1 0 1 1 0 0 0 0 0 1 0 1] | Precisión: 1.00
Distancia de Hamming: 0
--------------------------------------------------
Original     --> [1 1 1 0 0 0 1 0 1 0 1 1 1 1 0 1 0 0 1 1 0 0 0 0 0 0 0 0 1 1 0 1]
Reconstruido --> [1 1 1 0 0 0 1 0 1 0 1 1 1 1 0 1 0 0 1 1 0 0 0 0 0 0 1 0 1 1 0 1] | Precisión: 0.97
Distancia de Hamming: 1
--------------------------------------------------
Original     --> [0 0 1 0 1 1 0 0 1 1 1 1 0 1 0 0 1 1 0 0 0 1 1 0 0 1 1 0 1 0 0 1]
Reconstruido --> [0 1 1 0 0 1 0 0 1 0 1 1 0 1 0 0 1 1 0 0 1 1 0 0 0 1 1 1 1 0 1 1] | Precisión: 0.78
Distancia de Hamming: 7
--------------------------------------------------
Original     --> [0 0 1 0 0 0 0 0 1 1 0 1 1 0 0 0 0 0 0 1 1 1 1 1 1 0 0 0 0 0 1 1]
Reconstruido --> [0 0 1 0 0 0 0 0 1 1 0 1 1 0 0 0 0 0 0 1 1 1 1 1 1 0 0 0 0 0 1 1] | Precisión: 1.00
Distancia de Hamming: 0
--------------------------------------------------
La media de la precisión del descifrado es 0.9696
Distancia media de Hamming = 0.9714 | Número de bits: 32
Número de reconstrucciones perfectas = 5762



EVALUACIÓN CON 3900:

Original     --> [1 1 0 1 1 1 1 1 0 0 1 1 0 0 1 1 0 1 1 0 1 1 0 0 0 1 1 0 0 0 1 0]
Reconstruido --> [1 1 0 1 1 1 1 1 0 0 1 1 0 0 1 1 0 1 1 0 1 1 0 0 0 1 1 0 0 0 1 0] | Precisión: 1.00
Distancia de Hamming: 0
--------------------------------------------------
Original     --> [1 0 0 1 0 1 0 1 1 0 0 0 0 1 0 0 1 0 0 0 0 1 0 1 0 1 0 1 1 1 1 1]
Reconstruido --> [1 0 0 1 0 1 0 1 1 0 0 0 0 1 0 0 1 0 0 0 0 1 0 1 0 1 0 1 1 1 1 1] | Precisión: 1.00
Distancia de Hamming: 0
--------------------------------------------------
Original     --> [0 0 0 0 0 0 0 0 1 0 1 0 0 1 1 1 0 0 1 0 1 1 0 0 1 1 0 0 0 1 0 0]
Reconstruido --> [0 0 0 0 0 0 0 0 1 0 1 0 0 1 1 1 0 0 1 0 1 1 0 0 1 1 0 0 0 1 0 0] | Precisión: 1.00
Distancia de Hamming: 0
--------------------------------------------------
Original     --> [0 0 1 1 1 1 0 0 0 1 0 1 0 1 1 0 0 1 1 0 0 0 1 1 0 0 1 1 0 1 1 0]
Reconstruido --> [0 0 1 1 1 1 0 0 0 1 0 1 0 1 1 0 0 1 1 0 0 0 1 1 0 0 1 1 0 1 1 0] | Precisión: 1.00
Distancia de Hamming: 0
--------------------------------------------------
Original     --> [0 0 0 1 1 0 0 1 0 1 1 1 0 0 0 0 0 0 1 0 0 1 1 0 0 0 0 0 0 1 0 0]
Reconstruido --> [0 0 0 1 1 0 0 1 0 1 1 1 0 0 0 0 0 0 1 0 0 1 1 0 0 0 0 0 0 1 0 0] | Precisión: 1.00
Distancia de Hamming: 0
--------------------------------------------------
Original     --> [1 1 0 1 1 0 0 1 0 0 1 0 0 1 1 1 1 0 1 0 1 1 0 0 0 1 1 0 1 1 1 1]
Reconstruido --> [1 1 0 1 1 0 0 1 0 0 1 0 0 1 1 1 1 0 1 0 1 1 0 0 0 1 1 0 1 1 1 1] | Precisión: 1.00
Distancia de Hamming: 0
--------------------------------------------------
Original     --> [1 1 0 0 0 1 0 1 1 0 1 1 1 1 1 0 0 0 1 1 1 0 0 0 0 0 0 1 1 0 1 0]
Reconstruido --> [1 1 0 0 0 1 0 1 1 0 1 1 1 1 1 0 0 0 1 1 1 0 0 0 0 0 0 1 1 0 1 0] | Precisión: 1.00
Distancia de Hamming: 0
--------------------------------------------------
Original     --> [0 0 1 0 1 1 0 0 1 1 1 0 0 1 1 0 1 1 0 0 1 0 0 0 1 1 0 1 0 0 0 1]
Reconstruido --> [0 0 1 0 1 1 0 0 1 1 1 0 0 1 1 0 1 1 0 0 1 0 0 0 1 1 0 1 0 0 0 1] | Precisión: 1.00
Distancia de Hamming: 0
--------------------------------------------------
Original     --> [0 1 0 0 1 1 1 1 1 0 1 1 0 0 1 1 0 1 0 0 0 1 1 0 1 0 1 1 1 0 0 1]
Reconstruido --> [0 1 0 0 1 1 1 1 1 0 1 1 0 0 1 1 0 1 0 0 0 1 1 0 1 0 1 1 1 0 0 1] | Precisión: 1.00
Distancia de Hamming: 0
--------------------------------------------------
Original     --> [0 0 0 0 0 0 0 1 1 0 1 1 0 0 1 1 1 1 1 0 0 0 0 0 1 1 0 0 0 1 1 1]
Reconstruido --> [0 0 0 0 0 0 0 1 1 0 1 1 0 0 1 1 1 1 1 0 0 0 0 0 1 1 0 0 0 1 1 1] | Precisión: 1.00
Distancia de Hamming: 0
--------------------------------------------------
La media de la precisión del descifrado es 0.9798
Distancia media de Hamming = 0.6450 | Número de bits: 32
Número de reconstrucciones perfectas = 6998



EVALUACIÓN CON 4200:

Original     --> [1 0 1 0 1 0 1 1 0 0 0 1 0 0 1 0 0 1 0 1 1 0 0 1 0 0 1 1 1 0 0 1]
Reconstruido --> [1 0 1 0 1 0 1 1 0 0 0 1 0 0 1 0 0 1 0 1 1 0 0 1 0 0 1 1 1 0 0 1] | Precisión: 1.00
Distancia de Hamming: 0
--------------------------------------------------
Original     --> [1 0 1 0 0 0 1 1 0 0 0 0 1 1 0 0 1 1 0 1 1 0 1 1 0 0 1 1 1 1 1 0]
Reconstruido --> [1 0 0 0 0 0 1 1 0 1 0 1 1 1 0 0 0 1 0 1 1 0 1 1 0 0 1 1 1 1 0 0] | Precisión: 0.84
Distancia de Hamming: 5
--------------------------------------------------
Original     --> [0 0 0 1 0 1 0 0 0 0 1 0 1 1 1 1 0 1 0 0 1 0 1 1 1 0 0 1 1 0 1 1]
Reconstruido --> [1 0 0 1 0 1 0 0 0 0 1 0 1 1 1 1 0 1 0 0 0 0 1 1 1 0 0 1 1 0 1 1] | Precisión: 0.94
Distancia de Hamming: 2
--------------------------------------------------
Original     --> [1 1 0 0 0 0 1 0 1 1 1 1 1 0 0 0 1 0 0 1 0 0 0 0 0 1 1 1 0 0 0 0]
Reconstruido --> [1 1 0 0 0 0 1 0 0 1 1 1 1 0 0 0 1 0 0 1 0 0 0 0 0 1 1 1 0 0 0 0] | Precisión: 0.97
Distancia de Hamming: 1
--------------------------------------------------
Original     --> [0 0 1 1 1 0 1 1 1 0 0 1 1 0 0 0 0 1 1 1 1 1 0 1 0 1 0 1 1 0 1 0]
Reconstruido --> [0 0 1 1 1 0 1 1 1 0 0 1 1 0 0 0 0 1 1 1 1 1 0 1 0 1 0 1 1 0 1 0] | Precisión: 1.00
Distancia de Hamming: 0
--------------------------------------------------
Original     --> [1 0 0 1 0 1 1 1 0 1 0 1 1 0 0 1 1 1 1 0 1 1 0 1 1 1 1 0 0 1 1 1]
Reconstruido --> [1 0 0 1 0 1 1 1 0 1 0 1 1 0 0 1 1 1 1 0 1 1 0 1 1 1 1 0 0 1 1 1] | Precisión: 1.00
Distancia de Hamming: 0
--------------------------------------------------
Original     --> [0 1 1 0 1 0 1 1 0 1 0 0 0 1 1 0 0 1 1 1 1 1 0 0 1 1 1 0 1 1 0 0]
Reconstruido --> [0 1 1 0 1 0 1 1 0 1 0 0 0 1 1 0 0 1 1 1 1 1 0 0 1 1 1 0 1 1 0 0] | Precisión: 1.00
Distancia de Hamming: 0
--------------------------------------------------
Original     --> [0 1 1 1 1 1 0 0 1 0 1 0 1 0 1 0 1 0 1 1 1 0 1 0 1 0 0 1 0 0 1 0]
Reconstruido --> [0 1 1 1 1 1 0 0 1 0 1 0 1 0 1 0 0 0 1 1 0 0 0 0 1 0 0 1 0 0 1 0] | Precisión: 0.91
Distancia de Hamming: 3
--------------------------------------------------
Original     --> [0 0 0 0 0 1 1 0 1 0 0 0 0 0 1 0 0 0 0 0 1 0 0 0 1 0 1 0 0 0 0 1]
Reconstruido --> [0 0 0 0 0 1 1 0 1 0 0 0 0 0 1 0 0 0 0 0 1 0 0 0 0 0 1 0 0 0 0 1] | Precisión: 0.97
Distancia de Hamming: 1
--------------------------------------------------
Original     --> [0 1 0 0 0 0 1 0 0 0 1 1 1 0 0 1 0 0 0 0 0 0 1 0 1 1 0 1 0 0 0 0]
Reconstruido --> [0 1 0 0 0 0 1 0 0 0 1 1 1 0 0 1 0 0 0 0 0 0 1 0 1 1 0 1 0 0 0 0] | Precisión: 1.00
Distancia de Hamming: 0
--------------------------------------------------
La media de la precisión del descifrado es 0.9808
Distancia media de Hamming = 0.6142 | Número de bits: 32
Número de reconstrucciones perfectas = 7154



EVALUACIÓN CON 4500:

Original     --> [0 1 0 0 0 0 0 0 1 1 1 0 1 0 1 0 0 1 0 0 0 0 0 1 1 1 1 0 1 0 1 1]
Reconstruido --> [0 0 1 0 1 0 0 0 1 1 1 0 1 0 1 0 0 1 0 0 0 0 0 1 1 1 1 0 1 0 1 1] | Precisión: 0.91
Distancia de Hamming: 3
--------------------------------------------------
Original     --> [0 1 0 0 1 1 1 0 0 0 1 0 1 1 0 0 1 0 1 1 1 1 0 1 1 0 1 1 1 0 0 1]
Reconstruido --> [0 1 0 0 1 1 1 0 0 0 1 0 1 1 0 0 1 0 1 1 1 1 0 1 1 0 1 1 1 0 0 1] | Precisión: 1.00
Distancia de Hamming: 0
--------------------------------------------------
Original     --> [1 0 0 0 1 0 1 1 0 1 1 0 1 1 0 1 1 1 0 1 0 0 1 0 0 0 1 0 1 1 0 0]
Reconstruido --> [1 0 0 0 1 0 0 1 0 1 1 0 1 1 0 1 1 1 0 1 1 0 1 0 0 0 1 0 0 1 0 0] | Precisión: 0.91
Distancia de Hamming: 3
--------------------------------------------------
Original     --> [0 1 1 0 0 0 1 0 0 1 1 0 0 0 1 1 0 0 1 1 1 0 1 0 0 1 0 1 0 0 0 0]
Reconstruido --> [0 1 1 0 0 0 1 0 0 1 1 0 0 0 1 0 0 0 1 1 1 1 1 0 0 1 0 1 0 1 0 0] | Precisión: 0.91
Distancia de Hamming: 3
--------------------------------------------------
Original     --> [0 1 0 0 0 0 0 0 1 1 1 1 0 1 1 0 0 0 0 1 1 1 1 0 1 1 0 0 1 1 0 0]
Reconstruido --> [0 1 0 0 0 0 0 0 1 1 1 1 0 1 1 0 0 0 0 1 1 1 1 0 1 1 0 0 1 1 0 0] | Precisión: 1.00
Distancia de Hamming: 0
--------------------------------------------------
Original     --> [1 0 1 0 1 1 1 1 0 1 0 1 0 0 1 0 1 1 1 1 0 1 1 1 1 0 0 0 0 0 1 1]
Reconstruido --> [1 0 1 0 1 1 1 1 0 1 0 1 0 0 1 0 1 1 1 1 0 1 1 1 1 0 0 0 0 0 1 1] | Precisión: 1.00
Distancia de Hamming: 0
--------------------------------------------------
Original     --> [0 1 0 1 0 1 0 1 1 0 1 0 1 0 1 0 0 1 1 0 0 0 1 1 1 1 1 0 0 1 1 1]
Reconstruido --> [0 1 0 1 0 1 0 1 1 0 1 0 1 0 1 0 0 1 1 0 0 0 1 1 1 1 1 0 0 1 1 1] | Precisión: 1.00
Distancia de Hamming: 0
--------------------------------------------------
Original     --> [1 0 0 0 1 1 1 1 1 0 1 1 1 1 1 1 0 1 0 1 1 1 0 0 0 1 1 0 1 0 1 0]
Reconstruido --> [1 0 0 0 1 1 0 1 1 0 1 1 1 1 1 1 0 1 0 1 1 1 0 0 0 1 1 0 1 0 1 0] | Precisión: 0.97
Distancia de Hamming: 1
--------------------------------------------------
Original     --> [0 0 0 0 1 1 0 1 0 0 1 1 1 0 0 1 0 0 0 1 0 1 0 0 0 1 1 1 0 1 1 1]
Reconstruido --> [0 0 0 0 1 1 0 1 0 0 1 1 1 0 0 1 0 0 0 1 0 1 0 0 0 1 1 1 0 1 1 1] | Precisión: 1.00
Distancia de Hamming: 0
--------------------------------------------------
Original     --> [1 1 0 1 1 1 1 1 1 1 1 1 1 1 0 1 1 1 1 1 0 0 1 1 1 1 0 1 0 0 0 1]
Reconstruido --> [1 1 0 1 1 1 1 1 1 1 1 1 1 1 0 1 1 1 1 1 0 0 1 1 1 1 0 1 0 0 0 1] | Precisión: 1.00
Distancia de Hamming: 0
--------------------------------------------------
La media de la precisión del descifrado es 0.9785
Distancia media de Hamming = 0.6875 | Número de bits: 32
Número de reconstrucciones perfectas = 6741



EVALUACIÓN CON 4800:

Original     --> [1 0 0 0 1 0 1 1 1 1 1 0 1 0 0 1 1 0 0 0 0 1 1 0 0 1 1 1 0 0 0 1]
Reconstruido --> [1 0 0 0 1 0 1 1 1 1 1 0 1 0 0 1 1 0 0 0 0 1 1 0 0 1 1 1 0 0 0 1] | Precisión: 1.00
Distancia de Hamming: 0
--------------------------------------------------
Original     --> [0 0 1 0 0 1 1 0 0 0 0 0 1 0 0 1 0 1 0 0 1 0 0 1 0 1 0 0 1 1 1 0]
Reconstruido --> [0 0 1 0 0 1 1 0 0 0 0 0 1 0 0 1 0 1 0 0 1 0 0 0 0 1 0 0 1 1 1 0] | Precisión: 0.97
Distancia de Hamming: 1
--------------------------------------------------
Original     --> [0 0 0 1 0 1 1 0 1 1 1 1 0 1 0 0 1 1 1 1 0 1 1 1 1 0 1 1 1 0 0 1]
Reconstruido --> [0 0 0 1 0 1 1 0 1 1 1 1 0 1 0 0 1 1 1 1 0 1 1 1 1 0 1 1 1 0 0 1] | Precisión: 1.00
Distancia de Hamming: 0
--------------------------------------------------
Original     --> [1 1 1 0 1 1 1 1 0 0 1 1 1 1 1 0 0 1 0 0 1 0 1 0 0 1 1 1 1 0 0 0]
Reconstruido --> [1 1 1 0 1 1 1 1 0 0 1 1 1 1 1 0 0 1 0 0 1 0 1 0 0 1 1 1 1 0 0 0] | Precisión: 1.00
Distancia de Hamming: 0
--------------------------------------------------
Original     --> [1 1 1 0 1 0 0 0 1 1 1 0 1 1 1 0 1 0 0 0 0 0 1 0 1 0 0 0 0 0 1 1]
Reconstruido --> [1 1 1 0 1 0 0 0 1 1 1 0 1 1 1 0 1 0 0 0 0 0 1 0 1 0 0 0 0 0 1 1] | Precisión: 1.00
Distancia de Hamming: 0
--------------------------------------------------
Original     --> [0 1 0 1 1 0 0 1 1 1 0 1 0 0 1 1 1 1 0 0 0 0 0 1 0 1 0 1 1 1 0 1]
Reconstruido --> [0 1 1 1 1 0 0 1 1 1 0 1 0 0 1 1 1 1 0 0 1 1 0 1 0 1 0 1 1 1 0 1] | Precisión: 0.91
Distancia de Hamming: 3
--------------------------------------------------
Original     --> [1 1 1 1 0 1 1 1 0 1 1 0 0 0 1 0 0 1 0 1 0 0 0 0 1 0 0 0 1 0 0 0]
Reconstruido --> [1 1 1 1 0 1 1 1 0 1 1 0 0 0 1 0 0 1 0 1 0 0 0 0 1 0 0 0 1 0 0 0] | Precisión: 1.00
Distancia de Hamming: 0
--------------------------------------------------
Original     --> [0 0 0 0 1 1 1 0 1 1 1 0 1 0 1 1 1 0 0 0 1 0 0 0 1 0 1 0 1 1 0 0]
Reconstruido --> [0 0 0 0 1 1 1 0 1 1 1 0 1 0 1 1 1 0 0 0 1 0 0 0 1 0 1 0 1 1 0 0] | Precisión: 1.00
Distancia de Hamming: 0
--------------------------------------------------
Original     --> [1 1 1 0 0 0 0 1 1 1 0 1 1 0 1 1 1 1 1 1 0 1 0 1 1 1 1 0 1 0 1 0]
Reconstruido --> [1 1 1 0 0 0 0 1 1 1 0 1 1 0 1 1 1 1 1 1 0 1 0 1 1 1 1 0 1 0 1 0] | Precisión: 1.00
Distancia de Hamming: 0
--------------------------------------------------
Original     --> [1 0 1 0 0 1 0 1 0 1 0 0 1 0 1 0 0 0 0 0 1 1 0 0 0 0 0 1 1 1 1 1]
Reconstruido --> [1 0 1 0 0 1 0 1 0 1 0 0 1 0 1 0 0 0 0 0 1 1 0 0 0 0 0 1 1 1 1 1] | Precisión: 1.00
Distancia de Hamming: 0
--------------------------------------------------
La media de la precisión del descifrado es 0.9892
Distancia media de Hamming = 0.3445 | Número de bits: 32
Número de reconstrucciones perfectas = 8375



EVALUACIÓN CON 5100:

Original     --> [0 0 0 0 1 0 0 0 0 1 1 1 1 1 1 0 0 0 0 1 1 0 1 1 1 0 0 1 1 1 1 1]
Reconstruido --> [0 0 0 0 1 0 0 0 0 1 1 1 1 1 1 0 0 0 0 1 1 0 1 1 1 0 0 1 1 1 1 1] | Precisión: 1.00
Distancia de Hamming: 0
--------------------------------------------------
Original     --> [0 0 0 1 0 1 1 1 0 1 0 0 1 0 1 0 1 0 0 1 0 0 0 1 0 1 1 0 0 1 1 1]
Reconstruido --> [0 0 0 1 0 1 1 1 0 0 0 0 1 0 1 0 1 0 0 1 0 0 0 1 0 1 1 0 0 1 1 1] | Precisión: 0.97
Distancia de Hamming: 1
--------------------------------------------------
Original     --> [1 0 1 0 0 1 1 1 1 0 1 0 1 0 1 1 0 0 0 0 1 1 0 0 1 1 1 1 1 0 1 0]
Reconstruido --> [1 0 1 0 0 1 1 1 1 0 1 0 1 0 1 1 0 0 0 0 1 1 0 0 1 1 1 1 1 0 1 0] | Precisión: 1.00
Distancia de Hamming: 0
--------------------------------------------------
Original     --> [1 1 1 1 0 0 1 1 0 1 0 0 1 1 1 1 1 1 1 1 1 0 0 1 0 0 1 0 1 0 1 0]
Reconstruido --> [1 1 1 1 0 0 1 1 0 1 0 0 1 1 1 1 1 1 1 1 1 0 0 1 0 0 1 0 1 0 1 0] | Precisión: 1.00
Distancia de Hamming: 0
--------------------------------------------------
Original     --> [1 0 0 0 1 1 1 1 1 0 0 0 1 0 0 1 0 0 1 0 0 1 1 1 0 1 0 1 0 1 0 0]
Reconstruido --> [1 0 0 0 1 1 1 1 1 0 0 0 1 0 0 1 0 0 1 0 0 1 0 1 0 1 0 1 1 1 0 0] | Precisión: 0.94
Distancia de Hamming: 2
--------------------------------------------------
Original     --> [1 1 1 0 1 0 1 1 1 0 1 0 1 1 1 1 0 0 0 0 1 1 1 1 1 0 0 1 1 0 0 1]
Reconstruido --> [1 1 1 0 0 0 1 1 1 1 1 0 1 1 1 1 0 0 0 0 1 1 1 1 1 1 0 1 1 0 0 1] | Precisión: 0.91
Distancia de Hamming: 3
--------------------------------------------------
Original     --> [0 0 0 0 0 0 0 1 1 1 0 1 1 0 1 0 0 1 1 1 0 1 1 1 0 0 0 1 0 0 0 1]
Reconstruido --> [0 0 0 0 0 0 0 1 1 1 0 1 1 0 1 0 0 1 1 1 0 1 1 1 0 0 0 1 0 0 0 1] | Precisión: 1.00
Distancia de Hamming: 0
--------------------------------------------------
Original     --> [1 1 1 1 0 0 1 0 1 1 1 1 1 0 0 1 1 0 1 1 0 0 1 1 0 1 1 0 1 1 1 1]
Reconstruido --> [1 1 1 1 0 0 1 0 1 0 1 1 1 0 0 1 1 0 1 1 0 0 1 1 0 0 1 0 1 1 1 1] | Precisión: 0.94
Distancia de Hamming: 2
--------------------------------------------------
Original     --> [1 0 0 1 1 1 1 0 0 0 1 1 0 1 0 1 1 0 0 1 1 1 0 1 0 0 1 0 1 0 1 0]
Reconstruido --> [1 0 0 1 1 1 1 0 0 0 1 0 0 1 0 0 1 0 0 1 1 1 0 1 0 0 1 0 0 0 0 0] | Precisión: 0.88
Distancia de Hamming: 4
--------------------------------------------------
Original     --> [1 0 1 1 1 0 1 1 0 0 0 0 1 1 1 0 1 0 0 0 1 0 0 0 0 0 0 1 1 0 1 0]
Reconstruido --> [1 0 1 1 1 0 1 1 0 0 0 0 1 1 1 0 1 0 0 0 1 0 0 0 0 1 0 1 1 0 1 0] | Precisión: 0.97
Distancia de Hamming: 1
--------------------------------------------------
La media de la precisión del descifrado es 0.9805
Distancia media de Hamming = 0.6249 | Número de bits: 32
Número de reconstrucciones perfectas = 7230



EVALUACIÓN CON 5400:

Original     --> [1 0 1 0 1 0 1 0 0 0 1 1 1 1 0 1 1 0 0 0 1 0 1 0 0 0 0 0 0 1 0 0]
Reconstruido --> [1 0 1 0 1 0 1 0 0 0 1 1 1 1 0 1 1 0 0 0 1 0 1 0 0 0 0 0 0 1 0 0] | Precisión: 1.00
Distancia de Hamming: 0
--------------------------------------------------
Original     --> [0 1 1 0 1 0 0 1 0 1 1 0 1 1 1 1 0 0 0 0 1 1 0 0 0 1 0 1 0 1 1 1]
Reconstruido --> [0 1 1 0 1 1 0 1 0 1 1 0 0 1 1 1 0 0 0 0 1 0 1 0 0 0 1 1 0 1 1 1] | Precisión: 0.81
Distancia de Hamming: 6
--------------------------------------------------
Original     --> [0 1 0 0 0 0 1 1 1 1 1 1 1 0 0 0 1 0 0 1 1 0 1 0 1 1 0 1 0 0 0 0]
Reconstruido --> [0 1 0 0 0 0 1 1 1 1 1 1 1 0 0 0 1 0 0 1 1 0 1 0 1 1 0 1 0 0 0 0] | Precisión: 1.00
Distancia de Hamming: 0
--------------------------------------------------
Original     --> [0 0 1 1 0 1 1 0 1 0 0 0 0 1 0 1 0 1 0 0 0 0 0 1 0 0 0 1 1 1 0 0]
Reconstruido --> [0 0 1 1 0 1 1 0 1 0 0 0 0 1 0 1 0 1 0 0 0 1 0 1 0 0 0 1 1 1 0 0] | Precisión: 0.97
Distancia de Hamming: 1
--------------------------------------------------
Original     --> [1 0 1 1 1 1 1 0 0 1 1 0 0 1 0 1 0 1 1 1 0 1 0 0 1 1 0 0 1 1 0 1]
Reconstruido --> [1 0 1 1 1 1 1 0 0 1 1 0 0 1 0 1 0 1 1 1 0 1 0 0 0 1 0 0 1 1 0 1] | Precisión: 0.97
Distancia de Hamming: 1
--------------------------------------------------
Original     --> [1 0 1 0 0 1 0 1 1 1 1 0 0 0 1 0 0 0 0 1 0 0 0 0 1 0 0 1 1 1 0 0]
Reconstruido --> [1 0 1 0 0 1 0 1 1 1 1 0 0 0 1 0 0 0 0 1 0 0 0 0 1 0 0 1 1 1 0 0] | Precisión: 1.00
Distancia de Hamming: 0
--------------------------------------------------
Original     --> [1 1 0 1 0 1 0 0 1 0 1 1 0 1 1 0 0 0 1 1 1 0 0 0 0 1 1 1 0 0 0 0]
Reconstruido --> [1 1 0 1 0 1 0 0 1 0 1 1 0 1 1 0 0 0 1 1 1 0 0 0 0 1 1 1 0 0 0 0] | Precisión: 1.00
Distancia de Hamming: 0
--------------------------------------------------
Original     --> [1 1 0 0 1 1 0 1 0 1 1 0 0 1 0 0 1 0 1 0 0 0 1 0 0 1 0 1 1 1 0 0]
Reconstruido --> [1 1 0 0 1 1 0 1 0 1 1 0 0 1 0 0 1 0 1 0 0 0 1 0 0 1 0 1 1 1 0 0] | Precisión: 1.00
Distancia de Hamming: 0
--------------------------------------------------
Original     --> [0 0 1 0 1 0 0 0 1 0 0 0 1 1 1 0 0 0 0 0 0 1 1 1 0 1 0 0 1 0 0 0]
Reconstruido --> [0 0 1 0 1 0 0 0 1 0 0 0 1 1 1 0 0 0 0 0 0 1 1 1 0 1 0 1 1 0 0 0] | Precisión: 0.97
Distancia de Hamming: 1
--------------------------------------------------
Original     --> [0 0 0 0 0 0 0 1 1 0 1 1 1 1 1 1 0 0 1 1 0 1 0 1 1 1 1 1 1 1 1 0]
Reconstruido --> [0 0 0 0 0 0 0 1 1 0 1 1 1 1 1 1 0 0 1 1 0 1 0 1 1 1 1 1 1 1 1 0] | Precisión: 1.00
Distancia de Hamming: 0
--------------------------------------------------
La media de la precisión del descifrado es 0.9695
Distancia media de Hamming = 0.9763 | Número de bits: 32
Número de reconstrucciones perfectas = 5853



EVALUACIÓN CON 5700:

Original     --> [1 1 0 1 1 0 1 1 1 0 1 1 1 1 0 1 0 0 1 1 0 0 1 1 0 1 1 1 0 1 0 1]
Reconstruido --> [1 1 0 1 1 0 1 1 1 0 1 1 1 1 0 1 0 0 1 1 0 0 1 1 0 1 1 1 0 1 0 1] | Precisión: 1.00
Distancia de Hamming: 0
--------------------------------------------------
Original     --> [1 1 1 0 0 0 0 1 1 0 0 0 1 0 1 1 1 1 0 1 0 0 1 1 1 1 1 0 0 0 0 1]
Reconstruido --> [1 1 1 0 0 0 0 1 1 0 0 0 1 0 1 1 1 1 0 1 0 0 1 1 1 1 1 0 0 0 0 1] | Precisión: 1.00
Distancia de Hamming: 0
--------------------------------------------------
Original     --> [1 1 1 1 0 1 1 0 0 1 1 1 0 0 1 0 1 1 0 1 0 1 1 1 1 1 0 1 0 1 0 0]
Reconstruido --> [1 1 1 1 0 1 1 0 0 1 1 1 0 0 1 0 1 1 0 1 0 1 1 1 1 1 0 1 0 1 0 0] | Precisión: 1.00
Distancia de Hamming: 0
--------------------------------------------------
Original     --> [1 0 1 1 0 1 1 1 1 1 1 0 1 0 0 1 1 0 0 0 0 1 0 1 1 0 0 1 1 0 0 1]
Reconstruido --> [0 0 1 1 0 1 1 1 1 1 1 0 1 0 0 1 1 0 0 0 0 1 0 1 1 1 0 1 1 0 0 1] | Precisión: 0.94
Distancia de Hamming: 2
--------------------------------------------------
Original     --> [1 0 0 0 1 1 0 1 1 1 0 0 0 0 1 1 0 1 0 0 0 0 0 1 1 1 0 0 0 0 0 0]
Reconstruido --> [1 0 0 0 1 1 0 1 1 1 0 0 0 0 1 1 0 1 0 0 0 0 0 1 1 1 0 0 0 0 0 0] | Precisión: 1.00
Distancia de Hamming: 0
--------------------------------------------------
Original     --> [1 0 0 1 1 1 0 0 0 1 1 0 0 1 0 0 0 0 0 0 0 1 0 0 1 0 1 1 0 0 0 0]
Reconstruido --> [1 0 0 1 1 1 0 0 0 1 1 0 0 1 0 0 0 0 0 0 0 1 0 0 1 0 1 1 0 0 0 0] | Precisión: 1.00
Distancia de Hamming: 0
--------------------------------------------------
Original     --> [0 1 1 1 0 0 0 1 0 0 1 1 0 0 1 1 0 0 0 1 1 0 1 0 1 1 0 1 1 1 1 0]
Reconstruido --> [0 1 1 1 0 0 0 1 0 0 1 1 0 0 1 1 0 0 0 1 1 0 1 0 1 1 0 1 1 1 1 0] | Precisión: 1.00
Distancia de Hamming: 0
--------------------------------------------------
Original     --> [1 1 0 1 1 0 1 1 1 1 1 1 1 0 1 1 1 0 0 1 1 0 0 1 0 1 1 1 0 0 1 1]
Reconstruido --> [1 1 0 1 1 0 1 1 1 1 1 1 1 0 1 1 1 0 0 1 1 0 0 1 0 1 1 1 0 0 1 1] | Precisión: 1.00
Distancia de Hamming: 0
--------------------------------------------------
Original     --> [1 1 1 0 1 1 0 0 0 1 1 1 1 0 1 1 0 1 1 1 0 0 0 0 1 0 1 1 1 0 0 1]
Reconstruido --> [1 1 1 0 1 1 0 0 0 1 1 1 1 0 1 1 0 1 1 1 0 0 0 0 1 0 1 1 1 1 0 1] | Precisión: 0.97
Distancia de Hamming: 1
--------------------------------------------------
Original     --> [0 0 1 0 1 0 0 0 1 0 0 1 0 0 0 1 1 0 1 1 0 1 0 0 1 0 1 1 1 0 1 0]
Reconstruido --> [0 0 1 0 1 0 0 0 1 0 0 1 0 0 0 1 1 0 1 1 0 1 0 0 1 0 1 1 1 0 1 0] | Precisión: 1.00
Distancia de Hamming: 0
--------------------------------------------------
La media de la precisión del descifrado es 0.9876
Distancia media de Hamming = 0.3972 | Número de bits: 32
Número de reconstrucciones perfectas = 8032



EVALUACIÓN CON 6000:

Original     --> [0 0 0 0 0 1 1 1 1 0 0 1 0 0 1 1 0 0 0 1 1 1 1 1 0 1 1 1 0 1 0 1]
Reconstruido --> [0 0 0 0 0 1 1 1 1 0 0 1 0 0 1 1 0 0 0 1 1 1 1 1 0 1 1 1 0 1 0 1] | Precisión: 1.00
Distancia de Hamming: 0
--------------------------------------------------
Original     --> [0 0 1 0 0 0 1 0 0 0 0 1 1 0 1 0 0 0 0 1 0 1 1 1 0 0 1 1 0 1 0 1]
Reconstruido --> [0 0 1 0 0 0 1 0 0 0 0 1 1 0 1 0 0 0 0 1 0 1 1 1 0 0 1 1 0 1 0 1] | Precisión: 1.00
Distancia de Hamming: 0
--------------------------------------------------
Original     --> [1 0 1 0 0 1 1 1 1 0 1 0 0 0 0 0 0 1 0 0 0 1 1 0 1 1 1 0 0 0 0 0]
Reconstruido --> [1 0 1 0 0 1 1 1 1 0 1 0 0 0 0 0 0 1 0 0 0 1 1 0 1 1 1 0 0 0 0 0] | Precisión: 1.00
Distancia de Hamming: 0
--------------------------------------------------
Original     --> [0 1 1 1 0 0 1 0 1 1 0 1 0 1 0 0 0 1 0 1 1 1 1 1 0 0 1 1 0 0 1 1]
Reconstruido --> [0 1 1 1 0 0 1 0 1 1 0 1 1 1 0 0 0 1 0 0 1 1 1 1 0 0 1 0 0 0 1 1] | Precisión: 0.91
Distancia de Hamming: 3
--------------------------------------------------
Original     --> [1 1 1 1 1 1 1 0 1 0 0 1 0 0 1 0 0 1 1 1 1 1 0 1 0 1 0 1 1 1 0 0]
Reconstruido --> [1 1 1 1 1 1 1 0 1 0 0 1 0 0 1 0 0 1 1 1 1 1 0 1 0 1 0 1 1 1 0 0] | Precisión: 1.00
Distancia de Hamming: 0
--------------------------------------------------
Original     --> [0 0 0 0 1 0 1 0 1 1 0 0 0 0 1 0 1 0 0 1 0 1 1 0 0 1 1 1 0 0 1 1]
Reconstruido --> [0 0 0 0 1 0 1 0 1 1 0 0 0 0 1 0 1 0 0 1 0 1 1 0 0 1 1 1 0 0 1 1] | Precisión: 1.00
Distancia de Hamming: 0
--------------------------------------------------
Original     --> [0 1 1 0 0 1 0 0 1 0 1 1 1 1 0 0 1 0 1 0 1 0 1 0 0 0 1 1 1 1 0 0]
Reconstruido --> [0 1 1 0 0 1 0 0 1 0 1 1 1 1 0 0 1 0 1 0 1 0 1 0 0 0 1 1 1 1 0 0] | Precisión: 1.00
Distancia de Hamming: 0
--------------------------------------------------
Original     --> [1 1 0 0 0 0 0 1 1 0 1 1 1 0 0 0 1 0 0 1 1 1 0 1 0 0 1 0 1 0 0 0]
Reconstruido --> [1 1 0 0 0 0 0 1 1 0 1 1 1 0 0 0 1 0 0 1 1 1 0 1 0 0 1 0 1 0 0 0] | Precisión: 1.00
Distancia de Hamming: 0
--------------------------------------------------
Original     --> [0 0 0 1 0 1 1 1 0 0 1 0 1 1 1 1 1 0 0 0 0 1 1 1 1 1 0 0 1 0 0 0]
Reconstruido --> [0 0 1 1 0 1 1 1 0 0 1 0 1 1 1 1 1 0 0 0 0 1 1 1 1 0 0 0 1 0 0 0] | Precisión: 0.94
Distancia de Hamming: 2
--------------------------------------------------
Original     --> [1 1 1 1 0 0 1 1 1 1 1 0 1 0 0 0 1 1 1 1 0 0 1 0 0 0 0 1 1 0 1 0]
Reconstruido --> [1 1 1 1 0 0 1 1 1 1 1 0 1 0 0 0 1 1 1 1 0 0 1 0 0 0 0 1 1 0 1 0] | Precisión: 1.00
Distancia de Hamming: 0
--------------------------------------------------
La media de la precisión del descifrado es 0.9800
Distancia media de Hamming = 0.6392 | Número de bits: 32
Número de reconstrucciones perfectas = 7165


Tiempo total de ejecución: 4381.852478504181

