-- RESULTS FROM EXPERIMENT 1.1. --

Número de mensajes = 10000
Número de bits = 32
Tamaño del batch = 256
Adam optimizer learning rate = 0.001
Epochs totales = 6000
Epochs iniciales = 300

EVALUACIÓN CON 300:

Original     --> [0 1 1 1 1 0 0 0 0 0 1 0 1 0 1 0 0 1 1 0 1 0 1 1 0 0 1 1 1 1 1 0]
Reconstruido --> [0 1 1 1 1 0 0 0 0 0 1 0 1 0 1 0 0 1 1 0 1 0 1 1 0 0 1 1 1 1 1 0] | Precisión: 1.00
Distancia de Hamming: 0
--------------------------------------------------
Original     --> [0 1 0 1 1 1 1 0 1 0 1 1 1 0 0 0 0 1 0 1 0 0 1 1 0 1 0 0 1 1 1 0]
Reconstruido --> [0 1 0 1 1 1 1 1 1 0 1 1 1 0 0 0 0 1 0 1 0 0 1 1 0 1 0 0 1 1 1 0] | Precisión: 0.97
Distancia de Hamming: 1
--------------------------------------------------
Original     --> [1 0 0 1 0 0 1 0 0 1 0 1 0 0 0 0 1 0 1 1 1 0 1 1 0 0 0 1 1 0 0 0]
Reconstruido --> [1 0 0 1 0 0 1 0 0 1 0 1 0 0 0 0 1 0 1 1 1 0 1 1 0 0 0 1 1 0 0 0] | Precisión: 1.00
Distancia de Hamming: 0
--------------------------------------------------
Original     --> [1 0 1 0 0 0 1 1 0 1 0 1 1 1 0 1 1 1 1 1 1 0 0 0 1 0 0 1 1 1 0 1]
Reconstruido --> [1 0 1 0 0 0 1 0 0 1 0 1 1 1 0 1 1 0 1 1 1 0 0 0 0 0 0 1 1 1 0 0] | Precisión: 0.88
Distancia de Hamming: 4
--------------------------------------------------
Original     --> [0 0 0 0 0 0 0 0 1 0 1 1 0 1 1 0 1 1 1 1 1 1 0 1 0 1 1 1 1 1 0 0]
Reconstruido --> [0 0 0 0 0 0 0 0 1 0 1 1 0 1 1 0 1 1 0 1 1 1 0 1 0 1 1 1 1 1 0 1] | Precisión: 0.94
Distancia de Hamming: 2
--------------------------------------------------
Original     --> [1 0 1 1 1 1 1 0 1 0 1 1 1 1 1 1 0 0 0 1 1 0 0 1 1 1 1 0 0 1 0 0]
Reconstruido --> [1 0 1 0 1 0 0 0 1 0 1 0 1 1 0 1 0 0 0 1 1 0 0 1 1 1 1 0 1 1 0 0] | Precisión: 0.81
Distancia de Hamming: 6
--------------------------------------------------
Original     --> [1 1 0 1 0 1 1 0 0 0 0 1 1 0 0 0 0 1 1 0 1 1 1 0 1 1 0 1 1 1 1 0]
Reconstruido --> [1 1 0 1 0 1 1 0 0 0 0 1 1 0 0 0 0 1 1 0 0 1 1 0 0 1 0 1 1 1 1 0] | Precisión: 0.94
Distancia de Hamming: 2
--------------------------------------------------
Original     --> [1 0 0 1 0 0 0 0 0 0 0 0 1 1 1 1 1 1 0 0 1 1 0 1 1 0 0 0 1 1 1 0]
Reconstruido --> [1 0 0 1 0 1 0 0 0 0 1 0 1 1 1 0 0 1 0 0 1 1 0 1 1 0 0 0 1 1 1 0] | Precisión: 0.88
Distancia de Hamming: 4
--------------------------------------------------
Original     --> [1 1 1 0 1 1 0 1 0 0 1 1 1 1 0 0 1 0 1 0 1 0 1 0 0 0 1 1 1 1 0 1]
Reconstruido --> [1 1 1 0 1 1 0 1 0 0 1 1 1 1 0 0 1 0 1 0 1 0 1 0 0 0 1 0 1 1 0 1] | Precisión: 0.97
Distancia de Hamming: 1
--------------------------------------------------
Original     --> [0 0 0 1 1 0 0 0 0 1 1 1 1 1 1 1 0 1 0 1 0 1 1 1 0 0 0 1 0 1 1 1]
Reconstruido --> [0 0 0 1 1 0 0 0 0 1 1 1 1 0 1 1 0 1 0 1 0 1 0 1 0 0 1 1 0 0 1 1] | Precisión: 0.88
Distancia de Hamming: 4
--------------------------------------------------
La media de la precisión del descifrado es 0.9174
Distancia media de Hamming = 2.6416 | Número de bits: 32
Número de reconstrucciones perfectas = 1496



EVALUACIÓN CON 600:

Original     --> [0 0 0 0 0 1 1 0 1 1 1 1 0 0 0 0 0 0 0 0 0 1 0 0 1 1 1 1 1 0 1 1]
Reconstruido --> [0 0 0 0 0 1 1 0 1 1 1 1 0 1 0 0 0 0 0 0 0 1 0 0 0 1 1 1 1 0 1 1] | Precisión: 0.94
Distancia de Hamming: 2
--------------------------------------------------
Original     --> [1 0 1 0 0 1 1 1 1 1 1 0 0 1 0 0 1 0 0 1 0 0 0 0 1 0 0 1 0 0 0 1]
Reconstruido --> [1 0 1 0 0 1 1 1 1 1 1 0 0 1 0 0 1 1 0 1 0 0 0 0 1 0 0 1 0 0 0 1] | Precisión: 0.97
Distancia de Hamming: 1
--------------------------------------------------
Original     --> [0 0 1 1 1 0 1 1 1 0 1 0 0 0 1 0 1 1 0 1 1 0 1 1 0 1 1 0 0 0 1 0]
Reconstruido --> [0 0 0 1 1 0 1 1 1 0 1 0 0 0 1 0 1 1 0 1 1 0 1 1 1 1 1 0 0 0 1 1] | Precisión: 0.91
Distancia de Hamming: 3
--------------------------------------------------
Original     --> [0 1 0 0 0 0 1 0 0 0 1 0 0 1 0 1 0 0 0 0 1 0 0 1 0 1 1 0 1 1 1 0]
Reconstruido --> [0 1 0 0 0 0 1 0 0 0 1 0 0 1 0 1 0 0 0 0 1 0 1 1 0 1 1 0 1 1 1 0] | Precisión: 0.97
Distancia de Hamming: 1
--------------------------------------------------
Original     --> [0 0 0 1 0 1 0 1 0 0 0 1 1 1 0 0 1 1 1 1 0 1 0 1 0 1 1 1 1 0 0 1]
Reconstruido --> [0 0 0 1 0 1 0 1 0 0 1 1 1 1 1 0 1 0 0 1 0 1 0 1 0 1 1 1 1 0 0 1] | Precisión: 0.88
Distancia de Hamming: 4
--------------------------------------------------
Original     --> [1 1 0 0 0 0 0 0 1 0 0 1 1 1 0 0 1 0 1 0 0 1 1 1 1 1 0 1 1 1 1 1]
Reconstruido --> [1 1 0 0 0 0 0 0 1 1 0 1 1 1 0 0 1 0 1 0 0 1 1 1 1 1 0 1 1 1 1 1] | Precisión: 0.97
Distancia de Hamming: 1
--------------------------------------------------
Original     --> [0 0 0 0 0 1 0 0 1 1 0 1 0 1 1 0 0 1 0 0 1 0 1 1 0 1 0 1 1 1 1 0]
Reconstruido --> [0 0 0 0 0 1 0 0 1 1 0 1 0 1 1 0 0 1 0 0 1 0 1 1 0 1 0 1 1 1 1 0] | Precisión: 1.00
Distancia de Hamming: 0
--------------------------------------------------
Original     --> [0 0 1 0 1 1 0 0 0 0 0 0 1 0 0 0 1 0 0 0 0 0 0 1 1 1 0 1 1 0 1 1]
Reconstruido --> [0 1 1 0 1 1 0 0 0 0 0 0 1 0 0 0 1 0 0 0 0 0 0 1 1 1 0 1 1 0 1 1] | Precisión: 0.97
Distancia de Hamming: 1
--------------------------------------------------
Original     --> [0 1 0 0 0 0 1 1 0 0 1 0 1 1 0 0 1 1 0 0 1 1 1 1 0 1 0 1 1 0 0 0]
Reconstruido --> [0 1 0 0 0 0 1 1 0 0 1 0 1 1 0 0 1 1 0 0 1 0 1 1 1 1 0 0 1 0 0 1] | Precisión: 0.88
Distancia de Hamming: 4
--------------------------------------------------
Original     --> [0 0 1 0 1 0 0 0 1 1 1 1 1 1 0 1 1 0 0 0 0 1 0 0 0 0 1 1 0 1 0 1]
Reconstruido --> [0 0 1 0 1 0 0 0 1 1 0 1 1 1 0 1 1 1 0 0 0 1 0 1 0 0 1 0 1 1 0 1] | Precisión: 0.84
Distancia de Hamming: 5
--------------------------------------------------
La media de la precisión del descifrado es 0.9225
Distancia media de Hamming = 2.4799 | Número de bits: 32
Número de reconstrucciones perfectas = 1744



EVALUACIÓN CON 900:

Original     --> [1 0 0 1 1 0 0 1 1 0 1 0 0 0 1 1 0 0 0 0 1 0 0 1 0 0 0 0 0 0 1 1]
Reconstruido --> [1 0 0 1 1 1 0 1 1 0 1 0 0 0 1 1 0 0 0 0 1 0 0 1 0 0 0 0 0 0 1 1] | Precisión: 0.97
Distancia de Hamming: 1
--------------------------------------------------
Original     --> [0 0 0 1 0 1 1 0 0 0 0 0 1 0 0 0 0 0 1 0 1 0 1 1 0 0 1 0 1 1 1 1]
Reconstruido --> [0 0 0 1 0 1 1 0 0 0 0 0 1 0 1 0 1 0 1 0 0 1 1 1 0 1 1 1 1 1 0 1] | Precisión: 0.78
Distancia de Hamming: 7
--------------------------------------------------
Original     --> [1 1 1 1 0 1 1 0 0 1 0 0 1 1 1 1 0 1 1 1 0 1 0 1 0 0 1 0 1 0 1 1]
Reconstruido --> [1 1 1 1 0 1 1 0 0 1 0 0 0 1 1 1 0 1 1 1 0 1 0 1 0 0 1 0 1 0 0 1] | Precisión: 0.94
Distancia de Hamming: 2
--------------------------------------------------
Original     --> [1 1 0 0 1 1 1 0 0 1 1 0 1 0 1 0 1 1 1 0 0 0 0 1 0 0 1 1 0 1 0 0]
Reconstruido --> [1 1 0 0 1 1 1 0 0 1 1 0 1 0 1 0 1 1 1 0 0 0 0 1 0 0 1 1 0 1 0 0] | Precisión: 1.00
Distancia de Hamming: 0
--------------------------------------------------
Original     --> [1 0 1 0 0 1 0 1 1 1 0 0 0 1 0 0 1 1 1 1 1 1 0 0 0 0 0 0 0 0 1 1]
Reconstruido --> [1 0 1 0 0 1 0 1 1 1 0 0 0 1 0 0 1 1 1 1 1 1 0 0 0 0 0 0 0 0 1 1] | Precisión: 1.00
Distancia de Hamming: 0
--------------------------------------------------
Original     --> [0 0 1 1 1 1 0 0 1 0 0 1 0 1 1 0 0 1 0 1 0 0 0 0 1 1 0 0 0 1 0 1]
Reconstruido --> [0 0 1 1 1 1 0 0 1 1 0 1 0 1 1 0 0 1 1 1 0 0 0 0 1 1 0 0 1 1 0 1] | Precisión: 0.91
Distancia de Hamming: 3
--------------------------------------------------
Original     --> [0 0 0 0 0 1 0 1 0 1 1 0 1 0 0 1 1 0 0 0 0 0 1 0 0 1 1 0 1 0 1 1]
Reconstruido --> [0 0 0 0 0 1 0 1 0 1 1 0 1 0 0 1 1 0 0 0 0 0 1 0 0 1 1 0 1 0 1 1] | Precisión: 1.00
Distancia de Hamming: 0
--------------------------------------------------
Original     --> [0 1 0 0 0 0 1 1 0 0 1 0 0 0 0 0 0 0 1 0 0 0 1 0 0 1 0 0 0 0 0 0]
Reconstruido --> [0 1 0 0 0 0 1 1 0 0 1 0 0 0 0 1 0 1 1 1 0 0 1 0 0 1 0 0 0 0 0 0] | Precisión: 0.91
Distancia de Hamming: 3
--------------------------------------------------
Original     --> [1 1 0 1 0 1 0 0 0 0 0 1 0 1 1 1 0 0 0 0 1 1 1 1 0 1 1 0 0 1 1 0]
Reconstruido --> [1 1 0 1 0 1 0 0 0 0 0 1 0 1 1 1 0 0 0 0 1 1 1 1 0 1 1 0 0 1 1 0] | Precisión: 1.00
Distancia de Hamming: 0
--------------------------------------------------
Original     --> [0 1 0 1 0 0 1 0 1 0 0 0 0 0 1 0 1 1 1 1 1 0 0 0 0 0 0 1 1 0 1 1]
Reconstruido --> [0 1 0 1 0 1 1 0 1 0 0 0 0 0 1 0 1 1 1 1 1 0 0 0 0 0 0 1 1 0 0 1] | Precisión: 0.94
Distancia de Hamming: 2
--------------------------------------------------
La media de la precisión del descifrado es 0.9349
Distancia media de Hamming = 2.0824 | Número de bits: 32
Número de reconstrucciones perfectas = 2120



EVALUACIÓN CON 1200:

Original     --> [0 1 1 1 1 0 1 0 0 1 1 1 1 1 1 0 1 1 0 1 1 0 0 0 0 1 1 0 0 1 0 0]
Reconstruido --> [0 1 1 1 1 0 1 0 0 1 1 1 1 0 1 0 1 1 0 1 1 0 0 0 0 1 1 0 0 1 0 0] | Precisión: 0.97
Distancia de Hamming: 1
--------------------------------------------------
Original     --> [0 1 1 1 1 1 0 0 0 1 1 0 1 1 0 1 1 0 1 0 1 1 0 0 0 1 0 1 0 1 0 0]
Reconstruido --> [0 1 1 1 1 1 0 0 0 1 1 0 1 1 0 1 1 0 1 0 1 1 0 0 0 1 0 1 0 1 0 0] | Precisión: 1.00
Distancia de Hamming: 0
--------------------------------------------------
Original     --> [0 1 1 1 1 1 1 1 0 1 1 1 1 1 0 0 1 1 0 1 1 1 1 0 0 0 0 0 0 1 1 0]
Reconstruido --> [0 1 1 1 1 1 1 1 0 1 1 1 1 1 0 0 1 0 0 1 1 1 1 0 0 0 0 0 0 1 1 0] | Precisión: 0.97
Distancia de Hamming: 1
--------------------------------------------------
Original     --> [1 1 1 1 0 1 1 0 0 1 0 0 0 1 0 0 1 1 1 1 1 0 0 1 1 0 1 0 0 1 1 0]
Reconstruido --> [1 1 1 1 1 1 1 0 0 1 0 0 0 0 0 0 1 0 1 1 1 1 0 1 1 0 1 0 0 1 1 0] | Precisión: 0.88
Distancia de Hamming: 4
--------------------------------------------------
Original     --> [1 0 0 1 1 1 1 1 1 1 0 0 1 0 1 1 0 1 0 1 1 0 0 0 0 0 0 0 1 0 0 0]
Reconstruido --> [1 0 1 1 1 1 1 1 1 1 0 0 1 0 1 1 0 1 0 1 0 1 0 0 1 1 0 0 1 1 0 0] | Precisión: 0.81
Distancia de Hamming: 6
--------------------------------------------------
Original     --> [1 1 1 0 0 1 1 1 1 0 0 0 0 1 1 1 0 1 0 0 0 0 1 0 0 0 0 0 0 1 1 1]
Reconstruido --> [1 1 1 0 1 1 1 1 1 0 0 0 0 1 1 1 0 0 0 0 0 0 1 0 0 0 0 0 0 1 1 1] | Precisión: 0.94
Distancia de Hamming: 2
--------------------------------------------------
Original     --> [0 0 1 0 1 0 1 1 0 0 0 0 0 1 0 0 1 1 1 1 0 1 1 1 0 1 0 0 0 1 1 0]
Reconstruido --> [0 0 1 1 1 0 1 1 0 0 0 0 0 1 0 0 1 1 1 1 1 0 1 1 0 1 0 0 1 1 1 0] | Precisión: 0.88
Distancia de Hamming: 4
--------------------------------------------------
Original     --> [1 0 1 1 1 0 1 1 0 1 0 1 1 1 1 0 0 1 0 0 1 0 0 0 1 0 0 0 1 1 1 0]
Reconstruido --> [1 0 1 1 1 0 1 1 0 1 0 1 1 1 1 0 0 1 0 0 1 0 0 0 1 0 0 1 1 1 1 0] | Precisión: 0.97
Distancia de Hamming: 1
--------------------------------------------------
Original     --> [0 1 0 0 1 1 1 1 1 0 0 1 0 0 1 0 0 0 1 0 0 0 1 1 0 1 1 0 1 1 1 1]
Reconstruido --> [0 1 0 0 1 1 1 1 1 0 0 1 0 0 1 0 0 0 1 0 0 0 1 1 0 1 1 0 1 1 1 1] | Precisión: 1.00
Distancia de Hamming: 0
--------------------------------------------------
Original     --> [0 0 0 1 0 0 1 0 0 1 0 0 1 0 1 0 1 1 1 0 0 1 1 0 0 1 0 1 1 0 1 1]
Reconstruido --> [0 0 0 1 0 0 1 0 0 1 0 0 0 0 1 0 1 1 1 0 0 1 1 0 0 1 0 1 1 0 1 1] | Precisión: 0.97
Distancia de Hamming: 1
--------------------------------------------------
La media de la precisión del descifrado es 0.9525
Distancia media de Hamming = 1.5186 | Número de bits: 32
Número de reconstrucciones perfectas = 3848



EVALUACIÓN CON 1500:

Original     --> [0 1 1 0 0 0 0 0 0 1 0 1 1 0 1 0 1 1 0 0 1 1 1 1 1 1 1 1 1 1 0 0]
Reconstruido --> [0 1 1 0 0 0 0 0 0 1 0 1 1 0 1 0 1 1 0 0 1 1 1 1 1 1 1 1 1 1 1 0] | Precisión: 0.97
Distancia de Hamming: 1
--------------------------------------------------
Original     --> [0 1 0 0 0 1 0 0 1 1 0 0 0 1 1 1 0 1 1 0 1 0 0 0 1 1 1 0 1 0 1 1]
Reconstruido --> [0 1 0 0 0 1 0 0 1 1 0 0 0 1 1 1 0 1 1 0 1 0 0 0 1 1 1 0 1 0 1 1] | Precisión: 1.00
Distancia de Hamming: 0
--------------------------------------------------
Original     --> [1 0 0 0 0 1 0 1 1 0 1 1 0 0 0 0 0 0 1 1 1 1 0 1 1 1 1 0 0 0 1 0]
Reconstruido --> [1 0 0 0 0 1 0 1 1 0 1 1 0 0 0 0 0 0 1 1 1 1 0 1 1 1 1 0 0 0 1 1] | Precisión: 0.97
Distancia de Hamming: 1
--------------------------------------------------
Original     --> [1 0 0 1 1 1 0 0 0 0 1 1 0 1 0 1 0 0 0 1 1 0 0 1 1 1 0 0 1 1 1 0]
Reconstruido --> [1 0 0 1 1 1 0 0 0 0 1 1 0 1 0 1 0 1 0 0 1 0 0 1 1 1 0 0 1 1 1 1] | Precisión: 0.91
Distancia de Hamming: 3
--------------------------------------------------
Original     --> [1 1 0 1 1 1 1 0 0 0 1 1 0 1 1 0 1 0 0 1 0 1 0 1 0 1 0 1 1 1 0 1]
Reconstruido --> [1 1 0 1 1 1 1 0 0 0 1 1 0 1 1 0 1 0 0 1 0 1 0 1 0 1 0 1 1 1 0 1] | Precisión: 1.00
Distancia de Hamming: 0
--------------------------------------------------
Original     --> [0 1 1 1 1 1 0 0 1 1 1 0 1 0 0 1 0 0 0 1 1 1 0 1 1 0 0 1 1 0 0 0]
Reconstruido --> [0 1 1 1 1 1 0 0 1 1 1 0 1 0 0 1 0 0 0 1 1 1 0 1 1 0 0 1 1 0 0 0] | Precisión: 1.00
Distancia de Hamming: 0
--------------------------------------------------
Original     --> [0 0 0 1 1 0 0 0 0 1 1 0 1 1 0 1 1 1 1 0 0 1 1 1 0 1 1 1 1 0 0 1]
Reconstruido --> [0 0 0 1 1 1 0 0 0 1 1 0 1 1 0 1 1 1 1 1 0 0 1 1 0 1 1 1 1 0 1 1] | Precisión: 0.88
Distancia de Hamming: 4
--------------------------------------------------
Original     --> [1 0 1 0 0 0 1 0 0 0 1 1 0 1 0 1 1 1 1 0 0 0 1 1 0 0 0 0 0 0 1 0]
Reconstruido --> [1 0 1 0 0 0 1 0 0 0 1 1 0 1 0 1 1 1 1 0 0 0 1 1 0 0 0 0 0 0 1 0] | Precisión: 1.00
Distancia de Hamming: 0
--------------------------------------------------
Original     --> [1 0 0 1 0 0 1 1 1 0 0 1 0 0 0 1 0 0 1 0 1 1 1 0 0 0 0 1 1 1 1 1]
Reconstruido --> [1 0 0 1 0 0 1 1 1 0 0 1 0 0 0 1 0 0 1 0 1 1 1 0 0 0 0 1 1 1 1 1] | Precisión: 1.00
Distancia de Hamming: 0
--------------------------------------------------
Original     --> [1 1 0 0 0 0 1 0 1 0 1 1 1 0 1 0 0 1 0 1 0 0 0 1 1 1 0 0 1 1 0 1]
Reconstruido --> [1 1 0 0 0 0 1 0 1 0 1 1 1 0 1 0 0 1 0 1 0 0 0 1 1 1 0 0 1 1 0 1] | Precisión: 1.00
Distancia de Hamming: 0
--------------------------------------------------
La media de la precisión del descifrado es 0.9671
Distancia media de Hamming = 1.0531 | Número de bits: 32
Número de reconstrucciones perfectas = 5461



EVALUACIÓN CON 1800:

Original     --> [1 0 1 0 1 1 0 1 0 1 0 0 1 1 1 0 0 0 1 0 1 0 0 0 0 1 0 0 0 0 0 0]
Reconstruido --> [1 0 1 0 1 1 0 1 1 1 0 0 1 1 1 0 0 0 1 0 1 0 0 0 0 1 0 1 0 0 0 0] | Precisión: 0.94
Distancia de Hamming: 2
--------------------------------------------------
Original     --> [1 1 1 1 0 1 1 1 1 1 1 1 1 0 0 0 1 0 1 1 1 1 0 1 1 1 0 0 0 0 0 0]
Reconstruido --> [1 1 1 1 1 1 1 1 1 1 1 1 1 0 1 0 1 0 1 1 1 1 0 1 1 1 0 1 0 0 1 0] | Precisión: 0.88
Distancia de Hamming: 4
--------------------------------------------------
Original     --> [1 0 1 0 1 1 1 1 0 1 1 1 1 0 1 1 0 1 0 0 1 0 0 1 0 0 1 1 1 1 0 0]
Reconstruido --> [1 0 1 0 1 1 1 1 0 0 1 1 0 0 1 0 1 1 0 0 1 0 0 1 0 1 1 1 1 1 0 0] | Precisión: 0.84
Distancia de Hamming: 5
--------------------------------------------------
Original     --> [0 1 0 1 1 1 0 0 0 1 0 1 0 0 0 1 0 0 1 0 0 1 0 0 1 1 1 0 0 0 0 0]
Reconstruido --> [0 1 0 1 1 1 0 0 0 1 0 1 0 0 0 1 0 0 1 0 0 1 0 0 1 1 1 1 0 0 0 1] | Precisión: 0.94
Distancia de Hamming: 2
--------------------------------------------------
Original     --> [1 0 1 1 1 0 1 1 1 1 1 0 1 1 1 0 0 0 1 0 0 1 1 0 0 0 1 1 0 1 0 1]
Reconstruido --> [1 0 1 1 1 0 1 1 1 1 1 0 1 1 1 0 0 0 1 0 0 1 1 0 0 0 1 1 0 1 0 1] | Precisión: 1.00
Distancia de Hamming: 0
--------------------------------------------------
Original     --> [1 1 0 0 0 0 1 1 0 1 1 0 1 0 1 0 1 1 1 1 1 1 0 1 0 0 1 1 0 1 1 1]
Reconstruido --> [1 1 0 0 0 0 1 1 0 1 1 0 1 0 1 0 1 0 1 1 1 1 0 1 1 0 1 1 0 1 1 1] | Precisión: 0.94
Distancia de Hamming: 2
--------------------------------------------------
Original     --> [0 1 0 0 0 1 1 0 1 0 1 0 0 1 1 0 1 1 1 0 1 0 0 1 1 1 0 0 0 0 0 0]
Reconstruido --> [0 0 0 0 0 1 1 1 1 0 1 0 0 1 1 1 0 1 1 0 1 0 0 1 1 1 0 0 0 0 0 0] | Precisión: 0.88
Distancia de Hamming: 4
--------------------------------------------------
Original     --> [1 0 0 0 0 1 1 0 0 1 1 1 1 1 1 1 1 1 0 0 0 1 1 0 0 1 0 1 0 1 1 0]
Reconstruido --> [1 0 1 0 0 1 1 0 0 0 0 1 1 1 1 1 1 1 0 1 0 1 0 0 1 1 1 0 0 1 1 0] | Precisión: 0.75
Distancia de Hamming: 8
--------------------------------------------------
Original     --> [1 0 0 0 0 1 0 1 0 0 1 1 0 0 1 1 1 1 0 0 0 1 1 1 0 1 0 0 0 0 1 0]
Reconstruido --> [1 0 0 0 0 1 0 1 0 0 1 0 0 0 1 1 1 1 0 0 0 1 1 1 0 1 0 0 0 0 1 0] | Precisión: 0.97
Distancia de Hamming: 1
--------------------------------------------------
Original     --> [0 0 1 1 0 0 0 1 0 0 1 1 0 0 0 0 1 0 1 0 1 0 1 1 0 0 0 1 1 0 1 0]
Reconstruido --> [0 0 1 1 0 0 0 1 0 0 1 1 0 0 0 0 1 0 1 0 1 0 1 1 0 0 0 1 1 0 1 0] | Precisión: 1.00
Distancia de Hamming: 0
--------------------------------------------------
La media de la precisión del descifrado es 0.9431
Distancia media de Hamming = 1.8201 | Número de bits: 32
Número de reconstrucciones perfectas = 3075



EVALUACIÓN CON 2100:

Original     --> [0 0 1 1 0 1 1 1 0 0 0 0 0 1 0 1 0 1 0 1 1 1 1 1 0 0 0 1 1 0 0 0]
Reconstruido --> [0 0 1 1 0 1 1 1 0 0 0 0 0 1 0 1 0 1 0 1 1 1 1 1 0 0 0 1 1 0 0 0] | Precisión: 1.00
Distancia de Hamming: 0
--------------------------------------------------
Original     --> [1 1 0 1 0 0 0 0 0 1 0 1 0 1 0 0 0 1 1 1 0 1 1 1 1 0 1 1 0 1 1 1]
Reconstruido --> [1 1 0 1 0 0 0 0 0 1 0 0 0 1 0 0 0 1 1 1 0 1 1 1 1 0 1 1 0 1 1 1] | Precisión: 0.97
Distancia de Hamming: 1
--------------------------------------------------
Original     --> [0 1 1 1 0 1 1 0 0 1 0 0 0 1 0 1 1 1 0 0 1 1 1 0 0 0 0 0 1 0 0 0]
Reconstruido --> [0 1 1 1 0 1 1 0 0 1 0 0 0 1 0 1 1 1 0 0 1 1 1 0 0 0 0 0 1 0 0 0] | Precisión: 1.00
Distancia de Hamming: 0
--------------------------------------------------
Original     --> [1 1 0 0 1 0 1 1 0 0 0 0 1 0 0 0 1 0 0 0 1 1 1 0 0 0 0 0 1 0 0 1]
Reconstruido --> [1 1 0 0 1 0 1 1 0 0 0 0 1 0 0 0 1 0 0 0 1 1 1 0 0 0 0 0 1 0 0 1] | Precisión: 1.00
Distancia de Hamming: 0
--------------------------------------------------
Original     --> [1 0 0 1 0 0 0 0 0 1 1 0 0 1 0 1 0 1 0 0 1 1 0 0 0 1 1 0 0 1 1 1]
Reconstruido --> [1 0 0 1 0 0 0 0 0 1 1 0 0 1 0 1 0 1 0 0 1 1 0 0 0 1 1 0 0 1 1 1] | Precisión: 1.00
Distancia de Hamming: 0
--------------------------------------------------
Original     --> [0 0 1 1 0 0 0 1 0 0 1 1 1 1 0 1 1 1 0 0 0 1 0 1 0 0 1 0 1 1 0 0]
Reconstruido --> [0 0 1 1 0 0 0 1 0 0 1 0 1 1 0 1 1 1 0 0 0 0 0 0 0 0 1 0 1 1 0 0] | Precisión: 0.91
Distancia de Hamming: 3
--------------------------------------------------
Original     --> [0 0 1 0 0 0 0 1 0 1 0 0 1 0 1 1 1 0 0 1 1 1 0 0 1 0 1 0 0 1 1 1]
Reconstruido --> [0 0 1 0 0 0 0 1 0 0 0 0 1 0 1 1 1 0 0 1 0 1 0 0 1 0 1 0 0 1 1 1] | Precisión: 0.94
Distancia de Hamming: 2
--------------------------------------------------
Original     --> [0 0 0 0 1 0 0 0 0 0 0 0 1 1 1 1 0 1 0 1 1 0 1 1 1 0 1 1 0 1 1 0]
Reconstruido --> [0 0 0 0 1 0 0 0 0 0 0 0 1 1 1 1 0 1 0 1 1 0 1 1 1 0 1 1 0 1 1 0] | Precisión: 1.00
Distancia de Hamming: 0
--------------------------------------------------
Original     --> [0 1 1 0 1 0 0 0 1 1 1 1 1 0 0 1 1 1 1 1 0 0 0 0 0 1 0 1 1 1 1 0]
Reconstruido --> [0 1 1 0 1 0 0 0 1 1 1 1 1 0 0 1 1 1 1 1 0 0 0 0 0 1 0 1 1 1 1 0] | Precisión: 1.00
Distancia de Hamming: 0
--------------------------------------------------
Original     --> [1 1 1 0 1 0 0 1 0 1 0 1 0 1 1 1 0 1 1 0 1 0 1 1 0 1 1 0 0 0 1 1]
Reconstruido --> [1 1 1 0 1 0 0 1 0 1 0 1 0 1 1 1 0 1 1 0 1 0 1 1 0 1 1 0 0 0 1 1] | Precisión: 1.00
Distancia de Hamming: 0
--------------------------------------------------
La media de la precisión del descifrado es 0.9791
Distancia media de Hamming = 0.6696 | Número de bits: 32
Número de reconstrucciones perfectas = 6884



EVALUACIÓN CON 2400:

Original     --> [1 1 0 1 1 1 1 0 1 0 1 0 1 1 1 1 0 1 0 0 1 1 1 0 0 1 1 0 1 1 0 1]
Reconstruido --> [1 1 0 1 1 1 1 0 1 0 1 0 1 1 1 1 0 1 0 0 1 1 1 0 0 1 1 0 1 1 0 1] | Precisión: 1.00
Distancia de Hamming: 0
--------------------------------------------------
Original     --> [1 0 0 1 1 1 0 1 1 1 1 0 1 1 0 0 1 0 1 0 1 0 1 1 1 1 1 1 0 1 1 0]
Reconstruido --> [1 0 0 1 1 1 0 1 1 1 1 0 1 1 0 0 1 0 1 0 1 0 1 1 1 1 1 1 0 1 1 0] | Precisión: 1.00
Distancia de Hamming: 0
--------------------------------------------------
Original     --> [0 0 0 1 1 0 1 0 0 1 1 0 0 1 1 0 0 0 0 1 1 0 1 1 0 0 0 0 0 0 1 1]
Reconstruido --> [0 0 0 0 1 0 1 0 0 0 1 0 0 0 1 0 0 0 0 1 1 0 0 1 1 0 0 0 0 0 1 0] | Precisión: 0.81
Distancia de Hamming: 6
--------------------------------------------------
Original     --> [0 1 1 0 0 0 1 1 0 0 1 1 0 1 1 1 0 0 0 0 0 1 0 0 0 0 1 0 1 0 1 0]
Reconstruido --> [0 1 1 0 0 0 1 1 0 0 1 1 0 1 1 1 0 0 0 0 0 1 0 0 0 0 1 0 1 0 1 0] | Precisión: 1.00
Distancia de Hamming: 0
--------------------------------------------------
Original     --> [1 1 1 0 0 0 0 0 1 1 0 1 0 0 0 0 1 1 0 0 1 1 1 1 0 1 1 0 1 1 1 0]
Reconstruido --> [1 1 1 0 0 0 0 0 1 1 0 1 0 0 0 0 1 1 0 0 1 1 1 1 0 1 1 0 1 1 1 0] | Precisión: 1.00
Distancia de Hamming: 0
--------------------------------------------------
Original     --> [1 1 0 1 1 1 0 0 1 1 1 0 0 0 1 1 1 1 0 0 0 1 0 1 1 0 0 0 0 1 0 1]
Reconstruido --> [1 1 0 1 1 0 0 0 1 1 1 0 0 0 1 1 1 1 0 1 0 1 0 1 1 0 0 0 0 1 0 1] | Precisión: 0.94
Distancia de Hamming: 2
--------------------------------------------------
Original     --> [1 1 0 1 0 0 0 1 0 1 1 0 0 0 1 1 1 0 1 1 1 1 0 0 0 0 1 0 0 1 0 0]
Reconstruido --> [1 1 0 1 0 0 0 1 0 1 1 0 0 0 1 0 1 0 1 1 1 1 0 0 0 0 1 0 0 1 0 0] | Precisión: 0.97
Distancia de Hamming: 1
--------------------------------------------------
Original     --> [0 0 0 1 1 0 1 1 1 0 1 0 0 1 0 1 1 1 1 1 1 0 0 0 1 1 1 1 1 1 0 0]
Reconstruido --> [0 0 0 1 1 0 1 1 1 0 1 0 0 1 0 1 1 1 1 1 1 0 0 0 1 1 1 1 1 1 0 0] | Precisión: 1.00
Distancia de Hamming: 0
--------------------------------------------------
Original     --> [1 0 1 0 0 0 0 0 0 1 0 0 0 0 0 0 0 1 1 1 0 0 0 0 1 1 1 0 1 0 1 1]
Reconstruido --> [1 0 1 0 0 1 0 0 0 1 0 0 0 1 0 0 0 1 1 0 0 0 0 0 1 1 1 0 1 0 1 1] | Precisión: 0.91
Distancia de Hamming: 3
--------------------------------------------------
Original     --> [0 1 0 1 1 1 1 0 0 1 1 1 0 0 1 0 0 0 1 1 0 1 1 1 0 1 1 0 1 1 0 0]
Reconstruido --> [0 1 0 1 1 1 1 0 0 1 1 1 0 0 1 0 0 0 1 1 0 1 1 1 0 1 1 0 1 1 0 0] | Precisión: 1.00
Distancia de Hamming: 0
--------------------------------------------------
La media de la precisión del descifrado es 0.9682
Distancia media de Hamming = 1.0167 | Número de bits: 32
Número de reconstrucciones perfectas = 5408



EVALUACIÓN CON 2700:

Original     --> [1 1 0 1 1 1 1 1 0 1 1 0 1 0 1 0 0 0 0 0 1 1 0 1 0 0 0 0 1 1 0 0]
Reconstruido --> [1 1 0 1 1 1 1 1 0 1 1 0 1 0 1 0 0 0 0 0 1 0 0 1 1 0 0 0 1 1 0 1] | Precisión: 0.91
Distancia de Hamming: 3
--------------------------------------------------
Original     --> [1 1 1 1 1 1 1 1 1 0 1 1 1 0 0 1 0 0 1 0 0 1 1 0 0 0 0 0 1 1 0 0]
Reconstruido --> [1 1 1 1 1 1 1 1 1 0 1 1 1 0 0 1 0 0 1 0 0 1 1 0 0 0 0 0 0 1 0 0] | Precisión: 0.97
Distancia de Hamming: 1
--------------------------------------------------
Original     --> [0 0 1 1 1 1 1 0 1 0 0 1 0 1 0 1 0 1 0 0 1 1 1 0 0 1 1 0 1 1 0 0]
Reconstruido --> [0 0 1 1 1 1 1 0 1 0 0 1 0 1 0 1 0 1 0 0 1 1 1 0 0 1 1 0 1 1 0 0] | Precisión: 1.00
Distancia de Hamming: 0
--------------------------------------------------
Original     --> [1 1 0 0 0 1 0 0 0 1 1 1 0 1 1 0 0 1 1 0 1 0 1 0 1 0 1 1 0 1 0 0]
Reconstruido --> [1 1 1 0 0 1 0 0 0 1 1 1 0 1 1 0 0 1 1 0 1 0 1 0 1 0 1 1 0 1 0 1] | Precisión: 0.94
Distancia de Hamming: 2
--------------------------------------------------
Original     --> [1 0 0 0 1 1 0 0 0 1 1 0 0 0 0 1 0 1 1 0 1 1 0 1 1 0 1 0 0 1 0 0]
Reconstruido --> [0 0 0 0 0 1 0 0 0 1 1 0 1 0 0 1 0 1 1 0 1 1 1 1 1 0 1 0 0 1 0 1] | Precisión: 0.84
Distancia de Hamming: 5
--------------------------------------------------
Original     --> [1 0 0 1 1 1 0 0 1 0 1 1 1 1 0 1 1 1 1 0 1 1 1 0 0 0 1 0 0 0 1 0]
Reconstruido --> [1 0 0 1 1 1 0 0 1 0 1 1 1 1 0 1 1 1 1 0 1 1 1 0 0 0 1 0 0 0 1 0] | Precisión: 1.00
Distancia de Hamming: 0
--------------------------------------------------
Original     --> [1 0 0 1 0 0 0 0 0 1 0 1 1 1 1 0 1 1 1 0 0 1 1 0 1 1 0 0 1 1 1 1]
Reconstruido --> [1 0 0 1 0 0 0 0 0 1 0 0 1 1 1 0 1 1 1 0 0 1 1 1 1 1 1 0 0 1 1 1] | Precisión: 0.88
Distancia de Hamming: 4
--------------------------------------------------
Original     --> [0 0 0 0 1 1 0 1 1 0 1 1 1 0 1 0 0 0 1 0 1 1 0 0 1 0 0 0 1 0 0 1]
Reconstruido --> [0 0 0 0 1 1 0 1 1 0 1 1 1 0 1 0 0 0 1 0 1 1 0 0 1 0 0 0 1 0 0 1] | Precisión: 1.00
Distancia de Hamming: 0
--------------------------------------------------
Original     --> [1 0 1 1 1 0 0 0 1 1 0 1 0 0 1 0 1 0 1 1 0 0 1 0 1 1 1 1 0 1 0 0]
Reconstruido --> [1 0 1 0 1 0 0 0 1 1 0 1 0 0 1 0 1 0 1 1 0 0 1 0 1 1 1 1 0 1 0 0] | Precisión: 0.97
Distancia de Hamming: 1
--------------------------------------------------
Original     --> [0 1 1 1 1 0 0 1 1 1 1 1 1 0 1 0 0 1 0 1 1 0 1 0 0 0 0 1 0 0 1 1]
Reconstruido --> [0 1 1 1 1 0 0 1 1 1 1 1 1 0 1 0 0 1 0 1 1 0 1 0 0 0 0 1 0 0 1 1] | Precisión: 1.00
Distancia de Hamming: 0
--------------------------------------------------
La media de la precisión del descifrado es 0.9688
Distancia media de Hamming = 0.9982 | Número de bits: 32
Número de reconstrucciones perfectas = 5582



EVALUACIÓN CON 3000:

Original     --> [0 1 0 0 0 0 0 0 0 0 1 0 1 1 1 0 1 1 0 0 1 0 1 0 0 1 1 1 0 0 0 1]
Reconstruido --> [0 1 0 0 0 0 0 0 0 0 1 0 1 1 1 0 1 1 0 0 1 0 1 0 0 1 1 1 0 0 0 1] | Precisión: 1.00
Distancia de Hamming: 0
--------------------------------------------------
Original     --> [0 1 0 0 1 0 1 0 1 0 0 1 1 1 1 1 1 1 1 1 0 1 1 0 1 1 1 1 0 1 1 1]
Reconstruido --> [0 1 0 0 1 0 1 0 1 0 0 1 1 1 1 1 1 1 1 1 0 1 1 0 1 1 1 1 0 1 1 1] | Precisión: 1.00
Distancia de Hamming: 0
--------------------------------------------------
Original     --> [1 1 0 1 1 0 0 1 1 1 0 0 1 1 0 1 0 0 0 1 0 0 0 1 0 1 1 0 0 1 1 1]
Reconstruido --> [1 1 0 1 1 0 0 1 1 1 0 0 1 1 0 1 0 0 0 1 0 0 0 1 0 1 1 0 0 1 1 1] | Precisión: 1.00
Distancia de Hamming: 0
--------------------------------------------------
Original     --> [0 1 1 0 0 1 1 0 1 0 0 1 0 1 0 1 0 0 1 1 1 0 0 0 1 1 0 1 0 1 0 0]
Reconstruido --> [0 1 1 0 0 1 1 0 1 0 0 1 0 1 0 1 0 0 1 1 1 0 0 0 1 1 0 1 0 1 0 0] | Precisión: 1.00
Distancia de Hamming: 0
--------------------------------------------------
Original     --> [0 0 1 1 0 1 0 1 0 1 0 0 1 1 1 1 1 0 0 1 1 1 0 0 1 0 1 1 0 0 0 1]
Reconstruido --> [0 0 1 1 0 1 0 1 0 1 0 0 1 1 1 1 1 0 0 1 1 1 0 1 1 0 1 1 0 0 0 1] | Precisión: 0.97
Distancia de Hamming: 1
--------------------------------------------------
Original     --> [1 1 0 1 0 0 1 0 0 1 1 0 1 1 1 1 1 1 0 0 0 0 0 1 0 0 0 1 0 0 1 0]
Reconstruido --> [1 1 0 1 0 0 1 0 0 1 1 0 1 1 1 1 1 1 0 0 0 0 0 1 0 0 0 1 0 0 1 0] | Precisión: 1.00
Distancia de Hamming: 0
--------------------------------------------------
Original     --> [0 0 1 0 0 1 0 0 0 0 1 0 0 1 1 0 1 0 0 0 1 0 0 1 1 0 0 1 1 1 1 1]
Reconstruido --> [0 0 1 0 0 1 0 0 0 0 1 0 0 1 1 0 1 0 0 0 1 0 0 1 1 0 0 1 1 1 1 1] | Precisión: 1.00
Distancia de Hamming: 0
--------------------------------------------------
Original     --> [1 1 0 0 0 0 0 1 1 0 1 1 0 1 1 1 1 1 0 1 0 1 1 1 0 1 1 0 0 0 1 0]
Reconstruido --> [1 1 0 0 0 0 0 1 1 0 1 1 0 1 1 1 1 1 0 1 0 1 1 1 0 1 1 0 0 0 1 0] | Precisión: 1.00
Distancia de Hamming: 0
--------------------------------------------------
Original     --> [1 1 0 0 1 0 0 1 0 1 1 0 1 0 1 1 0 1 1 1 0 1 1 0 1 1 0 0 1 0 0 1]
Reconstruido --> [1 1 0 0 1 0 0 1 0 1 1 0 1 0 1 1 0 1 1 1 0 1 1 0 1 1 0 0 1 0 0 1] | Precisión: 1.00
Distancia de Hamming: 0
--------------------------------------------------
Original     --> [0 1 0 0 0 1 1 1 0 1 1 0 0 1 0 0 0 0 0 1 1 0 0 0 0 1 0 0 1 1 1 0]
Reconstruido --> [0 1 0 0 0 1 1 1 0 1 1 0 0 1 1 0 0 0 0 1 1 0 0 0 0 1 0 0 1 1 1 0] | Precisión: 0.97
Distancia de Hamming: 1
--------------------------------------------------
La media de la precisión del descifrado es 0.9692
Distancia media de Hamming = 0.9869 | Número de bits: 32
Número de reconstrucciones perfectas = 5663



EVALUACIÓN CON 3300:

Original     --> [1 1 0 1 1 0 1 1 1 1 1 0 0 1 1 0 1 1 1 1 0 1 0 1 0 1 1 0 0 1 1 0]
Reconstruido --> [1 1 0 1 1 0 1 1 1 1 1 0 0 1 1 0 1 1 1 1 0 1 0 1 0 1 1 0 0 1 1 0] | Precisión: 1.00
Distancia de Hamming: 0
--------------------------------------------------
Original     --> [1 1 0 0 1 0 0 0 1 1 0 1 0 1 1 1 0 0 1 0 1 1 0 0 0 1 1 1 0 0 1 1]
Reconstruido --> [1 1 0 0 1 0 0 0 1 1 0 1 1 1 1 1 0 0 1 0 1 1 0 0 0 1 1 1 1 0 1 1] | Precisión: 0.94
Distancia de Hamming: 2
--------------------------------------------------
Original     --> [1 1 1 0 1 0 1 1 0 1 0 0 0 0 1 1 1 1 1 1 1 0 1 1 0 0 1 0 1 1 0 0]
Reconstruido --> [1 1 1 0 1 0 1 1 0 1 0 0 0 0 1 1 1 1 1 1 1 0 1 1 0 0 1 0 1 1 0 0] | Precisión: 1.00
Distancia de Hamming: 0
--------------------------------------------------
Original     --> [0 0 0 1 0 1 1 0 0 0 0 0 0 0 1 1 1 1 0 1 1 0 0 0 1 0 0 1 0 1 1 0]
Reconstruido --> [0 0 0 1 0 1 1 0 0 0 0 0 0 0 1 1 1 1 0 1 1 0 0 0 1 0 0 1 0 1 1 0] | Precisión: 1.00
Distancia de Hamming: 0
--------------------------------------------------
Original     --> [0 1 1 1 0 0 0 0 0 0 1 0 1 0 0 1 0 0 0 0 0 1 0 0 0 0 1 0 0 1 1 0]
Reconstruido --> [0 1 1 1 0 0 0 0 0 0 1 0 1 0 0 1 0 0 0 0 0 1 0 0 0 0 1 0 0 1 1 0] | Precisión: 1.00
Distancia de Hamming: 0
--------------------------------------------------
Original     --> [1 0 1 1 1 1 0 0 0 1 1 0 0 1 0 1 0 0 0 1 0 0 1 0 0 1 1 1 1 0 1 0]
Reconstruido --> [1 0 1 1 1 1 0 0 0 1 1 0 0 1 0 1 0 0 0 1 0 0 1 0 0 1 1 1 1 0 1 0] | Precisión: 1.00
Distancia de Hamming: 0
--------------------------------------------------
Original     --> [1 0 0 0 1 1 1 0 1 1 1 0 1 0 1 0 1 0 1 1 0 0 1 0 0 0 1 0 0 1 0 0]
Reconstruido --> [1 0 0 0 1 1 1 0 1 1 1 0 1 0 1 0 1 0 1 1 0 0 1 0 0 0 1 0 0 1 0 0] | Precisión: 1.00
Distancia de Hamming: 0
--------------------------------------------------
Original     --> [0 0 1 0 1 0 0 0 1 1 1 0 0 0 0 1 1 0 1 0 0 1 0 1 0 0 1 1 1 1 1 1]
Reconstruido --> [0 0 1 0 1 0 0 0 1 1 1 0 0 0 0 1 1 0 1 0 0 1 0 1 0 0 1 1 1 1 1 1] | Precisión: 1.00
Distancia de Hamming: 0
--------------------------------------------------
Original     --> [0 1 1 0 1 0 1 1 0 1 1 0 0 1 1 0 0 0 0 1 0 1 0 0 1 0 0 0 1 1 1 1]
Reconstruido --> [0 1 1 0 1 0 1 1 0 1 1 0 0 1 1 0 0 0 0 1 0 1 0 0 1 0 0 0 1 1 1 1] | Precisión: 1.00
Distancia de Hamming: 0
--------------------------------------------------
Original     --> [1 0 0 1 1 1 0 0 1 0 0 1 1 0 1 0 1 0 1 1 0 0 0 0 0 0 1 1 1 0 1 1]
Reconstruido --> [0 0 0 1 1 0 0 0 1 1 0 1 1 0 1 0 1 0 1 1 0 0 0 0 0 0 1 1 1 1 0 1] | Precisión: 0.84
Distancia de Hamming: 5
--------------------------------------------------
La media de la precisión del descifrado es 0.9787
Distancia media de Hamming = 0.6831 | Número de bits: 32
Número de reconstrucciones perfectas = 6879



EVALUACIÓN CON 3600:

Original     --> [0 1 0 0 1 0 0 1 1 0 1 1 1 1 0 0 0 1 0 0 0 1 0 0 1 0 0 0 0 1 1 1]
Reconstruido --> [0 1 0 0 1 0 0 1 1 0 1 1 1 1 0 0 0 1 0 0 0 1 0 0 1 0 0 0 0 1 1 1] | Precisión: 1.00
Distancia de Hamming: 0
--------------------------------------------------
Original     --> [0 0 0 0 0 1 1 1 1 0 0 0 0 0 0 1 1 1 0 1 0 0 1 1 0 0 0 0 0 1 0 0]
Reconstruido --> [0 0 0 0 0 1 1 1 1 0 0 0 0 0 0 1 0 1 0 1 0 0 1 1 0 0 0 0 0 1 0 0] | Precisión: 0.97
Distancia de Hamming: 1
--------------------------------------------------
Original     --> [0 0 1 0 1 1 0 1 1 1 0 0 0 1 0 0 1 0 1 1 1 0 1 0 1 1 1 1 0 0 0 1]
Reconstruido --> [0 0 1 0 1 1 0 1 1 1 0 0 0 1 0 0 1 0 1 1 1 0 1 0 1 1 1 1 0 0 0 1] | Precisión: 1.00
Distancia de Hamming: 0
--------------------------------------------------
Original     --> [1 0 0 0 1 1 1 1 0 1 1 0 0 0 0 0 1 1 1 0 1 0 1 0 1 1 1 1 1 0 1 1]
Reconstruido --> [1 0 0 0 1 1 1 1 0 1 1 0 0 0 0 0 1 1 1 0 1 0 1 0 1 1 1 1 1 0 1 1] | Precisión: 1.00
Distancia de Hamming: 0
--------------------------------------------------
Original     --> [1 1 1 1 0 1 1 1 1 0 0 0 1 0 0 0 1 1 0 1 1 0 0 0 1 0 1 1 0 1 0 1]
Reconstruido --> [1 1 1 1 0 1 1 1 1 0 0 0 1 0 0 0 1 1 0 1 1 0 0 0 1 0 1 1 0 1 0 1] | Precisión: 1.00
Distancia de Hamming: 0
--------------------------------------------------
Original     --> [1 0 1 1 0 0 1 1 1 0 1 1 1 0 0 0 0 1 0 0 1 0 0 0 1 1 1 0 0 0 1 0]
Reconstruido --> [1 0 1 1 0 0 1 1 1 0 1 1 1 0 0 0 0 1 0 1 1 0 0 0 1 1 1 0 0 0 1 0] | Precisión: 0.97
Distancia de Hamming: 1
--------------------------------------------------
Original     --> [0 0 0 0 0 0 0 0 1 1 1 0 0 0 1 0 0 0 1 0 0 0 0 0 1 0 0 1 1 1 0 0]
Reconstruido --> [0 0 0 0 0 0 0 0 0 1 1 0 0 0 0 0 0 0 1 0 0 0 0 0 1 0 0 1 0 1 0 0] | Precisión: 0.91
Distancia de Hamming: 3
--------------------------------------------------
Original     --> [1 1 0 0 1 0 1 1 1 0 0 0 1 1 0 0 1 1 1 0 0 1 0 1 0 0 0 1 1 1 1 1]
Reconstruido --> [1 1 0 0 1 0 1 1 1 0 0 0 1 1 0 0 1 1 1 0 0 1 0 1 0 0 0 1 1 1 1 1] | Precisión: 1.00
Distancia de Hamming: 0
--------------------------------------------------
Original     --> [0 1 0 0 1 0 1 0 0 1 1 0 0 1 1 1 1 0 0 1 1 0 0 0 0 0 1 1 1 0 1 0]
Reconstruido --> [0 1 0 0 1 0 1 0 0 1 1 0 0 1 1 1 1 1 0 1 1 0 0 0 0 1 1 1 1 0 1 0] | Precisión: 0.94
Distancia de Hamming: 2
--------------------------------------------------
Original     --> [0 1 1 1 1 1 1 0 1 0 0 0 0 0 0 0 1 0 0 1 0 0 1 0 1 1 1 1 1 1 1 1]
Reconstruido --> [0 1 1 1 1 1 1 1 1 0 0 0 0 0 0 0 1 0 0 1 0 0 1 0 1 1 1 1 1 1 1 1] | Precisión: 0.97
Distancia de Hamming: 1
--------------------------------------------------
La media de la precisión del descifrado es 0.9794
Distancia media de Hamming = 0.6594 | Número de bits: 32
Número de reconstrucciones perfectas = 7016



EVALUACIÓN CON 3900:

Original     --> [0 1 0 0 1 0 0 0 0 0 1 1 1 1 0 1 0 1 1 1 1 1 1 1 0 1 1 1 1 0 0 0]
Reconstruido --> [0 1 0 0 1 0 0 0 0 0 1 1 1 1 0 1 0 1 1 1 1 1 1 1 0 1 1 1 1 0 0 0] | Precisión: 1.00
Distancia de Hamming: 0
--------------------------------------------------
Original     --> [0 1 1 0 1 1 1 1 0 0 1 0 1 0 1 0 1 1 1 1 0 1 0 1 1 1 0 0 0 1 1 0]
Reconstruido --> [0 1 1 0 1 1 1 1 0 0 1 0 1 0 1 0 1 1 1 1 0 1 0 1 1 1 0 0 0 1 1 0] | Precisión: 1.00
Distancia de Hamming: 0
--------------------------------------------------
Original     --> [1 0 1 1 0 0 0 0 0 1 0 1 0 0 1 0 0 1 0 1 1 1 1 1 1 1 1 1 1 1 1 1]
Reconstruido --> [1 0 1 1 0 0 0 0 0 1 0 1 0 0 1 0 0 1 0 1 1 1 1 1 1 1 1 1 1 1 1 1] | Precisión: 1.00
Distancia de Hamming: 0
--------------------------------------------------
Original     --> [1 0 1 0 0 1 1 0 1 0 0 1 0 1 0 1 0 0 0 0 0 1 0 0 1 1 1 0 0 0 1 1]
Reconstruido --> [1 0 1 0 0 1 1 0 1 0 0 1 0 1 0 1 0 0 0 0 0 1 0 0 1 1 1 0 0 0 1 1] | Precisión: 1.00
Distancia de Hamming: 0
--------------------------------------------------
Original     --> [1 0 1 1 0 1 0 1 1 0 0 1 0 0 0 0 0 1 0 1 1 1 0 1 1 1 0 1 0 0 1 0]
Reconstruido --> [1 0 1 1 0 1 0 1 1 0 0 1 0 0 0 0 0 1 0 1 1 1 0 1 1 1 0 1 0 0 1 0] | Precisión: 1.00
Distancia de Hamming: 0
--------------------------------------------------
Original     --> [0 0 1 0 0 1 0 1 0 1 1 0 1 0 1 1 0 1 0 0 1 0 1 1 1 0 1 1 1 1 0 1]
Reconstruido --> [0 1 1 1 0 1 0 1 0 1 1 0 1 0 1 1 0 1 0 0 1 0 1 1 1 0 1 1 1 1 0 1] | Precisión: 0.94
Distancia de Hamming: 2
--------------------------------------------------
Original     --> [0 0 1 1 0 1 1 1 1 0 0 0 0 1 0 1 0 1 0 1 0 1 1 0 0 0 0 0 1 1 0 0]
Reconstruido --> [0 0 1 1 0 1 1 1 1 0 0 0 0 1 0 1 0 1 0 1 0 1 1 0 0 0 0 0 1 1 0 0] | Precisión: 1.00
Distancia de Hamming: 0
--------------------------------------------------
Original     --> [1 1 0 0 1 1 0 1 0 1 0 0 1 1 1 0 0 1 1 0 1 1 0 1 0 1 1 1 1 0 1 1]
Reconstruido --> [1 1 0 0 1 1 0 1 0 1 0 0 1 0 1 0 0 1 1 1 1 1 0 0 0 1 1 1 1 0 1 1] | Precisión: 0.91
Distancia de Hamming: 3
--------------------------------------------------
Original     --> [1 1 1 0 1 0 0 0 0 0 1 0 0 0 1 0 0 0 0 1 1 0 1 1 1 1 1 1 1 0 0 1]
Reconstruido --> [1 1 1 0 1 0 0 0 0 0 1 0 0 0 1 0 0 0 0 1 1 0 1 1 1 1 1 1 1 0 0 1] | Precisión: 1.00
Distancia de Hamming: 0
--------------------------------------------------
Original     --> [0 0 1 0 0 1 0 0 1 0 0 1 0 1 0 0 0 0 1 0 1 0 1 1 1 1 0 0 0 0 1 0]
Reconstruido --> [0 0 1 0 0 1 0 0 1 0 0 1 0 1 0 0 0 0 0 0 1 0 1 1 1 1 0 0 0 1 1 0] | Precisión: 0.94
Distancia de Hamming: 2
--------------------------------------------------
La media de la precisión del descifrado es 0.9687
Distancia media de Hamming = 1.0029 | Número de bits: 32
Número de reconstrucciones perfectas = 5699



EVALUACIÓN CON 4200:

Original     --> [1 1 1 1 0 1 0 1 1 1 1 0 1 1 1 0 0 0 0 1 1 0 1 0 1 1 1 0 1 1 1 0]
Reconstruido --> [1 1 1 1 0 1 0 1 1 1 1 0 1 1 1 0 0 0 0 1 1 0 1 0 1 1 1 0 1 1 1 0] | Precisión: 1.00
Distancia de Hamming: 0
--------------------------------------------------
Original     --> [0 0 0 1 0 1 1 1 1 1 0 0 0 1 1 0 0 1 1 1 0 0 1 0 0 0 1 0 1 1 1 1]
Reconstruido --> [0 0 0 1 0 1 1 1 1 1 0 0 0 1 1 0 0 1 1 1 0 0 1 0 0 0 1 0 1 1 1 1] | Precisión: 1.00
Distancia de Hamming: 0
--------------------------------------------------
Original     --> [0 1 0 0 0 1 1 0 1 0 1 0 0 0 1 0 1 1 1 1 0 0 1 0 0 1 1 1 0 1 0 0]
Reconstruido --> [0 1 0 0 0 1 1 0 1 0 1 0 0 0 1 0 1 1 1 1 0 0 1 0 0 1 1 1 0 1 0 0] | Precisión: 1.00
Distancia de Hamming: 0
--------------------------------------------------
Original     --> [1 0 1 0 0 1 0 1 1 1 1 0 0 1 1 1 1 0 1 0 1 1 1 1 1 1 1 1 1 1 1 1]
Reconstruido --> [1 0 1 0 0 1 0 1 1 1 1 0 0 1 1 1 1 0 1 0 1 1 1 1 1 1 1 1 1 1 1 1] | Precisión: 1.00
Distancia de Hamming: 0
--------------------------------------------------
Original     --> [0 1 0 1 0 0 0 1 1 0 1 1 0 1 0 0 1 0 1 0 1 0 0 0 1 0 1 0 0 1 1 0]
Reconstruido --> [0 1 0 1 0 0 0 1 1 0 1 1 0 1 0 1 1 0 1 0 1 0 0 0 1 0 1 0 0 0 1 0] | Precisión: 0.94
Distancia de Hamming: 2
--------------------------------------------------
Original     --> [0 1 0 1 0 1 0 1 1 0 0 1 0 1 0 1 1 1 1 1 1 1 0 0 1 0 0 1 0 1 1 0]
Reconstruido --> [0 0 0 1 0 1 0 1 1 0 0 1 0 1 0 1 1 1 1 1 1 1 0 1 1 0 0 1 0 1 1 0] | Precisión: 0.94
Distancia de Hamming: 2
--------------------------------------------------
Original     --> [0 0 1 0 1 0 1 1 1 0 0 0 1 0 1 1 0 1 0 0 1 1 0 0 1 1 1 0 0 1 1 0]
Reconstruido --> [0 0 1 0 1 0 1 1 1 0 0 0 1 0 1 1 0 1 0 0 0 1 0 0 1 1 1 0 0 1 1 0] | Precisión: 0.97
Distancia de Hamming: 1
--------------------------------------------------
Original     --> [1 0 1 0 0 1 0 1 1 1 1 1 0 1 1 0 1 1 1 1 0 1 0 0 1 1 1 0 0 1 1 0]
Reconstruido --> [1 0 1 0 0 1 0 1 1 1 1 1 0 1 1 0 1 1 1 1 0 1 0 0 1 1 1 0 0 1 1 0] | Precisión: 1.00
Distancia de Hamming: 0
--------------------------------------------------
Original     --> [0 0 1 1 0 1 1 1 1 1 0 1 0 0 1 1 1 0 1 1 0 1 1 0 1 1 0 1 1 1 1 0]
Reconstruido --> [0 0 1 1 0 1 1 1 1 1 0 1 0 0 1 1 1 1 1 1 0 1 1 0 1 1 0 1 1 1 1 0] | Precisión: 0.97
Distancia de Hamming: 1
--------------------------------------------------
Original     --> [0 0 1 0 0 1 1 0 1 0 1 1 1 0 1 1 0 1 1 0 1 0 1 0 0 1 1 1 1 1 0 1]
Reconstruido --> [0 0 1 0 1 0 1 0 1 1 1 1 1 0 1 1 1 1 1 0 1 1 1 0 1 1 1 1 1 1 0 1] | Precisión: 0.81
Distancia de Hamming: 6
--------------------------------------------------
La media de la precisión del descifrado es 0.9806
Distancia media de Hamming = 0.6198 | Número de bits: 32
Número de reconstrucciones perfectas = 7057



EVALUACIÓN CON 4500:

Original     --> [0 1 1 1 1 1 1 1 1 1 0 0 0 1 1 1 1 0 0 0 0 1 0 1 1 0 0 1 1 0 1 1]
Reconstruido --> [0 1 1 1 1 1 1 1 1 1 0 0 0 1 0 1 1 1 0 0 0 1 0 1 1 0 0 1 1 0 1 1] | Precisión: 0.94
Distancia de Hamming: 2
--------------------------------------------------
Original     --> [1 0 1 0 0 1 1 0 1 0 1 0 1 1 1 1 0 0 0 1 1 1 0 0 1 1 0 0 0 0 0 1]
Reconstruido --> [1 0 1 0 0 0 1 0 1 0 1 0 1 1 1 1 0 1 0 1 1 1 0 0 1 1 0 0 0 0 0 1] | Precisión: 0.94
Distancia de Hamming: 2
--------------------------------------------------
Original     --> [0 0 1 1 1 0 1 0 1 1 0 0 0 0 1 1 0 0 0 0 0 0 0 0 0 0 0 0 0 0 0 1]
Reconstruido --> [0 0 1 1 1 0 1 0 1 1 0 0 0 0 1 0 0 0 0 0 0 0 0 0 0 0 0 0 0 0 0 1] | Precisión: 0.97
Distancia de Hamming: 1
--------------------------------------------------
Original     --> [1 0 1 1 1 0 0 1 1 0 0 1 1 1 1 0 1 0 0 0 1 1 0 0 1 1 0 0 1 1 0 0]
Reconstruido --> [1 0 1 1 1 0 0 1 1 0 0 1 1 1 1 0 1 0 0 0 1 1 0 0 1 1 0 0 1 1 0 0] | Precisión: 1.00
Distancia de Hamming: 0
--------------------------------------------------
Original     --> [1 0 1 1 1 0 1 1 1 1 0 0 0 0 0 1 0 1 0 1 0 1 0 0 0 0 1 1 1 0 1 0]
Reconstruido --> [1 0 1 1 1 0 1 1 1 1 0 0 0 0 0 1 0 1 0 1 0 1 0 0 0 0 1 1 1 0 1 0] | Precisión: 1.00
Distancia de Hamming: 0
--------------------------------------------------
Original     --> [1 0 0 1 0 0 0 0 0 0 1 1 0 0 1 1 1 1 0 0 0 1 0 1 0 1 0 1 0 0 0 0]
Reconstruido --> [1 0 0 1 0 0 0 0 0 0 1 1 0 0 1 1 1 1 0 0 1 1 0 1 0 1 0 1 0 0 0 0] | Precisión: 0.97
Distancia de Hamming: 1
--------------------------------------------------
Original     --> [0 0 0 1 0 1 1 0 1 0 0 0 1 0 1 1 0 1 0 1 1 1 1 1 1 0 1 1 1 0 0 0]
Reconstruido --> [0 0 0 1 0 1 1 1 1 0 0 0 1 0 1 1 0 1 0 1 1 1 1 1 1 1 1 1 1 1 0 0] | Precisión: 0.91
Distancia de Hamming: 3
--------------------------------------------------
Original     --> [0 0 1 1 1 0 1 0 1 1 1 0 0 1 0 1 1 1 0 0 0 0 0 0 0 1 0 1 1 1 0 0]
Reconstruido --> [0 0 1 1 1 0 1 0 1 1 1 0 0 1 0 1 1 1 0 0 0 0 0 0 0 1 0 1 1 1 0 0] | Precisión: 1.00
Distancia de Hamming: 0
--------------------------------------------------
Original     --> [0 1 0 1 0 0 0 0 0 0 0 0 1 1 1 0 0 1 1 0 0 0 0 0 1 1 0 1 1 1 0 0]
Reconstruido --> [0 1 0 1 0 0 0 0 0 0 0 0 1 1 1 0 0 1 1 0 0 0 0 0 1 1 0 1 1 1 0 0] | Precisión: 1.00
Distancia de Hamming: 0
--------------------------------------------------
Original     --> [0 0 1 0 0 0 1 0 0 0 0 1 0 1 1 0 1 0 0 0 1 1 0 0 1 0 1 1 0 0 1 1]
Reconstruido --> [0 0 1 0 0 0 1 0 0 0 1 1 0 1 1 0 1 1 0 0 1 1 0 0 1 0 1 1 0 0 1 1] | Precisión: 0.94
Distancia de Hamming: 2
--------------------------------------------------
La media de la precisión del descifrado es 0.9595
Distancia media de Hamming = 1.2950 | Número de bits: 32
Número de reconstrucciones perfectas = 4697



EVALUACIÓN CON 4800:

Original     --> [1 1 0 1 1 1 1 0 0 1 1 0 1 0 0 1 0 0 0 1 1 0 1 0 0 0 1 1 0 0 1 1]
Reconstruido --> [1 1 0 1 1 1 1 0 0 1 1 0 1 0 0 1 0 0 0 1 1 0 1 0 0 0 1 1 0 0 1 1] | Precisión: 1.00
Distancia de Hamming: 0
--------------------------------------------------
Original     --> [1 0 0 0 1 0 1 1 1 0 0 1 0 0 1 0 1 0 0 1 1 1 0 1 0 1 1 0 1 1 0 1]
Reconstruido --> [1 0 0 0 1 0 1 1 1 0 0 1 0 0 1 0 1 0 0 1 1 1 0 1 0 1 1 0 1 1 0 1] | Precisión: 1.00
Distancia de Hamming: 0
--------------------------------------------------
Original     --> [0 1 0 0 1 1 0 1 1 1 0 1 0 1 1 1 1 0 0 0 0 0 0 1 0 0 0 1 1 0 0 0]
Reconstruido --> [0 1 0 0 1 1 0 1 1 1 0 1 0 1 1 1 1 0 0 0 0 0 0 1 0 0 0 1 1 0 0 0] | Precisión: 1.00
Distancia de Hamming: 0
--------------------------------------------------
Original     --> [1 0 1 0 1 0 0 0 1 0 0 1 1 0 0 1 1 0 1 0 0 0 0 0 0 0 1 1 0 0 1 0]
Reconstruido --> [1 0 1 0 1 0 0 0 1 0 0 1 1 0 0 1 1 0 1 0 0 0 1 0 0 0 1 1 0 0 1 0] | Precisión: 0.97
Distancia de Hamming: 1
--------------------------------------------------
Original     --> [1 1 0 1 1 0 0 0 1 1 1 1 0 0 0 1 1 0 1 1 1 1 1 1 0 0 0 0 1 1 0 1]
Reconstruido --> [1 1 0 1 1 0 0 0 1 1 1 1 0 0 0 1 1 0 1 1 1 1 1 1 0 0 0 0 1 1 0 1] | Precisión: 1.00
Distancia de Hamming: 0
--------------------------------------------------
Original     --> [1 1 1 0 1 1 0 0 1 0 0 1 0 0 1 1 0 1 1 0 1 1 1 0 1 1 1 0 1 1 0 1]
Reconstruido --> [1 1 1 0 1 1 0 0 1 0 0 1 0 0 1 1 0 1 1 0 1 0 1 0 1 0 1 0 1 1 0 0] | Precisión: 0.91
Distancia de Hamming: 3
--------------------------------------------------
Original     --> [1 1 1 0 1 1 1 1 1 0 1 0 0 0 1 0 0 0 0 0 1 1 0 1 1 1 0 0 0 1 0 0]
Reconstruido --> [1 1 1 0 1 1 1 1 1 0 1 0 0 0 1 0 0 0 0 0 1 1 0 1 1 1 0 0 0 1 0 0] | Precisión: 1.00
Distancia de Hamming: 0
--------------------------------------------------
Original     --> [1 0 0 0 1 1 0 0 1 1 1 1 1 0 0 1 1 0 1 0 1 1 1 1 0 1 0 1 0 0 1 1]
Reconstruido --> [1 0 0 0 1 1 0 0 1 1 1 1 1 0 0 1 1 0 1 0 0 1 1 1 0 1 0 1 0 0 1 1] | Precisión: 0.97
Distancia de Hamming: 1
--------------------------------------------------
Original     --> [0 0 1 0 0 1 0 0 1 0 1 0 0 1 0 0 0 1 1 1 0 0 0 1 0 1 0 0 1 0 0 0]
Reconstruido --> [0 0 1 0 0 1 0 0 1 0 0 0 0 1 0 0 0 1 1 1 0 0 0 1 0 1 0 0 1 0 0 0] | Precisión: 0.97
Distancia de Hamming: 1
--------------------------------------------------
Original     --> [1 1 0 0 1 1 1 1 0 1 1 0 0 1 0 0 1 0 1 1 0 1 0 1 0 0 0 1 1 0 1 1]
Reconstruido --> [1 1 0 0 1 1 1 1 0 1 1 0 0 1 0 0 1 0 1 1 0 1 0 1 0 0 0 1 1 0 1 1] | Precisión: 1.00
Distancia de Hamming: 0
--------------------------------------------------
La media de la precisión del descifrado es 0.9674
Distancia media de Hamming = 1.0418 | Número de bits: 32
Número de reconstrucciones perfectas = 5493



EVALUACIÓN CON 5100:

Original     --> [1 0 1 1 1 1 0 0 0 1 0 0 0 0 1 0 0 1 1 0 0 1 1 1 1 0 1 1 1 0 1 0]
Reconstruido --> [0 0 1 1 1 1 0 0 0 1 0 0 0 0 1 0 0 1 1 0 0 1 1 1 1 0 1 1 1 0 1 0] | Precisión: 0.97
Distancia de Hamming: 1
--------------------------------------------------
Original     --> [0 0 1 0 0 0 0 1 1 0 1 1 1 1 0 1 1 0 1 1 1 1 0 0 1 1 0 0 1 1 1 0]
Reconstruido --> [1 0 1 0 0 0 0 1 1 0 1 1 1 1 0 1 1 0 1 1 1 1 0 0 1 1 0 0 1 1 1 0] | Precisión: 0.97
Distancia de Hamming: 1
--------------------------------------------------
Original     --> [0 1 1 1 0 1 0 0 1 1 0 0 0 0 1 1 1 1 1 0 1 0 1 1 0 0 0 0 1 0 1 1]
Reconstruido --> [0 1 1 1 0 1 0 0 1 1 0 0 0 0 1 1 1 1 1 0 1 0 1 1 0 0 0 0 1 0 1 1] | Precisión: 1.00
Distancia de Hamming: 0
--------------------------------------------------
Original     --> [1 1 0 1 1 1 0 0 0 1 0 0 1 0 1 0 0 0 1 1 0 0 1 1 0 1 0 0 0 0 0 0]
Reconstruido --> [1 1 0 1 1 1 0 0 0 1 0 0 1 0 1 0 0 0 1 1 0 0 1 1 0 1 0 0 0 0 0 0] | Precisión: 1.00
Distancia de Hamming: 0
--------------------------------------------------
Original     --> [0 1 0 1 1 1 1 0 0 1 0 0 0 1 1 1 1 1 0 1 1 1 0 1 0 1 1 1 1 1 0 1]
Reconstruido --> [0 1 0 0 1 1 1 0 1 1 0 0 0 1 0 1 0 1 0 1 1 1 0 1 0 1 1 1 1 1 0 1] | Precisión: 0.88
Distancia de Hamming: 4
--------------------------------------------------
Original     --> [1 1 0 1 0 0 1 0 1 1 1 0 0 0 0 1 1 1 1 0 0 1 1 1 0 1 1 1 0 0 0 1]
Reconstruido --> [1 1 0 1 0 0 1 0 1 1 1 0 0 0 0 1 1 1 1 0 0 1 1 1 0 1 1 1 0 0 0 1] | Precisión: 1.00
Distancia de Hamming: 0
--------------------------------------------------
Original     --> [1 0 1 1 0 0 0 1 0 1 1 1 0 0 0 0 0 1 0 1 0 0 0 1 0 1 0 0 1 1 1 1]
Reconstruido --> [1 0 1 1 0 0 0 1 0 1 1 1 0 0 0 0 0 1 0 1 0 0 0 1 0 1 0 0 1 1 1 1] | Precisión: 1.00
Distancia de Hamming: 0
--------------------------------------------------
Original     --> [0 0 1 0 1 1 0 0 0 0 0 0 1 0 0 1 1 1 1 0 1 1 1 0 1 1 1 1 1 0 0 1]
Reconstruido --> [0 0 1 0 1 1 0 0 0 1 0 0 1 0 0 1 1 1 1 0 1 1 1 0 1 1 1 0 1 0 0 1] | Precisión: 0.94
Distancia de Hamming: 2
--------------------------------------------------
Original     --> [0 0 0 1 0 1 1 1 1 0 1 0 1 0 0 0 1 0 0 0 0 1 1 1 1 0 1 0 0 1 1 0]
Reconstruido --> [0 0 0 1 0 1 1 1 1 0 1 0 1 0 0 0 1 0 0 0 0 1 1 1 1 0 1 0 0 1 1 0] | Precisión: 1.00
Distancia de Hamming: 0
--------------------------------------------------
Original     --> [0 1 0 0 0 1 1 0 0 0 1 0 1 1 0 1 0 0 1 0 0 0 1 1 0 1 0 0 1 0 1 1]
Reconstruido --> [0 1 0 0 0 1 1 0 0 0 1 0 1 1 0 1 0 0 1 0 0 0 1 1 0 1 0 0 1 0 1 1] | Precisión: 1.00
Distancia de Hamming: 0
--------------------------------------------------
La media de la precisión del descifrado es 0.9697
Distancia media de Hamming = 0.9708 | Número de bits: 32
Número de reconstrucciones perfectas = 5935



EVALUACIÓN CON 5400:

Original     --> [1 1 1 0 1 1 1 1 0 0 1 1 0 1 0 1 0 1 1 0 1 0 0 1 1 0 1 0 1 1 1 1]
Reconstruido --> [1 1 1 0 0 1 1 1 0 0 1 1 0 1 1 1 0 1 1 0 1 0 0 1 1 0 1 0 1 0 1 0] | Precisión: 0.88
Distancia de Hamming: 4
--------------------------------------------------
Original     --> [1 0 1 0 0 0 1 0 1 1 0 1 0 0 0 1 1 1 0 1 0 0 0 1 1 1 1 1 1 1 0 0]
Reconstruido --> [1 0 1 0 0 0 1 0 1 1 0 1 0 0 0 1 1 1 0 1 0 0 0 1 1 1 1 1 1 1 0 0] | Precisión: 1.00
Distancia de Hamming: 0
--------------------------------------------------
Original     --> [0 1 0 0 0 1 1 1 0 0 1 1 1 1 0 1 1 0 0 0 1 0 1 1 1 1 0 1 0 0 0 0]
Reconstruido --> [0 1 0 0 0 1 1 1 0 0 1 1 1 1 0 1 1 0 0 0 1 0 1 1 1 1 0 1 0 0 0 0] | Precisión: 1.00
Distancia de Hamming: 0
--------------------------------------------------
Original     --> [0 1 0 0 0 1 0 0 1 0 0 0 1 1 0 0 0 0 1 0 0 1 0 1 1 0 1 1 0 1 0 0]
Reconstruido --> [0 1 0 0 0 1 0 0 1 0 0 0 1 1 0 0 0 0 1 0 0 1 0 1 1 0 1 1 0 1 0 0] | Precisión: 1.00
Distancia de Hamming: 0
--------------------------------------------------
Original     --> [0 0 1 0 1 0 0 1 1 1 1 1 1 1 0 1 1 1 0 0 1 0 1 1 1 0 0 1 0 0 0 1]
Reconstruido --> [0 0 1 0 1 0 0 1 1 1 1 1 1 1 0 1 1 1 0 0 1 0 1 1 1 0 0 1 0 0 0 1] | Precisión: 1.00
Distancia de Hamming: 0
--------------------------------------------------
Original     --> [1 1 0 0 1 1 0 1 0 0 0 1 0 0 0 0 1 1 0 0 1 1 0 0 0 1 0 0 0 0 0 0]
Reconstruido --> [1 1 0 0 1 1 0 1 0 0 0 1 0 0 0 0 1 1 0 0 1 1 0 0 0 1 0 0 0 0 0 0] | Precisión: 1.00
Distancia de Hamming: 0
--------------------------------------------------
Original     --> [1 0 0 1 1 1 0 0 1 1 0 0 1 1 1 0 1 1 0 1 0 1 0 1 1 0 0 1 1 1 0 0]
Reconstruido --> [1 0 0 1 1 1 0 0 1 1 0 0 1 1 1 0 1 1 0 1 0 1 0 1 1 0 0 1 1 1 0 0] | Precisión: 1.00
Distancia de Hamming: 0
--------------------------------------------------
Original     --> [1 1 1 1 1 1 1 1 0 0 1 1 1 0 1 0 1 0 0 0 1 0 1 0 0 1 0 1 1 1 1 0]
Reconstruido --> [1 1 1 1 1 1 1 1 0 0 1 1 1 0 1 0 1 0 0 0 1 0 1 0 0 1 0 1 1 1 1 0] | Precisión: 1.00
Distancia de Hamming: 0
--------------------------------------------------
Original     --> [1 0 0 1 0 0 1 0 0 1 1 0 1 0 0 1 1 0 1 1 1 1 0 1 1 0 1 1 0 0 0 0]
Reconstruido --> [1 0 0 1 0 0 1 0 0 1 1 0 1 0 0 1 1 0 1 1 1 1 0 1 1 0 1 1 0 0 0 0] | Precisión: 1.00
Distancia de Hamming: 0
--------------------------------------------------
Original     --> [0 0 0 0 1 0 0 1 0 1 0 0 1 1 0 1 0 0 1 0 0 0 0 0 1 1 1 0 0 0 0 0]
Reconstruido --> [0 0 0 0 1 0 0 1 0 1 0 0 1 1 0 1 0 0 1 0 0 0 0 0 1 1 1 0 0 0 0 0] | Precisión: 1.00
Distancia de Hamming: 0
--------------------------------------------------
La media de la precisión del descifrado es 0.9886
Distancia media de Hamming = 0.3658 | Número de bits: 32
Número de reconstrucciones perfectas = 8199



EVALUACIÓN CON 5700:

Original     --> [1 1 1 0 0 0 0 1 0 1 1 1 0 1 1 1 0 1 0 1 0 0 0 1 0 1 1 1 0 0 0 0]
Reconstruido --> [1 1 1 0 1 0 0 1 0 0 1 1 0 1 1 0 0 1 0 1 0 0 0 1 0 1 1 1 0 0 0 0] | Precisión: 0.91
Distancia de Hamming: 3
--------------------------------------------------
Original     --> [0 1 0 0 1 0 1 1 1 0 0 0 1 1 1 1 0 1 0 0 1 1 0 1 0 1 1 0 1 0 0 1]
Reconstruido --> [0 1 0 0 1 0 1 1 1 0 0 0 1 1 1 1 0 1 0 0 1 1 0 1 0 1 1 0 1 0 0 1] | Precisión: 1.00
Distancia de Hamming: 0
--------------------------------------------------
Original     --> [0 0 0 1 1 0 0 1 1 0 0 1 0 0 0 0 0 1 1 0 0 0 1 0 1 1 1 1 0 1 0 1]
Reconstruido --> [0 0 0 1 1 0 0 1 1 0 0 1 0 0 0 0 0 1 1 0 0 0 1 0 1 1 1 1 0 1 0 1] | Precisión: 1.00
Distancia de Hamming: 0
--------------------------------------------------
Original     --> [1 0 1 0 0 0 1 0 0 0 0 1 0 0 1 1 1 0 0 1 0 0 0 1 1 0 0 1 1 1 0 1]
Reconstruido --> [1 0 1 0 0 0 1 0 0 0 0 1 0 0 1 1 1 0 0 1 0 0 0 1 1 0 0 1 1 1 0 1] | Precisión: 1.00
Distancia de Hamming: 0
--------------------------------------------------
Original     --> [0 0 1 1 1 0 0 0 0 1 1 0 0 0 1 0 1 1 0 1 0 0 1 1 1 1 1 0 0 1 0 1]
Reconstruido --> [0 0 1 1 1 0 0 0 0 1 1 0 0 0 1 0 1 1 0 1 0 0 1 1 1 1 1 0 0 1 0 1] | Precisión: 1.00
Distancia de Hamming: 0
--------------------------------------------------
Original     --> [0 0 0 0 0 1 0 0 1 1 0 0 1 0 1 0 1 1 0 0 0 1 1 1 0 0 0 1 0 0 1 1]
Reconstruido --> [0 0 0 0 0 1 0 0 1 1 0 0 1 0 1 0 1 1 0 0 0 1 1 1 0 0 1 1 1 0 1 1] | Precisión: 0.94
Distancia de Hamming: 2
--------------------------------------------------
Original     --> [1 0 0 1 0 0 1 0 1 0 1 1 1 1 0 0 0 1 1 0 1 1 1 0 1 1 1 1 0 1 0 1]
Reconstruido --> [1 0 1 1 0 0 1 0 1 0 1 1 1 1 0 0 0 1 1 0 1 1 1 0 1 1 1 1 0 0 0 1] | Precisión: 0.94
Distancia de Hamming: 2
--------------------------------------------------
Original     --> [1 1 1 1 0 0 0 1 1 1 0 1 1 0 1 0 1 1 0 0 1 0 0 0 0 0 0 0 0 0 0 1]
Reconstruido --> [1 1 1 1 0 0 0 1 1 1 0 0 1 0 1 0 1 1 0 0 1 0 0 0 0 0 0 0 0 0 0 1] | Precisión: 0.97
Distancia de Hamming: 1
--------------------------------------------------
Original     --> [0 0 1 1 0 0 1 1 1 0 0 0 1 1 1 1 1 0 1 1 1 1 0 1 0 0 1 0 0 0 1 0]
Reconstruido --> [0 0 1 1 0 0 1 1 1 0 0 0 1 1 1 1 1 0 1 1 1 1 0 1 0 0 1 0 0 0 1 0] | Precisión: 1.00
Distancia de Hamming: 0
--------------------------------------------------
Original     --> [1 1 0 1 0 0 1 0 1 1 0 0 1 0 0 0 0 1 1 0 0 0 0 0 0 1 0 0 0 0 0 0]
Reconstruido --> [1 1 0 1 0 0 1 0 1 1 0 0 1 0 0 0 0 1 1 0 0 0 0 0 0 1 0 0 0 0 0 0] | Precisión: 1.00
Distancia de Hamming: 0
--------------------------------------------------
La media de la precisión del descifrado es 0.9793
Distancia media de Hamming = 0.6615 | Número de bits: 32
Número de reconstrucciones perfectas = 7091



EVALUACIÓN CON 6000:

Original     --> [1 1 1 0 1 0 0 1 0 0 0 1 1 1 0 1 1 0 0 1 1 0 1 1 0 1 0 0 0 0 1 0]
Reconstruido --> [1 1 1 0 1 0 0 1 0 0 0 1 1 1 0 1 1 0 0 1 1 0 1 1 0 1 0 0 0 0 1 0] | Precisión: 1.00
Distancia de Hamming: 0
--------------------------------------------------
Original     --> [1 0 0 0 1 0 0 1 1 0 1 0 1 1 1 0 0 1 1 1 0 0 0 1 1 1 1 0 0 0 1 0]
Reconstruido --> [1 0 0 0 1 0 0 1 1 0 1 0 1 1 1 0 0 1 1 1 0 0 0 1 1 1 1 0 0 0 1 0] | Precisión: 1.00
Distancia de Hamming: 0
--------------------------------------------------
Original     --> [0 1 1 0 1 1 1 1 0 1 1 1 1 0 0 1 0 1 1 1 1 0 0 1 0 0 1 1 1 1 1 0]
Reconstruido --> [0 1 1 0 1 1 1 1 0 1 1 1 1 0 0 1 0 1 1 1 1 0 0 1 0 0 1 1 1 1 1 0] | Precisión: 1.00
Distancia de Hamming: 0
--------------------------------------------------
Original     --> [0 1 0 0 1 0 0 0 1 0 0 1 1 0 0 1 1 1 0 1 1 1 1 0 1 0 1 0 0 1 0 0]
Reconstruido --> [0 1 0 0 1 0 0 0 1 0 0 1 1 0 0 1 1 1 0 1 1 1 1 0 1 0 1 0 0 1 0 0] | Precisión: 1.00
Distancia de Hamming: 0
--------------------------------------------------
Original     --> [0 1 0 0 0 1 0 1 0 1 0 1 1 1 0 0 0 0 0 0 1 1 0 0 1 1 1 1 0 0 1 0]
Reconstruido --> [0 1 0 0 0 1 0 1 0 1 0 1 1 1 0 0 0 0 0 0 1 1 0 0 1 1 1 1 0 0 1 0] | Precisión: 1.00
Distancia de Hamming: 0
--------------------------------------------------
Original     --> [0 0 0 0 1 0 1 0 1 1 1 1 0 1 0 0 1 1 0 0 0 0 1 1 0 0 0 1 1 1 1 1]
Reconstruido --> [0 0 0 0 1 0 1 0 1 1 1 1 0 1 0 0 1 1 0 0 0 0 1 1 0 0 0 1 1 1 1 1] | Precisión: 1.00
Distancia de Hamming: 0
--------------------------------------------------
Original     --> [1 0 0 0 0 0 0 0 0 0 1 1 1 0 0 1 1 0 1 1 1 1 0 0 1 1 0 1 0 0 1 1]
Reconstruido --> [1 0 0 0 0 0 0 0 0 0 1 1 1 0 0 1 1 0 1 1 1 1 0 0 1 1 0 1 0 0 1 1] | Precisión: 1.00
Distancia de Hamming: 0
--------------------------------------------------
Original     --> [1 0 0 1 1 0 1 1 1 1 1 1 1 0 1 0 0 1 1 1 0 1 0 0 1 0 1 0 1 1 1 0]
Reconstruido --> [1 0 0 1 1 0 1 1 1 1 1 1 1 0 1 0 0 1 1 1 0 1 0 0 1 0 1 0 1 1 1 0] | Precisión: 1.00
Distancia de Hamming: 0
--------------------------------------------------
Original     --> [1 0 1 0 1 1 0 1 0 1 0 1 1 1 0 1 0 1 1 1 1 1 0 0 0 1 0 1 1 1 0 0]
Reconstruido --> [0 0 1 0 1 1 0 1 0 1 0 1 1 1 0 1 0 1 1 1 1 1 0 0 0 1 0 1 1 1 1 0] | Precisión: 0.94
Distancia de Hamming: 2
--------------------------------------------------
Original     --> [0 1 0 1 0 1 0 0 1 0 1 0 0 0 0 0 1 1 0 1 0 1 1 1 1 0 0 0 1 0 1 0]
Reconstruido --> [0 1 0 1 0 1 0 0 1 0 1 0 0 0 0 0 1 1 0 1 0 1 1 1 0 0 0 1 1 0 1 0] | Precisión: 0.94
Distancia de Hamming: 2
--------------------------------------------------
La media de la precisión del descifrado es 0.9893
Distancia media de Hamming = 0.3408 | Número de bits: 32
Número de reconstrucciones perfectas = 8304


Tiempo total de ejecución: 4083.837320804596

