-- RESULTS FROM EXPERIMENT 1.1. --

Número de mensajes = 10000
Número de bits = 32
Tamaño del batch = 128
Adam optimizer learning rate = 0.001
Epochs totales = 6000
Epochs iniciales = 300

EVALUACIÓN CON 300:

Original     --> [1 1 0 1 0 0 1 1 1 1 0 0 1 0 1 1 1 1 1 1 1 1 1 0 1 1 1 1 1 1 1 0]
Reconstruido --> [1 1 0 1 0 0 1 1 1 1 0 0 1 0 1 1 1 1 1 0 0 0 0 0 1 1 0 0 1 1 1 0] | Precisión: 0.81
Distancia de Hamming: 6
--------------------------------------------------
Original     --> [0 1 0 1 0 0 0 0 0 0 1 0 1 0 1 1 1 1 1 0 0 0 1 0 0 0 0 1 0 1 0 0]
Reconstruido --> [0 1 0 1 0 0 0 0 0 0 1 0 1 0 1 1 1 1 1 0 0 0 1 0 1 0 0 1 0 1 0 0] | Precisión: 0.97
Distancia de Hamming: 1
--------------------------------------------------
Original     --> [1 1 1 0 1 0 0 0 0 0 1 0 0 0 0 1 0 0 1 0 0 0 1 0 0 0 0 0 0 0 1 1]
Reconstruido --> [1 1 1 0 1 0 0 0 0 0 1 1 0 0 0 1 0 0 1 0 0 1 1 0 0 0 1 0 0 0 1 1] | Precisión: 0.91
Distancia de Hamming: 3
--------------------------------------------------
Original     --> [1 0 0 0 1 0 1 1 0 0 1 0 0 0 0 0 1 0 1 0 1 1 1 1 1 1 0 1 1 0 0 0]
Reconstruido --> [1 0 0 0 1 0 1 1 0 0 1 0 0 0 0 0 1 0 1 0 1 1 1 1 1 1 1 1 0 1 1 0] | Precisión: 0.88
Distancia de Hamming: 4
--------------------------------------------------
Original     --> [1 0 0 1 1 1 0 1 0 1 0 0 1 0 1 0 0 0 1 0 0 0 1 0 1 0 0 1 1 1 0 1]
Reconstruido --> [1 0 0 1 1 0 0 1 0 1 0 0 1 0 1 0 1 0 1 0 0 0 1 0 1 1 0 1 1 1 0 0] | Precisión: 0.88
Distancia de Hamming: 4
--------------------------------------------------
Original     --> [1 0 1 0 1 1 0 1 0 0 1 0 0 1 1 0 0 1 1 1 0 0 1 0 1 1 1 1 0 1 0 0]
Reconstruido --> [1 0 1 0 1 1 0 1 0 0 1 0 0 1 1 0 0 1 1 1 0 0 1 0 1 1 1 1 1 1 0 0] | Precisión: 0.97
Distancia de Hamming: 1
--------------------------------------------------
Original     --> [1 1 0 1 1 1 1 0 1 0 1 1 1 1 0 0 1 0 0 0 0 0 0 0 0 1 1 0 0 0 0 1]
Reconstruido --> [1 1 0 1 1 1 1 0 1 0 1 1 1 1 0 0 0 1 0 0 0 0 0 0 0 1 1 0 0 0 0 1] | Precisión: 0.94
Distancia de Hamming: 2
--------------------------------------------------
Original     --> [0 1 1 0 0 1 1 0 1 1 0 1 1 1 1 0 0 0 0 0 0 0 0 1 0 1 0 0 0 0 1 0]
Reconstruido --> [0 1 1 1 0 1 1 0 1 1 0 1 1 1 1 0 0 0 0 0 0 0 0 1 0 1 0 0 0 0 1 0] | Precisión: 0.97
Distancia de Hamming: 1
--------------------------------------------------
Original     --> [0 0 0 1 1 1 1 1 1 1 1 1 1 1 1 1 1 0 1 1 0 0 0 0 0 1 0 1 0 0 0 0]
Reconstruido --> [1 0 0 0 1 1 1 0 1 1 0 1 1 1 1 1 1 0 1 1 0 0 0 0 0 1 0 1 0 0 0 0] | Precisión: 0.88
Distancia de Hamming: 4
--------------------------------------------------
Original     --> [0 1 1 1 1 1 1 0 0 0 0 1 0 1 1 0 1 0 0 1 0 0 1 1 1 0 1 0 0 1 0 0]
Reconstruido --> [0 1 1 1 1 1 1 1 0 0 1 1 0 1 1 0 1 0 0 1 0 0 1 1 1 0 0 1 0 1 0 0] | Precisión: 0.88
Distancia de Hamming: 4
--------------------------------------------------
La media de la precisión del descifrado es 0.9046
Distancia media de Hamming = 3.0534 | Número de bits: 32
Número de reconstrucciones perfectas = 1059



EVALUACIÓN CON 600:

Original     --> [0 0 0 0 0 1 0 1 0 0 1 1 0 1 1 0 0 0 0 1 1 0 1 1 1 1 0 0 0 1 1 1]
Reconstruido --> [0 0 0 1 0 1 1 1 0 0 1 1 0 1 1 0 0 0 0 1 1 0 1 0 1 1 0 0 0 1 1 1] | Precisión: 0.91
Distancia de Hamming: 3
--------------------------------------------------
Original     --> [0 0 1 1 1 1 0 1 1 1 0 1 0 0 0 0 0 1 1 0 1 1 1 0 0 1 0 0 0 1 0 1]
Reconstruido --> [0 0 1 1 1 1 0 1 0 1 0 1 0 0 0 0 0 1 1 0 1 1 1 0 0 1 0 0 0 1 0 1] | Precisión: 0.97
Distancia de Hamming: 1
--------------------------------------------------
Original     --> [0 1 0 1 0 1 0 1 0 1 1 0 1 1 1 1 0 0 1 1 0 1 1 0 0 1 1 0 1 1 0 1]
Reconstruido --> [0 1 0 1 0 1 0 0 0 1 1 0 1 1 1 1 0 0 1 1 0 1 1 0 0 1 1 0 1 1 0 1] | Precisión: 0.97
Distancia de Hamming: 1
--------------------------------------------------
Original     --> [1 0 0 0 1 0 0 1 1 0 0 0 1 1 1 0 1 0 1 1 1 1 0 1 0 1 0 0 1 1 0 0]
Reconstruido --> [1 0 0 1 1 0 0 1 1 0 0 0 1 1 1 0 1 0 1 1 1 1 0 1 0 1 1 0 1 1 0 0] | Precisión: 0.94
Distancia de Hamming: 2
--------------------------------------------------
Original     --> [0 1 0 1 0 1 1 1 0 0 1 1 0 0 0 1 1 1 1 0 1 1 0 1 1 0 0 1 0 1 1 1]
Reconstruido --> [0 1 0 1 0 1 1 1 0 0 1 1 0 0 0 0 1 1 1 1 1 1 0 1 1 0 0 1 0 1 1 1] | Precisión: 0.94
Distancia de Hamming: 2
--------------------------------------------------
Original     --> [0 0 1 0 0 0 1 1 0 1 0 0 0 0 0 1 1 1 0 0 1 1 0 0 0 1 0 1 1 0 0 0]
Reconstruido --> [0 0 1 0 0 0 0 1 0 1 1 0 1 0 0 1 0 1 0 0 1 1 0 1 0 1 0 1 1 0 0 0] | Precisión: 0.84
Distancia de Hamming: 5
--------------------------------------------------
Original     --> [1 1 1 1 0 0 1 0 0 1 1 1 1 1 1 1 0 1 0 1 0 0 0 1 1 1 0 1 1 0 0 1]
Reconstruido --> [1 1 1 1 0 0 1 0 0 1 1 1 1 1 1 1 0 1 0 1 0 0 0 1 1 0 0 1 1 0 0 0] | Precisión: 0.94
Distancia de Hamming: 2
--------------------------------------------------
Original     --> [0 1 1 1 1 0 0 1 0 1 1 0 0 0 1 0 1 1 1 0 1 0 1 1 0 0 1 1 0 0 0 0]
Reconstruido --> [0 1 1 1 1 0 0 1 0 1 0 0 0 0 1 0 0 1 1 0 1 0 1 1 0 0 1 1 0 0 0 0] | Precisión: 0.94
Distancia de Hamming: 2
--------------------------------------------------
Original     --> [1 0 0 0 1 0 1 1 0 1 1 0 1 0 1 0 0 0 0 0 0 1 0 0 0 1 0 1 0 1 1 0]
Reconstruido --> [1 0 0 0 1 0 1 1 0 1 1 1 1 0 1 0 0 0 0 0 0 1 0 0 0 1 0 1 0 1 1 0] | Precisión: 0.97
Distancia de Hamming: 1
--------------------------------------------------
Original     --> [0 0 0 0 1 0 0 0 1 1 0 0 1 0 0 0 1 1 1 0 0 1 0 0 0 0 1 0 1 0 1 0]
Reconstruido --> [0 0 0 0 1 0 0 0 1 1 0 0 1 0 0 0 1 1 1 0 0 1 0 0 0 0 1 0 1 0 1 0] | Precisión: 1.00
Distancia de Hamming: 0
--------------------------------------------------
La media de la precisión del descifrado es 0.9361
Distancia media de Hamming = 2.0443 | Número de bits: 32
Número de reconstrucciones perfectas = 2454



EVALUACIÓN CON 900:

Original     --> [1 0 1 0 0 1 0 1 1 0 1 1 1 1 0 0 1 1 1 1 1 0 1 0 1 1 1 0 1 0 0 1]
Reconstruido --> [1 0 1 0 0 0 0 1 1 0 1 0 1 1 0 0 1 1 1 1 1 0 1 0 1 1 1 0 1 0 0 1] | Precisión: 0.94
Distancia de Hamming: 2
--------------------------------------------------
Original     --> [1 1 0 0 0 1 0 1 0 0 0 0 1 0 1 0 1 1 0 0 1 0 1 1 1 0 1 1 1 0 0 1]
Reconstruido --> [1 1 0 0 0 1 0 1 0 0 0 0 1 1 1 0 1 1 0 0 1 0 1 1 1 0 1 1 0 0 0 0] | Precisión: 0.91
Distancia de Hamming: 3
--------------------------------------------------
Original     --> [0 0 1 1 1 0 0 0 0 1 0 0 1 1 1 0 1 1 1 1 1 0 1 0 1 0 0 0 0 1 0 1]
Reconstruido --> [0 0 1 1 1 1 0 0 1 1 0 0 1 1 1 0 1 1 1 1 1 0 1 0 1 0 0 0 0 1 0 1] | Precisión: 0.94
Distancia de Hamming: 2
--------------------------------------------------
Original     --> [1 0 1 0 0 0 0 1 0 1 0 0 0 1 1 1 0 1 0 1 0 1 0 1 1 0 1 0 0 0 0 1]
Reconstruido --> [1 0 1 0 0 1 0 1 0 1 0 1 0 1 1 1 0 1 0 1 1 1 0 1 1 0 1 0 0 1 0 1] | Precisión: 0.88
Distancia de Hamming: 4
--------------------------------------------------
Original     --> [0 0 0 1 0 0 0 0 1 1 0 0 1 0 1 1 1 0 1 1 0 0 1 1 0 1 0 0 0 0 0 1]
Reconstruido --> [0 0 0 1 0 1 0 0 1 1 0 0 1 0 1 1 1 0 1 1 0 0 1 1 0 1 0 0 1 0 1 1] | Precisión: 0.91
Distancia de Hamming: 3
--------------------------------------------------
Original     --> [0 1 0 1 1 0 1 0 0 1 0 1 0 1 1 0 1 0 0 0 0 0 0 1 1 1 0 0 0 1 0 0]
Reconstruido --> [0 1 0 1 1 1 1 0 0 1 0 1 0 1 1 0 0 0 0 0 0 0 1 1 0 1 0 0 0 1 0 0] | Precisión: 0.88
Distancia de Hamming: 4
--------------------------------------------------
Original     --> [1 1 1 1 1 1 0 1 0 1 1 0 1 0 0 0 1 0 0 1 1 1 0 1 0 0 1 1 0 1 0 0]
Reconstruido --> [0 1 1 1 1 1 0 1 0 0 1 0 1 0 0 0 1 0 0 1 1 1 0 1 0 0 1 1 0 1 0 0] | Precisión: 0.94
Distancia de Hamming: 2
--------------------------------------------------
Original     --> [1 1 1 0 1 1 0 0 1 1 1 1 1 1 0 1 0 1 1 0 1 0 0 0 0 1 1 1 1 0 1 0]
Reconstruido --> [1 1 1 0 1 0 0 0 1 1 1 1 1 1 0 1 0 1 1 0 1 0 0 0 0 1 1 1 1 0 1 0] | Precisión: 0.97
Distancia de Hamming: 1
--------------------------------------------------
Original     --> [1 1 0 0 0 0 1 0 0 0 0 1 0 1 0 1 0 0 1 1 0 0 0 0 0 0 1 0 1 1 1 1]
Reconstruido --> [1 1 0 0 0 0 0 0 0 1 0 1 0 1 0 0 0 0 0 1 0 0 0 0 0 1 1 0 1 0 1 1] | Precisión: 0.81
Distancia de Hamming: 6
--------------------------------------------------
Original     --> [0 0 0 0 0 1 1 1 0 1 0 1 0 0 0 1 0 0 1 1 0 1 0 0 1 1 0 0 1 0 1 0]
Reconstruido --> [0 1 1 0 0 0 1 1 0 1 0 1 1 0 0 1 0 0 1 1 0 1 0 0 1 1 0 0 1 0 1 0] | Precisión: 0.88
Distancia de Hamming: 4
--------------------------------------------------
La media de la precisión del descifrado es 0.9301
Distancia media de Hamming = 2.2372 | Número de bits: 32
Número de reconstrucciones perfectas = 2014



EVALUACIÓN CON 1200:

Original     --> [1 0 1 1 1 0 0 0 0 1 0 1 0 0 1 1 1 1 0 0 0 1 1 0 1 1 0 0 1 0 0 0]
Reconstruido --> [1 0 1 1 1 0 0 0 0 1 0 1 0 0 1 1 1 1 0 0 0 1 1 0 1 1 0 0 1 0 0 0] | Precisión: 1.00
Distancia de Hamming: 0
--------------------------------------------------
Original     --> [0 0 1 1 0 1 1 0 0 0 0 1 1 0 0 1 1 1 1 0 0 0 1 1 0 1 1 1 0 1 0 0]
Reconstruido --> [1 0 1 1 0 1 1 0 0 0 0 1 1 0 0 1 0 1 1 0 0 0 1 1 1 1 1 1 0 1 0 0] | Precisión: 0.91
Distancia de Hamming: 3
--------------------------------------------------
Original     --> [1 0 1 0 1 0 0 0 1 0 0 0 1 0 0 0 0 1 1 0 0 1 1 0 0 1 0 0 1 0 0 0]
Reconstruido --> [1 0 1 0 1 0 0 0 1 0 0 0 1 0 0 0 0 1 1 0 1 1 1 0 0 1 0 0 1 0 1 0] | Precisión: 0.94
Distancia de Hamming: 2
--------------------------------------------------
Original     --> [0 1 0 0 1 1 1 1 1 0 0 1 0 0 1 0 0 1 1 0 0 0 1 0 0 0 1 0 0 0 0 0]
Reconstruido --> [0 0 0 0 1 1 1 1 1 0 0 1 0 0 1 0 0 1 1 0 0 0 1 1 1 0 1 0 0 0 0 0] | Precisión: 0.91
Distancia de Hamming: 3
--------------------------------------------------
Original     --> [1 1 1 1 0 1 1 1 0 1 1 1 1 1 1 1 0 0 1 1 1 0 0 1 0 1 1 1 1 1 0 1]
Reconstruido --> [1 1 1 1 0 1 1 1 0 1 1 1 1 1 1 1 0 0 1 1 1 0 0 1 0 1 1 1 1 1 0 1] | Precisión: 1.00
Distancia de Hamming: 0
--------------------------------------------------
Original     --> [1 0 0 0 0 0 0 1 0 0 1 1 1 0 0 1 1 0 1 1 0 0 1 0 0 1 1 0 0 1 1 1]
Reconstruido --> [1 1 0 0 0 0 0 1 1 0 1 1 1 0 0 1 1 0 1 1 0 0 1 0 0 1 0 0 0 1 1 1] | Precisión: 0.91
Distancia de Hamming: 3
--------------------------------------------------
Original     --> [0 1 1 1 0 1 1 1 1 1 0 1 1 1 0 1 0 0 1 1 0 1 1 1 1 1 1 1 1 0 0 0]
Reconstruido --> [0 1 1 0 0 1 1 1 1 1 0 1 1 1 0 1 0 0 1 1 0 1 1 1 1 1 1 1 1 0 0 0] | Precisión: 0.97
Distancia de Hamming: 1
--------------------------------------------------
Original     --> [1 1 0 1 1 1 0 0 0 1 1 1 0 1 1 1 1 1 1 0 1 1 1 0 0 0 0 1 1 0 1 0]
Reconstruido --> [1 0 0 1 1 1 0 0 0 1 1 1 0 1 1 1 1 1 1 0 1 1 1 0 0 0 0 1 0 0 1 0] | Precisión: 0.94
Distancia de Hamming: 2
--------------------------------------------------
Original     --> [0 1 1 0 0 0 1 0 1 1 0 0 0 1 1 1 0 1 0 1 0 1 0 0 1 1 1 0 0 0 0 1]
Reconstruido --> [0 1 1 0 0 0 1 0 1 1 0 0 0 1 1 1 0 0 0 1 0 1 0 0 1 1 1 0 0 0 0 1] | Precisión: 0.97
Distancia de Hamming: 1
--------------------------------------------------
Original     --> [1 1 0 1 0 0 1 0 0 0 0 0 0 1 0 1 1 0 1 0 1 1 0 1 1 0 0 1 1 0 0 1]
Reconstruido --> [1 1 0 1 0 0 1 0 0 0 0 0 0 1 0 1 1 0 1 0 1 1 0 1 1 0 0 1 1 0 0 1] | Precisión: 1.00
Distancia de Hamming: 0
--------------------------------------------------
La media de la precisión del descifrado es 0.9364
Distancia media de Hamming = 2.0340 | Número de bits: 32
Número de reconstrucciones perfectas = 2584



EVALUACIÓN CON 1500:

Original     --> [0 0 0 0 0 1 0 0 0 0 0 1 1 0 0 1 0 0 1 0 0 1 0 0 1 1 1 0 1 1 0 0]
Reconstruido --> [0 0 0 0 0 1 0 0 0 0 0 1 1 0 0 1 0 0 1 0 0 1 0 0 1 1 1 0 1 1 0 0] | Precisión: 1.00
Distancia de Hamming: 0
--------------------------------------------------
Original     --> [1 1 0 0 1 0 1 0 0 1 1 1 0 1 0 0 1 0 1 1 1 0 1 1 1 0 1 0 0 1 0 0]
Reconstruido --> [0 1 0 0 1 0 1 0 0 1 1 1 0 1 0 0 1 0 1 1 1 0 1 1 1 0 1 0 0 1 0 0] | Precisión: 0.97
Distancia de Hamming: 1
--------------------------------------------------
Original     --> [0 1 1 1 0 1 1 0 1 1 0 1 1 0 0 1 0 1 0 1 0 1 1 1 1 0 1 0 1 1 1 1]
Reconstruido --> [0 1 1 1 0 1 1 0 1 1 0 1 1 0 0 1 0 1 0 1 0 1 1 1 1 0 1 0 1 1 1 1] | Precisión: 1.00
Distancia de Hamming: 0
--------------------------------------------------
Original     --> [1 1 0 0 0 0 0 1 1 1 0 1 0 1 0 1 0 0 0 0 1 0 0 1 0 1 0 1 1 0 1 0]
Reconstruido --> [1 1 0 0 0 0 0 1 1 1 0 1 0 1 0 1 0 0 0 1 1 0 0 1 0 1 0 1 1 0 1 0] | Precisión: 0.97
Distancia de Hamming: 1
--------------------------------------------------
Original     --> [1 0 1 1 1 0 1 1 1 1 0 0 1 0 0 1 1 1 1 1 0 1 1 1 0 1 0 0 1 1 0 0]
Reconstruido --> [1 0 1 1 1 0 1 1 1 1 0 0 1 0 1 1 1 1 1 1 0 1 1 1 0 1 0 0 0 1 0 0] | Precisión: 0.94
Distancia de Hamming: 2
--------------------------------------------------
Original     --> [1 1 1 1 0 1 0 1 1 1 1 0 0 1 0 0 1 0 1 0 0 0 1 1 0 0 0 0 0 0 1 0]
Reconstruido --> [1 1 1 1 0 1 0 1 1 1 1 0 0 1 0 0 1 0 1 0 0 0 1 1 0 0 0 0 0 0 1 0] | Precisión: 1.00
Distancia de Hamming: 0
--------------------------------------------------
Original     --> [0 1 1 1 0 1 0 0 1 0 0 1 0 0 1 0 1 1 1 1 1 1 0 1 1 1 0 1 0 1 0 0]
Reconstruido --> [0 1 1 1 1 1 0 0 1 0 0 1 0 0 1 0 1 1 1 1 1 1 0 1 1 1 0 1 0 1 0 0] | Precisión: 0.97
Distancia de Hamming: 1
--------------------------------------------------
Original     --> [1 0 0 1 0 1 1 1 1 1 0 1 0 1 1 0 0 0 1 1 0 0 0 1 1 0 0 0 1 1 1 1]
Reconstruido --> [1 0 0 1 0 1 1 1 1 1 0 1 0 1 1 0 0 0 1 1 0 0 0 1 1 0 0 0 1 1 1 1] | Precisión: 1.00
Distancia de Hamming: 0
--------------------------------------------------
Original     --> [1 1 1 1 0 1 0 0 1 0 1 1 1 0 1 0 1 0 0 0 0 1 0 0 1 1 0 1 1 0 0 0]
Reconstruido --> [1 1 1 1 0 1 0 0 1 0 1 1 1 0 0 0 1 0 0 0 0 1 0 0 1 1 0 0 1 1 0 0] | Precisión: 0.91
Distancia de Hamming: 3
--------------------------------------------------
Original     --> [1 1 0 1 0 1 0 0 0 0 0 0 1 1 0 1 0 1 0 0 1 1 1 0 1 0 0 1 0 1 1 1]
Reconstruido --> [1 1 0 1 0 0 0 0 0 0 0 0 1 0 0 1 0 1 0 0 1 1 1 1 1 1 0 1 1 1 1 1] | Precisión: 0.84
Distancia de Hamming: 5
--------------------------------------------------
La media de la precisión del descifrado es 0.9645
Distancia media de Hamming = 1.1369 | Número de bits: 32
Número de reconstrucciones perfectas = 4935



EVALUACIÓN CON 1800:

Original     --> [0 0 1 0 1 0 0 1 0 0 1 1 0 0 1 1 0 0 0 1 0 1 1 0 0 0 0 1 1 0 1 1]
Reconstruido --> [0 0 1 0 1 0 0 1 0 0 1 1 0 0 1 1 0 0 0 1 0 1 1 0 0 0 0 1 1 0 1 1] | Precisión: 1.00
Distancia de Hamming: 0
--------------------------------------------------
Original     --> [0 0 0 1 1 1 1 0 0 0 0 0 0 0 0 1 1 0 0 1 1 0 0 0 0 1 1 1 1 0 0 1]
Reconstruido --> [0 0 0 1 1 1 1 0 0 0 0 1 0 0 0 1 1 0 0 1 1 0 0 0 0 1 1 1 1 0 1 1] | Precisión: 0.94
Distancia de Hamming: 2
--------------------------------------------------
Original     --> [1 1 1 0 0 1 0 0 1 1 0 0 0 1 0 0 0 1 0 1 1 1 0 1 0 1 0 0 1 1 0 0]
Reconstruido --> [1 1 1 0 0 1 0 0 1 1 0 0 0 1 0 0 1 1 0 1 1 1 0 1 0 1 0 0 1 0 0 0] | Precisión: 0.94
Distancia de Hamming: 2
--------------------------------------------------
Original     --> [0 0 1 0 0 1 1 0 0 0 1 0 0 0 0 0 0 1 1 1 1 1 1 1 0 1 0 1 0 0 1 0]
Reconstruido --> [0 0 1 0 0 1 1 0 0 0 1 0 0 0 0 1 1 1 1 1 1 1 1 1 1 1 1 1 0 0 1 0] | Precisión: 0.88
Distancia de Hamming: 4
--------------------------------------------------
Original     --> [1 0 1 1 1 1 0 0 1 0 1 0 1 0 1 0 1 0 0 0 0 1 1 1 0 1 0 1 0 0 0 1]
Reconstruido --> [1 0 1 1 1 1 0 0 1 1 1 0 1 0 1 0 1 1 0 0 0 1 1 0 1 1 0 1 0 1 0 1] | Precisión: 0.84
Distancia de Hamming: 5
--------------------------------------------------
Original     --> [1 1 0 1 0 1 1 0 1 1 0 1 0 0 0 1 0 0 0 0 1 1 0 0 0 1 1 0 1 1 1 0]
Reconstruido --> [1 1 0 1 0 1 1 0 1 1 0 1 0 0 0 1 0 0 0 0 1 1 0 0 0 1 1 0 0 1 1 0] | Precisión: 0.97
Distancia de Hamming: 1
--------------------------------------------------
Original     --> [0 0 1 0 0 1 1 0 0 0 1 1 1 0 1 1 0 0 0 1 1 1 1 1 1 0 0 1 0 0 1 1]
Reconstruido --> [0 0 1 0 0 1 1 0 0 0 1 1 1 0 1 1 0 0 0 1 1 1 1 1 1 0 0 1 0 0 1 1] | Precisión: 1.00
Distancia de Hamming: 0
--------------------------------------------------
Original     --> [0 0 1 0 1 1 1 0 1 1 0 0 0 1 0 1 0 1 1 0 0 0 0 1 0 1 0 0 0 0 1 0]
Reconstruido --> [0 0 1 0 0 1 1 0 0 1 0 0 1 1 0 1 0 1 1 0 0 0 0 1 0 1 0 0 0 0 1 0] | Precisión: 0.91
Distancia de Hamming: 3
--------------------------------------------------
Original     --> [0 0 0 0 0 1 0 1 1 1 0 0 1 1 1 1 1 0 1 1 1 0 0 0 1 1 1 0 0 1 0 1]
Reconstruido --> [0 0 0 0 0 1 1 1 1 1 1 0 1 1 1 0 1 0 1 1 1 0 0 1 1 1 0 0 0 1 1 1] | Precisión: 0.81
Distancia de Hamming: 6
--------------------------------------------------
Original     --> [0 1 0 1 1 0 0 0 1 1 1 1 1 0 1 1 0 0 0 0 0 0 1 0 1 0 0 0 1 1 0 1]
Reconstruido --> [0 1 0 1 1 0 0 0 1 1 1 1 1 0 1 1 0 0 0 0 0 0 1 0 1 0 0 0 1 1 0 1] | Precisión: 1.00
Distancia de Hamming: 0
--------------------------------------------------
La media de la precisión del descifrado es 0.9577
Distancia media de Hamming = 1.3532 | Número de bits: 32
Número de reconstrucciones perfectas = 4459



EVALUACIÓN CON 2100:

Original     --> [0 0 0 0 0 1 0 0 1 1 0 1 0 1 1 0 1 1 0 1 0 0 0 0 1 0 1 0 1 0 1 1]
Reconstruido --> [0 0 0 0 0 1 0 0 1 1 0 1 0 1 1 0 1 1 0 1 0 0 0 0 1 0 1 0 1 0 1 1] | Precisión: 1.00
Distancia de Hamming: 0
--------------------------------------------------
Original     --> [1 0 0 1 1 1 1 0 1 0 0 1 0 1 0 1 0 0 1 0 1 0 1 1 1 0 0 1 1 0 0 0]
Reconstruido --> [1 0 0 1 1 1 1 0 1 0 0 1 0 1 0 1 0 0 1 0 1 0 1 1 1 0 0 1 1 0 0 0] | Precisión: 1.00
Distancia de Hamming: 0
--------------------------------------------------
Original     --> [0 1 1 0 0 0 0 1 0 0 0 0 0 0 1 1 0 1 1 0 0 1 1 0 0 0 0 0 1 1 1 0]
Reconstruido --> [0 1 1 0 0 0 0 1 0 0 0 0 0 0 1 1 0 1 1 0 0 1 1 0 0 0 0 0 1 1 0 0] | Precisión: 0.97
Distancia de Hamming: 1
--------------------------------------------------
Original     --> [1 1 1 1 0 1 0 0 0 0 0 0 1 0 1 1 1 1 1 0 0 1 0 0 1 0 0 0 1 0 1 1]
Reconstruido --> [1 1 1 1 0 1 0 0 0 0 0 0 1 0 1 1 1 1 1 0 0 1 0 0 1 0 0 0 1 0 1 1] | Precisión: 1.00
Distancia de Hamming: 0
--------------------------------------------------
Original     --> [1 0 0 0 1 0 1 1 0 0 0 0 1 1 0 0 1 1 0 0 1 1 0 0 1 1 1 0 0 1 0 0]
Reconstruido --> [1 0 0 0 1 0 1 1 0 0 0 0 1 1 0 0 1 1 0 0 1 1 0 0 1 1 1 0 0 1 0 0] | Precisión: 1.00
Distancia de Hamming: 0
--------------------------------------------------
Original     --> [0 0 1 1 0 1 0 1 0 1 1 0 1 0 0 0 1 0 0 0 0 0 0 1 0 0 0 0 1 0 0 0]
Reconstruido --> [0 0 1 1 0 1 0 1 0 1 1 0 1 0 0 0 0 0 0 0 0 0 0 1 0 0 0 0 1 0 0 0] | Precisión: 0.97
Distancia de Hamming: 1
--------------------------------------------------
Original     --> [0 0 0 0 1 0 1 1 0 1 1 0 0 1 1 0 0 1 1 1 0 1 0 1 1 1 1 1 1 0 1 0]
Reconstruido --> [0 0 0 1 1 1 1 1 0 1 1 0 0 1 1 0 0 1 1 1 0 0 0 1 1 1 1 1 1 0 1 0] | Precisión: 0.91
Distancia de Hamming: 3
--------------------------------------------------
Original     --> [0 1 0 1 0 1 0 1 0 0 0 0 1 1 0 0 0 1 1 1 0 1 1 0 0 0 1 1 1 1 0 0]
Reconstruido --> [0 1 0 1 0 1 0 1 0 0 0 0 1 1 0 0 0 1 1 1 0 1 1 0 0 0 1 1 1 1 0 0] | Precisión: 1.00
Distancia de Hamming: 0
--------------------------------------------------
Original     --> [1 1 0 0 0 1 0 1 1 0 1 0 1 1 0 1 0 0 1 0 0 1 1 1 1 0 0 1 0 0 0 0]
Reconstruido --> [1 1 0 0 0 1 0 1 1 0 1 0 1 1 0 1 0 0 1 0 0 0 1 1 1 0 0 1 0 0 0 0] | Precisión: 0.97
Distancia de Hamming: 1
--------------------------------------------------
Original     --> [1 1 0 1 1 1 1 1 0 0 1 0 1 1 1 0 0 0 0 1 0 1 1 1 1 0 0 0 0 0 1 0]
Reconstruido --> [1 1 0 1 1 1 1 1 0 0 1 0 1 1 0 0 0 0 0 1 0 1 1 1 1 0 0 0 0 0 1 0] | Precisión: 0.97
Distancia de Hamming: 1
--------------------------------------------------
La media de la precisión del descifrado es 0.9673
Distancia media de Hamming = 1.0453 | Número de bits: 32
Número de reconstrucciones perfectas = 5341



EVALUACIÓN CON 2400:

Original     --> [1 0 0 1 1 0 1 1 0 1 1 0 1 0 1 1 0 0 1 1 1 1 1 1 0 1 1 1 0 0 1 0]
Reconstruido --> [1 0 0 1 1 0 1 1 0 1 1 0 1 0 1 1 0 0 1 1 1 1 1 1 0 1 1 1 0 0 1 0] | Precisión: 1.00
Distancia de Hamming: 0
--------------------------------------------------
Original     --> [1 0 0 1 1 0 0 0 1 0 1 0 0 1 0 0 1 0 0 0 0 0 0 0 1 0 1 0 0 0 1 0]
Reconstruido --> [1 0 0 1 1 0 0 0 1 0 1 0 0 1 0 0 1 0 0 0 0 0 0 0 1 0 1 0 0 0 1 0] | Precisión: 1.00
Distancia de Hamming: 0
--------------------------------------------------
Original     --> [1 0 1 0 0 1 0 1 0 0 0 0 1 1 0 0 0 0 0 0 0 1 1 0 0 1 0 0 0 1 0 0]
Reconstruido --> [1 0 1 0 0 1 0 1 0 0 0 0 1 0 0 0 0 0 0 0 0 1 1 0 0 1 0 0 0 1 0 0] | Precisión: 0.97
Distancia de Hamming: 1
--------------------------------------------------
Original     --> [0 0 0 1 1 0 0 0 0 0 1 1 1 1 1 0 0 0 0 0 1 0 1 0 0 0 0 1 0 1 1 1]
Reconstruido --> [0 0 0 1 1 0 0 0 0 0 1 1 1 1 1 0 0 0 0 0 1 0 1 0 0 0 0 1 0 1 1 1] | Precisión: 1.00
Distancia de Hamming: 0
--------------------------------------------------
Original     --> [0 0 1 1 0 1 1 1 1 1 1 0 0 1 1 0 1 0 0 0 1 1 0 0 1 1 0 1 1 1 0 0]
Reconstruido --> [0 0 1 1 0 1 1 1 1 1 1 0 0 1 1 0 1 0 0 0 1 1 0 0 1 1 0 1 1 1 0 0] | Precisión: 1.00
Distancia de Hamming: 0
--------------------------------------------------
Original     --> [0 0 0 1 1 0 1 1 1 0 1 1 1 0 1 1 0 0 1 0 0 1 1 1 0 1 0 0 1 0 1 1]
Reconstruido --> [0 0 0 1 1 0 1 1 1 0 1 1 1 0 1 1 0 0 1 0 0 1 1 1 0 1 0 0 1 0 1 1] | Precisión: 1.00
Distancia de Hamming: 0
--------------------------------------------------
Original     --> [1 0 0 0 0 0 0 0 0 1 1 1 1 1 0 0 0 1 1 0 0 0 1 0 1 0 0 1 0 1 1 1]
Reconstruido --> [1 0 0 0 0 0 0 0 0 1 1 1 1 1 0 0 0 0 1 0 0 0 1 0 1 0 0 1 0 1 1 1] | Precisión: 0.97
Distancia de Hamming: 1
--------------------------------------------------
Original     --> [0 1 0 0 0 0 0 1 1 0 1 1 0 0 0 0 0 0 0 1 1 1 1 1 0 1 1 1 1 0 0 0]
Reconstruido --> [0 1 0 0 0 0 0 0 1 0 0 1 1 0 0 0 0 0 0 1 1 1 1 1 0 1 1 1 1 0 0 0] | Precisión: 0.91
Distancia de Hamming: 3
--------------------------------------------------
Original     --> [1 0 1 0 1 0 1 0 1 1 0 0 0 1 0 1 0 0 0 0 1 1 0 1 0 0 1 1 1 1 0 1]
Reconstruido --> [1 0 1 0 1 0 1 0 1 1 0 0 0 1 0 1 0 0 0 0 1 1 0 1 0 0 1 1 1 1 0 1] | Precisión: 1.00
Distancia de Hamming: 0
--------------------------------------------------
Original     --> [1 0 0 0 1 0 1 0 1 0 0 0 1 0 0 0 0 1 0 0 1 0 1 1 1 1 1 0 0 1 0 1]
Reconstruido --> [1 0 0 0 1 0 1 0 1 0 0 0 1 0 1 0 0 1 0 0 0 0 1 1 1 1 1 0 0 1 0 1] | Precisión: 0.94
Distancia de Hamming: 2
--------------------------------------------------
La media de la precisión del descifrado es 0.9703
Distancia media de Hamming = 0.9499 | Número de bits: 32
Número de reconstrucciones perfectas = 5758



EVALUACIÓN CON 2700:

Original     --> [1 1 0 0 1 1 0 1 0 1 1 1 1 1 0 0 1 0 1 1 1 0 1 0 1 0 0 1 0 0 0 1]
Reconstruido --> [1 1 0 0 1 1 0 1 0 1 1 1 1 1 0 0 1 0 1 1 1 0 1 0 1 0 0 1 0 0 0 1] | Precisión: 1.00
Distancia de Hamming: 0
--------------------------------------------------
Original     --> [0 0 0 0 1 0 0 1 0 0 1 1 1 1 1 0 0 0 1 0 1 1 1 0 1 0 1 1 0 1 0 1]
Reconstruido --> [0 0 0 0 1 0 0 1 0 0 1 1 1 1 1 0 0 0 1 0 1 1 1 0 1 0 1 1 0 1 0 1] | Precisión: 1.00
Distancia de Hamming: 0
--------------------------------------------------
Original     --> [1 0 0 0 1 0 1 1 1 1 0 0 1 0 0 1 0 1 0 0 0 1 1 0 1 0 0 1 1 0 1 0]
Reconstruido --> [1 0 0 0 1 0 1 1 1 1 0 0 1 0 0 1 0 1 0 0 0 1 1 0 1 0 0 1 1 0 1 0] | Precisión: 1.00
Distancia de Hamming: 0
--------------------------------------------------
Original     --> [1 0 0 0 0 1 1 0 0 1 0 1 0 0 1 0 1 0 0 1 1 0 0 0 0 0 0 1 1 0 1 0]
Reconstruido --> [1 0 0 0 0 1 1 0 0 1 0 1 0 0 1 0 1 0 0 1 1 0 0 0 0 0 0 1 1 0 1 0] | Precisión: 1.00
Distancia de Hamming: 0
--------------------------------------------------
Original     --> [0 0 0 1 0 0 1 0 0 0 0 1 0 1 1 0 1 1 0 0 1 0 1 0 1 1 1 1 0 0 1 1]
Reconstruido --> [0 0 0 1 0 0 1 0 0 1 0 1 0 1 1 0 0 0 0 0 1 0 1 0 1 0 1 1 0 0 1 1] | Precisión: 0.88
Distancia de Hamming: 4
--------------------------------------------------
Original     --> [1 0 0 0 1 0 0 1 0 0 1 1 0 1 0 0 0 0 1 0 0 0 1 0 0 1 1 0 0 1 1 0]
Reconstruido --> [1 0 0 0 1 0 0 1 0 0 1 1 0 1 0 0 0 0 1 0 0 0 1 0 0 1 1 0 0 1 1 0] | Precisión: 1.00
Distancia de Hamming: 0
--------------------------------------------------
Original     --> [0 0 1 0 1 1 0 1 1 1 0 1 0 1 0 1 1 1 1 0 1 1 1 1 0 0 1 1 1 1 1 0]
Reconstruido --> [0 0 1 0 1 1 0 1 1 1 0 1 0 0 0 1 1 1 1 0 1 1 1 1 0 0 1 1 1 1 1 0] | Precisión: 0.97
Distancia de Hamming: 1
--------------------------------------------------
Original     --> [0 0 1 0 0 0 0 1 0 0 0 1 0 0 1 0 0 1 1 1 0 0 0 1 0 0 1 1 1 0 0 1]
Reconstruido --> [0 0 1 0 0 0 0 1 0 0 0 1 0 0 1 0 0 1 1 1 0 0 0 1 0 0 1 1 1 0 0 1] | Precisión: 1.00
Distancia de Hamming: 0
--------------------------------------------------
Original     --> [1 0 0 1 1 1 0 1 1 0 0 0 1 0 1 1 0 1 1 0 0 0 0 1 1 1 0 0 1 1 0 1]
Reconstruido --> [1 0 0 1 1 1 0 1 1 0 0 0 1 0 1 1 0 1 1 0 0 0 0 1 1 1 0 0 1 1 0 1] | Precisión: 1.00
Distancia de Hamming: 0
--------------------------------------------------
Original     --> [1 0 1 0 0 1 1 1 1 0 0 0 0 1 0 0 0 1 0 1 1 0 1 1 0 1 0 1 0 0 0 0]
Reconstruido --> [1 0 1 0 0 1 1 1 1 0 0 0 0 1 0 0 0 1 0 1 1 0 1 1 0 1 0 1 0 0 0 0] | Precisión: 1.00
Distancia de Hamming: 0
--------------------------------------------------
La media de la precisión del descifrado es 0.9678
Distancia media de Hamming = 1.0305 | Número de bits: 32
Número de reconstrucciones perfectas = 5521



EVALUACIÓN CON 3000:

Original     --> [1 1 0 1 0 1 1 0 0 0 1 0 0 0 0 0 1 0 0 0 1 1 0 1 1 0 1 0 0 0 0 1]
Reconstruido --> [1 1 0 1 0 1 1 0 0 0 1 0 0 0 0 0 1 0 0 0 1 1 0 1 1 0 1 0 0 0 0 1] | Precisión: 1.00
Distancia de Hamming: 0
--------------------------------------------------
Original     --> [1 1 1 0 1 1 1 1 0 1 1 0 0 1 0 1 1 1 1 0 0 0 1 1 1 1 1 1 0 0 1 0]
Reconstruido --> [1 1 1 0 1 1 1 1 0 1 1 0 0 1 0 1 1 1 1 0 0 0 1 1 1 1 1 1 0 0 1 0] | Precisión: 1.00
Distancia de Hamming: 0
--------------------------------------------------
Original     --> [0 1 1 1 0 0 1 1 1 0 0 1 1 1 1 0 0 1 1 0 1 1 1 1 0 0 1 0 0 0 1 1]
Reconstruido --> [0 1 1 1 0 0 1 1 1 0 0 1 1 1 1 0 0 1 1 0 1 1 1 1 0 0 1 0 0 0 1 1] | Precisión: 1.00
Distancia de Hamming: 0
--------------------------------------------------
Original     --> [0 0 1 0 0 0 1 1 1 1 0 1 1 1 0 0 1 1 1 0 1 0 1 0 1 0 1 0 0 1 0 1]
Reconstruido --> [0 0 1 0 0 0 1 1 1 1 0 1 1 1 0 0 1 1 1 0 1 0 1 0 1 0 1 0 0 1 0 1] | Precisión: 1.00
Distancia de Hamming: 0
--------------------------------------------------
Original     --> [1 1 0 1 1 1 0 0 0 0 1 1 0 1 1 0 1 1 1 1 1 1 0 0 1 0 0 1 1 0 0 0]
Reconstruido --> [1 1 1 1 1 1 0 0 0 0 1 1 0 1 1 0 1 0 1 1 1 1 0 0 1 0 0 1 1 0 0 0] | Precisión: 0.94
Distancia de Hamming: 2
--------------------------------------------------
Original     --> [1 1 0 0 1 1 0 0 1 0 0 0 0 1 1 1 0 0 1 1 1 0 1 1 1 0 1 0 0 1 1 0]
Reconstruido --> [0 1 0 0 1 0 0 0 0 0 0 0 1 1 1 1 0 0 1 1 1 1 1 1 1 0 1 0 1 1 1 0] | Precisión: 0.81
Distancia de Hamming: 6
--------------------------------------------------
Original     --> [0 0 1 1 0 0 0 0 0 0 0 0 0 1 1 0 0 1 1 0 0 0 0 0 0 0 0 1 1 1 0 0]
Reconstruido --> [0 0 1 1 0 0 0 0 0 0 0 0 0 1 1 0 0 1 1 0 0 0 0 0 0 0 0 1 1 1 0 0] | Precisión: 1.00
Distancia de Hamming: 0
--------------------------------------------------
Original     --> [0 0 0 1 0 0 0 1 0 1 1 1 0 0 1 1 0 1 1 1 1 0 0 0 0 1 0 0 0 1 0 0]
Reconstruido --> [0 0 0 1 0 0 0 1 0 1 1 1 0 0 1 1 0 1 1 1 1 0 0 0 0 1 0 0 0 1 0 0] | Precisión: 1.00
Distancia de Hamming: 0
--------------------------------------------------
Original     --> [1 1 0 0 0 0 0 0 1 1 1 1 1 0 1 0 0 0 0 0 0 0 1 1 0 1 0 1 1 0 1 1]
Reconstruido --> [1 1 0 0 0 0 0 0 1 1 1 1 1 0 1 0 0 0 0 0 0 0 1 1 0 1 0 1 1 0 1 1] | Precisión: 1.00
Distancia de Hamming: 0
--------------------------------------------------
Original     --> [1 0 0 1 1 1 0 0 1 0 1 1 0 1 0 1 0 1 0 1 1 0 0 1 0 0 0 1 1 1 0 1]
Reconstruido --> [0 0 0 1 1 1 0 0 1 0 1 1 0 1 0 1 0 1 0 1 1 0 0 1 0 0 0 1 1 1 0 1] | Precisión: 0.97
Distancia de Hamming: 1
--------------------------------------------------
La media de la precisión del descifrado es 0.9799
Distancia media de Hamming = 0.6420 | Número de bits: 32
Número de reconstrucciones perfectas = 7017



EVALUACIÓN CON 3300:

Original     --> [1 0 1 0 0 1 0 0 0 1 1 1 0 0 0 1 0 0 0 1 0 1 0 0 0 0 1 0 0 0 1 0]
Reconstruido --> [1 0 1 0 0 1 0 0 0 1 1 1 0 0 0 1 0 0 0 1 0 1 0 0 0 0 1 0 0 0 1 0] | Precisión: 1.00
Distancia de Hamming: 0
--------------------------------------------------
Original     --> [0 1 1 0 1 1 1 0 0 0 0 1 1 0 0 0 0 0 1 1 0 0 1 1 0 0 0 0 1 1 1 0]
Reconstruido --> [0 1 1 0 1 1 1 0 0 0 0 1 1 0 0 0 0 0 1 1 0 0 1 0 0 0 0 0 1 1 1 0] | Precisión: 0.97
Distancia de Hamming: 1
--------------------------------------------------
Original     --> [0 1 0 1 1 0 1 1 1 0 0 1 0 0 0 1 1 1 1 1 0 0 0 0 1 1 1 1 1 0 0 0]
Reconstruido --> [0 1 0 1 1 0 1 1 1 0 0 1 0 0 0 1 1 1 1 1 0 0 0 0 1 1 1 1 1 0 0 0] | Precisión: 1.00
Distancia de Hamming: 0
--------------------------------------------------
Original     --> [1 1 1 1 1 0 1 0 1 0 0 0 1 1 1 0 1 0 0 0 1 0 0 0 0 1 0 1 0 1 1 0]
Reconstruido --> [0 1 1 0 0 0 1 0 1 0 0 1 1 1 1 0 1 0 0 0 0 0 1 0 1 1 0 1 0 1 1 0] | Precisión: 0.78
Distancia de Hamming: 7
--------------------------------------------------
Original     --> [0 0 1 1 0 0 1 0 0 0 1 0 0 0 0 1 1 0 1 0 0 1 1 0 0 0 1 0 1 0 1 0]
Reconstruido --> [0 0 1 1 0 0 1 0 0 0 1 0 0 0 0 1 1 0 1 0 0 1 1 0 0 0 1 0 1 0 1 0] | Precisión: 1.00
Distancia de Hamming: 0
--------------------------------------------------
Original     --> [0 1 1 0 1 0 0 0 1 1 0 1 0 0 0 1 0 1 0 1 1 0 0 1 0 0 0 1 1 1 1 0]
Reconstruido --> [0 1 1 0 1 0 0 0 1 1 0 1 0 0 0 1 0 1 0 1 1 0 0 1 0 0 0 1 1 1 1 0] | Precisión: 1.00
Distancia de Hamming: 0
--------------------------------------------------
Original     --> [1 1 0 0 0 0 0 1 0 1 1 1 1 1 0 1 1 0 1 0 1 0 1 1 0 0 0 1 1 0 1 1]
Reconstruido --> [1 1 0 0 0 0 0 1 0 1 1 1 1 1 0 1 1 0 1 0 1 0 1 1 0 0 0 1 1 0 1 1] | Precisión: 1.00
Distancia de Hamming: 0
--------------------------------------------------
Original     --> [1 1 0 1 0 0 1 1 1 0 1 0 1 1 0 0 0 1 0 1 0 0 1 0 0 1 0 0 0 0 1 1]
Reconstruido --> [1 1 0 1 0 0 1 1 1 0 1 0 1 1 0 0 0 1 0 1 0 0 1 0 0 1 0 0 0 0 1 1] | Precisión: 1.00
Distancia de Hamming: 0
--------------------------------------------------
Original     --> [0 1 1 1 0 1 0 1 0 1 1 0 0 1 0 0 1 1 1 1 0 0 0 0 1 0 1 0 1 1 0 1]
Reconstruido --> [0 1 1 1 1 1 0 1 0 1 1 0 0 1 0 0 1 1 1 1 0 0 0 0 1 0 1 1 1 1 0 1] | Precisión: 0.94
Distancia de Hamming: 2
--------------------------------------------------
Original     --> [1 0 0 0 0 1 1 1 1 0 1 1 0 0 0 0 1 1 0 1 0 1 0 1 0 1 1 1 1 0 0 1]
Reconstruido --> [1 0 0 0 0 1 1 1 1 0 1 1 0 0 0 0 1 1 0 1 0 1 0 1 0 1 1 1 1 0 0 1] | Precisión: 1.00
Distancia de Hamming: 0
--------------------------------------------------
La media de la precisión del descifrado es 0.9820
Distancia media de Hamming = 0.5750 | Número de bits: 32
Número de reconstrucciones perfectas = 7319



EVALUACIÓN CON 3600:

Original     --> [1 1 0 1 1 1 0 0 1 0 0 0 0 1 1 0 1 0 0 1 0 1 0 0 0 0 0 1 0 0 0 1]
Reconstruido --> [1 1 0 1 1 1 0 0 1 0 0 0 0 1 1 0 1 0 0 1 0 1 0 0 0 0 0 1 0 0 0 1] | Precisión: 1.00
Distancia de Hamming: 0
--------------------------------------------------
Original     --> [1 1 0 0 0 0 0 1 1 0 0 0 0 1 1 1 1 0 0 1 1 1 0 0 1 1 1 0 0 1 0 0]
Reconstruido --> [1 0 0 0 0 0 0 1 1 0 1 0 0 0 1 1 1 0 0 1 1 1 1 1 1 1 1 0 0 1 0 0] | Precisión: 0.84
Distancia de Hamming: 5
--------------------------------------------------
Original     --> [0 0 1 1 0 0 0 0 1 0 0 1 0 0 0 1 0 0 1 1 1 0 1 1 0 0 0 1 0 1 1 0]
Reconstruido --> [0 0 1 1 0 0 0 0 1 0 0 1 0 0 0 1 0 0 0 1 1 0 1 1 0 0 1 0 0 1 1 0] | Precisión: 0.91
Distancia de Hamming: 3
--------------------------------------------------
Original     --> [1 1 0 0 1 0 1 0 1 1 0 1 1 0 0 1 1 1 1 1 0 1 0 1 0 1 1 1 1 1 1 0]
Reconstruido --> [1 1 0 0 1 0 1 0 1 1 0 1 1 0 0 1 1 1 1 1 0 1 0 1 0 1 1 1 1 1 1 0] | Precisión: 1.00
Distancia de Hamming: 0
--------------------------------------------------
Original     --> [1 0 0 0 1 1 0 0 0 0 0 0 0 1 1 1 0 1 0 0 0 0 0 0 0 0 1 1 1 1 1 0]
Reconstruido --> [1 0 0 0 1 1 0 0 0 0 0 0 0 1 1 1 0 1 0 0 0 0 0 0 0 0 1 1 1 1 1 0] | Precisión: 1.00
Distancia de Hamming: 0
--------------------------------------------------
Original     --> [1 0 1 0 1 0 0 1 0 1 0 0 0 0 0 0 1 0 0 0 1 1 0 1 1 1 1 1 0 0 1 0]
Reconstruido --> [1 0 1 0 1 0 0 1 0 1 0 0 0 0 0 0 1 0 0 0 1 1 0 1 1 1 1 1 0 0 1 0] | Precisión: 1.00
Distancia de Hamming: 0
--------------------------------------------------
Original     --> [0 0 1 1 1 0 0 0 1 1 1 1 1 0 0 0 0 1 0 1 1 1 1 1 0 0 1 0 1 0 1 0]
Reconstruido --> [0 0 1 1 1 0 0 0 1 1 1 1 1 0 0 0 0 1 0 1 1 1 1 1 0 0 1 0 1 0 1 0] | Precisión: 1.00
Distancia de Hamming: 0
--------------------------------------------------
Original     --> [1 0 0 0 0 1 0 0 1 0 1 1 1 0 0 1 0 0 0 1 1 0 0 0 0 0 0 1 0 1 0 1]
Reconstruido --> [1 0 0 0 0 1 0 0 1 0 1 1 1 0 0 1 0 0 0 1 1 0 0 0 0 0 0 1 0 1 0 1] | Precisión: 1.00
Distancia de Hamming: 0
--------------------------------------------------
Original     --> [1 1 0 1 0 1 0 1 0 0 1 1 1 0 1 1 1 1 1 1 0 1 1 0 1 0 0 0 0 0 0 0]
Reconstruido --> [1 1 0 1 0 1 0 1 1 0 1 1 1 0 1 1 1 1 1 1 0 1 1 0 1 0 0 0 0 1 0 0] | Precisión: 0.94
Distancia de Hamming: 2
--------------------------------------------------
Original     --> [0 0 1 1 1 1 1 0 1 0 1 1 1 1 0 1 0 1 0 0 0 0 1 0 0 1 1 1 0 0 0 0]
Reconstruido --> [0 0 0 1 1 0 1 0 1 1 1 1 1 1 0 1 0 1 0 0 0 0 1 0 0 1 1 1 0 0 0 0] | Precisión: 0.91
Distancia de Hamming: 3
--------------------------------------------------
La media de la precisión del descifrado es 0.9803
Distancia media de Hamming = 0.6303 | Número de bits: 32
Número de reconstrucciones perfectas = 7008



EVALUACIÓN CON 3900:

Original     --> [1 0 1 0 1 1 0 0 1 1 1 0 0 0 1 0 1 1 1 0 0 0 1 1 1 1 1 0 1 1 0 1]
Reconstruido --> [1 0 1 0 1 1 0 0 1 1 1 0 0 0 1 1 1 1 0 0 0 0 1 1 1 1 1 0 1 1 0 1] | Precisión: 0.94
Distancia de Hamming: 2
--------------------------------------------------
Original     --> [1 0 1 1 0 1 1 1 1 0 1 0 0 1 0 1 1 0 1 0 1 0 1 0 0 1 1 0 1 0 1 0]
Reconstruido --> [1 0 1 1 0 1 1 1 1 0 1 0 0 1 0 1 1 0 1 0 1 0 1 0 0 1 1 0 1 0 1 0] | Precisión: 1.00
Distancia de Hamming: 0
--------------------------------------------------
Original     --> [0 1 0 0 0 1 1 0 0 0 0 1 0 0 0 1 0 0 0 1 0 0 1 1 1 1 1 0 1 0 1 1]
Reconstruido --> [0 1 0 0 0 1 1 0 0 0 0 1 0 0 0 1 0 0 0 1 0 0 1 1 1 1 1 0 1 0 1 1] | Precisión: 1.00
Distancia de Hamming: 0
--------------------------------------------------
Original     --> [1 0 0 0 1 1 1 1 1 1 1 0 0 1 0 0 0 0 0 0 1 1 0 1 1 0 0 1 0 1 1 0]
Reconstruido --> [1 0 0 0 1 1 1 1 1 1 1 0 0 1 0 0 0 0 0 0 1 1 0 1 1 0 0 1 0 1 1 0] | Precisión: 1.00
Distancia de Hamming: 0
--------------------------------------------------
Original     --> [0 1 1 1 1 0 0 0 0 1 1 0 0 0 1 0 0 1 1 0 0 0 0 1 1 0 0 1 1 0 0 1]
Reconstruido --> [0 1 1 1 1 0 0 0 0 1 1 0 0 0 1 0 0 1 0 0 0 0 0 1 0 0 0 1 1 0 0 1] | Precisión: 0.94
Distancia de Hamming: 2
--------------------------------------------------
Original     --> [0 1 1 0 0 0 1 1 1 1 1 1 1 0 1 1 0 0 1 1 0 0 0 0 1 1 1 1 0 0 0 0]
Reconstruido --> [0 1 1 0 0 0 1 1 1 1 1 1 1 0 1 1 0 0 1 1 0 0 0 0 1 1 1 1 0 0 0 0] | Precisión: 1.00
Distancia de Hamming: 0
--------------------------------------------------
Original     --> [1 1 0 1 0 1 0 0 0 1 0 1 1 0 1 1 1 1 0 1 1 1 0 0 0 1 0 0 0 1 1 0]
Reconstruido --> [1 1 0 1 0 1 0 0 0 1 1 1 1 0 1 1 1 1 0 1 1 1 0 0 0 1 0 0 0 1 1 0] | Precisión: 0.97
Distancia de Hamming: 1
--------------------------------------------------
Original     --> [0 0 1 0 0 1 1 0 1 0 1 1 1 1 0 0 1 0 0 1 0 0 1 1 1 1 0 0 1 0 1 0]
Reconstruido --> [0 0 1 0 0 1 1 0 1 0 0 1 1 1 0 0 1 0 0 1 0 0 1 1 1 1 0 0 1 0 1 0] | Precisión: 0.97
Distancia de Hamming: 1
--------------------------------------------------
Original     --> [1 0 0 0 1 0 0 1 0 0 1 0 1 0 1 1 1 1 1 0 1 1 1 1 0 0 0 1 0 0 0 0]
Reconstruido --> [1 0 0 0 1 0 0 1 0 0 1 0 1 0 1 1 1 1 1 0 1 1 1 1 0 0 0 1 0 0 0 0] | Precisión: 1.00
Distancia de Hamming: 0
--------------------------------------------------
Original     --> [0 0 0 1 0 1 0 0 0 0 0 1 1 1 1 1 1 1 0 0 1 1 0 1 0 1 1 1 0 0 1 1]
Reconstruido --> [0 0 0 1 0 1 0 0 0 0 0 1 1 1 1 1 1 1 0 0 1 1 0 1 0 1 1 1 0 0 1 1] | Precisión: 1.00
Distancia de Hamming: 0
--------------------------------------------------
La media de la precisión del descifrado es 0.9794
Distancia media de Hamming = 0.6580 | Número de bits: 32
Número de reconstrucciones perfectas = 6917



EVALUACIÓN CON 4200:

Original     --> [1 0 1 0 1 0 0 0 1 0 0 1 0 0 0 0 0 1 0 1 0 0 0 1 0 0 1 0 1 0 1 0]
Reconstruido --> [1 0 1 0 1 0 0 0 1 0 0 1 0 0 0 0 0 1 0 1 0 0 0 1 0 0 1 0 1 0 1 0] | Precisión: 1.00
Distancia de Hamming: 0
--------------------------------------------------
Original     --> [0 0 0 0 0 0 1 0 0 0 1 1 1 1 0 0 0 0 0 0 0 0 1 0 0 0 0 1 1 1 1 1]
Reconstruido --> [0 0 0 0 0 0 1 0 0 0 1 1 1 1 0 0 0 0 0 0 0 0 1 0 0 0 0 1 1 1 1 1] | Precisión: 1.00
Distancia de Hamming: 0
--------------------------------------------------
Original     --> [1 1 0 1 0 1 0 1 0 0 0 0 0 0 1 0 1 0 0 0 0 0 0 0 1 0 0 1 0 0 1 1]
Reconstruido --> [1 1 0 1 0 1 0 1 0 0 0 0 0 0 1 0 1 0 0 0 0 0 0 0 1 0 0 1 0 0 1 1] | Precisión: 1.00
Distancia de Hamming: 0
--------------------------------------------------
Original     --> [1 0 0 1 1 1 0 0 0 1 0 1 1 1 0 1 0 1 0 0 0 1 1 1 1 0 1 1 1 1 0 1]
Reconstruido --> [1 0 0 1 0 1 0 0 0 1 0 1 1 1 0 1 0 1 0 0 0 1 1 0 1 0 1 1 1 1 0 1] | Precisión: 0.94
Distancia de Hamming: 2
--------------------------------------------------
Original     --> [0 1 0 0 1 1 0 1 0 1 0 0 0 1 0 1 1 1 1 0 0 1 1 1 0 1 1 0 1 0 0 0]
Reconstruido --> [0 1 0 0 0 1 0 1 0 1 0 0 0 1 0 1 1 1 1 0 0 1 1 0 0 1 1 0 1 0 0 0] | Precisión: 0.94
Distancia de Hamming: 2
--------------------------------------------------
Original     --> [0 0 0 0 1 1 0 1 0 0 0 1 1 0 0 1 1 1 1 0 0 0 1 1 0 1 0 1 1 1 1 1]
Reconstruido --> [1 1 0 0 1 1 0 1 0 0 0 1 1 0 0 1 1 1 1 0 1 0 1 0 0 0 0 1 1 1 1 1] | Precisión: 0.84
Distancia de Hamming: 5
--------------------------------------------------
Original     --> [1 0 0 1 0 0 1 1 0 0 0 0 1 1 1 0 1 1 1 1 0 1 1 1 0 0 1 1 1 1 0 1]
Reconstruido --> [1 0 0 1 0 0 1 1 0 0 0 1 1 1 1 1 1 1 1 1 0 1 1 1 0 0 1 1 1 1 1 0] | Precisión: 0.88
Distancia de Hamming: 4
--------------------------------------------------
Original     --> [0 1 1 1 1 0 0 1 0 1 0 1 0 0 1 1 0 1 1 1 0 0 0 0 0 0 1 0 0 1 1 1]
Reconstruido --> [0 1 1 1 1 0 0 1 0 1 0 1 0 0 1 1 0 1 1 1 0 0 0 0 0 0 1 0 0 1 1 1] | Precisión: 1.00
Distancia de Hamming: 0
--------------------------------------------------
Original     --> [1 1 0 1 1 1 0 1 1 1 1 1 0 1 0 0 1 1 0 0 0 0 0 0 1 1 1 0 1 1 0 0]
Reconstruido --> [1 1 0 1 1 1 0 1 1 1 1 1 1 1 0 0 1 1 0 0 0 0 0 0 1 1 1 0 1 1 0 0] | Precisión: 0.97
Distancia de Hamming: 1
--------------------------------------------------
Original     --> [1 0 1 1 0 1 0 0 1 0 0 1 1 1 0 1 0 0 1 1 0 1 0 1 1 1 0 0 1 0 1 0]
Reconstruido --> [1 0 1 1 0 1 0 0 1 0 0 1 1 1 0 0 0 0 1 1 0 1 1 1 1 1 0 0 1 0 1 0] | Precisión: 0.94
Distancia de Hamming: 2
--------------------------------------------------
La media de la precisión del descifrado es 0.9799
Distancia media de Hamming = 0.6426 | Número de bits: 32
Número de reconstrucciones perfectas = 7036



EVALUACIÓN CON 4500:

Original     --> [1 0 0 1 1 1 1 1 1 0 1 1 0 0 1 1 1 1 0 1 1 1 0 1 0 1 0 1 1 0 1 1]
Reconstruido --> [1 0 0 1 1 1 1 1 1 0 1 1 0 0 1 1 1 1 0 1 1 1 0 1 0 1 0 1 1 0 1 1] | Precisión: 1.00
Distancia de Hamming: 0
--------------------------------------------------
Original     --> [0 0 0 0 1 1 1 1 0 1 0 0 1 0 1 1 1 0 0 0 1 0 0 1 0 0 1 0 1 1 1 1]
Reconstruido --> [0 0 0 0 1 1 1 1 0 1 0 0 1 0 1 1 1 0 0 0 1 0 0 1 0 0 1 0 1 1 1 1] | Precisión: 1.00
Distancia de Hamming: 0
--------------------------------------------------
Original     --> [1 1 0 0 0 0 1 1 0 0 1 1 1 0 0 1 0 0 0 1 1 1 1 1 1 1 1 1 1 0 0 0]
Reconstruido --> [1 1 0 0 0 0 1 1 0 0 1 1 1 0 0 1 0 0 0 1 1 1 1 1 1 1 1 1 1 0 0 0] | Precisión: 1.00
Distancia de Hamming: 0
--------------------------------------------------
Original     --> [0 1 0 1 1 1 0 1 1 1 0 0 1 0 1 1 1 1 0 0 0 0 1 0 0 1 1 1 1 0 0 0]
Reconstruido --> [0 1 1 1 1 1 0 1 1 1 0 0 1 0 1 1 0 1 0 0 0 0 1 0 0 0 1 1 1 0 0 0] | Precisión: 0.91
Distancia de Hamming: 3
--------------------------------------------------
Original     --> [0 1 0 1 0 0 1 0 1 0 0 0 1 1 0 0 1 1 1 1 0 1 1 1 1 1 1 0 0 1 1 1]
Reconstruido --> [0 1 0 1 0 0 1 0 1 0 0 0 1 1 0 0 1 1 1 1 0 1 1 1 1 1 1 0 0 1 1 1] | Precisión: 1.00
Distancia de Hamming: 0
--------------------------------------------------
Original     --> [1 0 0 1 0 0 1 1 1 1 1 1 0 1 1 1 0 1 1 0 0 1 0 1 1 1 1 1 1 1 0 0]
Reconstruido --> [1 0 0 1 0 0 1 1 1 1 1 1 0 1 1 1 0 1 1 0 0 1 0 1 1 1 1 1 1 1 0 0] | Precisión: 1.00
Distancia de Hamming: 0
--------------------------------------------------
Original     --> [0 1 1 0 1 0 0 0 0 1 1 1 1 1 0 0 1 0 0 1 1 0 0 0 0 0 0 1 1 1 0 1]
Reconstruido --> [0 1 1 0 1 0 0 0 0 1 1 1 1 1 0 0 1 0 0 1 1 0 0 0 0 0 0 1 1 1 0 1] | Precisión: 1.00
Distancia de Hamming: 0
--------------------------------------------------
Original     --> [0 0 1 1 0 0 1 1 0 0 0 1 0 0 0 0 1 0 1 1 1 0 1 1 1 0 1 1 1 0 0 0]
Reconstruido --> [0 0 1 1 0 0 1 1 0 0 0 1 0 0 0 0 1 0 1 1 1 0 1 1 1 0 1 1 1 0 0 0] | Precisión: 1.00
Distancia de Hamming: 0
--------------------------------------------------
Original     --> [1 0 1 1 1 0 1 0 1 0 1 0 1 1 0 1 1 0 0 1 0 0 0 0 1 1 0 1 1 0 1 1]
Reconstruido --> [1 0 1 1 1 0 1 0 1 0 1 0 1 1 0 1 1 0 0 1 0 0 0 0 1 1 0 1 1 0 1 1] | Precisión: 1.00
Distancia de Hamming: 0
--------------------------------------------------
Original     --> [1 0 0 1 1 0 1 0 0 1 1 0 1 1 1 0 0 0 0 0 0 1 0 1 1 0 1 0 0 0 0 1]
Reconstruido --> [1 0 0 1 1 0 1 0 0 1 1 0 1 1 1 0 0 0 0 0 0 1 0 1 1 0 1 1 0 0 0 1] | Precisión: 0.97
Distancia de Hamming: 1
--------------------------------------------------
La media de la precisión del descifrado es 0.9808
Distancia media de Hamming = 0.6129 | Número de bits: 32
Número de reconstrucciones perfectas = 7160



EVALUACIÓN CON 4800:

Original     --> [0 1 0 1 0 0 1 0 1 0 0 1 1 1 1 0 0 0 0 1 0 0 1 1 0 1 1 1 0 0 0 1]
Reconstruido --> [0 1 0 1 0 0 1 0 1 0 0 1 1 1 1 0 0 0 0 1 0 0 1 1 0 1 1 1 0 0 0 1] | Precisión: 1.00
Distancia de Hamming: 0
--------------------------------------------------
Original     --> [0 1 1 1 0 1 0 1 0 0 0 1 0 1 0 1 0 0 1 0 0 0 1 0 1 1 0 0 1 0 0 0]
Reconstruido --> [0 1 1 1 0 1 0 1 0 0 0 1 0 1 0 1 0 0 1 0 0 0 1 0 1 1 0 0 1 0 0 0] | Precisión: 1.00
Distancia de Hamming: 0
--------------------------------------------------
Original     --> [0 1 0 1 1 0 0 0 1 0 1 0 0 1 1 0 0 0 0 0 1 1 0 1 1 1 1 1 1 1 0 0]
Reconstruido --> [0 1 0 1 1 0 0 0 1 0 1 0 0 1 1 0 0 0 0 0 1 1 0 1 1 1 1 1 1 1 0 0] | Precisión: 1.00
Distancia de Hamming: 0
--------------------------------------------------
Original     --> [1 1 1 0 1 0 0 1 0 1 0 1 1 1 1 0 1 0 0 1 1 0 0 1 0 1 0 1 0 1 0 0]
Reconstruido --> [1 1 0 0 1 0 0 1 0 1 0 1 1 1 1 0 1 0 0 1 1 0 0 1 0 1 0 1 0 1 0 0] | Precisión: 0.97
Distancia de Hamming: 1
--------------------------------------------------
Original     --> [0 0 0 0 0 1 1 1 0 0 1 0 1 0 1 0 1 0 1 0 0 1 1 0 0 1 0 0 1 0 1 1]
Reconstruido --> [0 0 0 0 0 1 1 1 0 0 1 0 1 0 1 0 1 0 1 0 0 1 1 0 0 1 0 0 1 0 1 1] | Precisión: 1.00
Distancia de Hamming: 0
--------------------------------------------------
Original     --> [0 1 0 1 1 1 0 1 0 1 0 1 0 1 1 0 1 0 0 1 0 1 0 1 0 1 1 1 1 0 0 1]
Reconstruido --> [0 1 0 0 1 1 0 1 0 1 0 1 0 1 1 1 1 0 0 1 1 1 0 1 0 1 0 1 1 0 0 1] | Precisión: 0.88
Distancia de Hamming: 4
--------------------------------------------------
Original     --> [0 0 0 0 1 1 1 1 1 0 0 1 1 1 1 1 1 0 1 0 0 1 0 1 1 0 1 0 1 0 0 1]
Reconstruido --> [0 0 0 0 1 1 1 1 1 0 0 1 1 1 0 1 0 0 1 0 0 1 0 1 1 0 1 0 1 0 0 1] | Precisión: 0.94
Distancia de Hamming: 2
--------------------------------------------------
Original     --> [0 1 1 0 0 0 0 0 0 0 0 1 0 0 0 1 0 0 0 0 0 0 0 1 0 0 0 1 1 1 1 1]
Reconstruido --> [0 1 0 0 0 0 1 0 1 0 0 1 0 0 0 1 0 0 0 0 0 0 0 0 0 0 0 1 1 1 1 1] | Precisión: 0.88
Distancia de Hamming: 4
--------------------------------------------------
Original     --> [1 1 0 0 1 1 0 1 1 1 0 1 1 1 0 0 0 1 1 0 0 0 0 1 0 1 0 0 0 1 0 0]
Reconstruido --> [1 1 0 0 1 1 0 1 1 1 0 1 1 1 0 0 0 1 1 0 0 0 0 1 0 1 0 0 0 1 0 0] | Precisión: 1.00
Distancia de Hamming: 0
--------------------------------------------------
Original     --> [1 1 1 0 0 1 0 0 0 1 1 1 1 1 0 1 1 1 1 1 1 0 0 1 0 0 0 0 0 1 1 1]
Reconstruido --> [1 1 0 0 0 1 0 0 0 1 1 1 1 1 0 1 1 1 1 1 1 0 0 1 0 0 0 0 0 1 1 1] | Precisión: 0.97
Distancia de Hamming: 1
--------------------------------------------------
La media de la precisión del descifrado es 0.9799
Distancia media de Hamming = 0.6446 | Número de bits: 32
Número de reconstrucciones perfectas = 7026



EVALUACIÓN CON 5100:

Original     --> [0 0 0 0 0 1 0 0 1 0 1 1 0 1 0 0 1 0 1 1 1 0 1 0 0 0 1 0 1 0 1 0]
Reconstruido --> [0 0 0 0 0 1 0 0 1 0 1 1 0 1 0 0 1 0 1 1 1 0 1 0 0 0 1 0 1 0 1 0] | Precisión: 1.00
Distancia de Hamming: 0
--------------------------------------------------
Original     --> [1 0 0 1 1 1 0 0 1 0 0 1 1 0 1 0 0 1 1 0 1 0 1 0 1 1 0 1 1 0 1 1]
Reconstruido --> [1 0 0 1 1 1 0 0 1 0 0 1 1 0 1 0 0 1 1 0 1 0 1 0 1 1 0 1 1 0 1 1] | Precisión: 1.00
Distancia de Hamming: 0
--------------------------------------------------
Original     --> [1 0 0 0 1 0 0 0 1 0 1 0 1 0 1 0 1 0 0 1 1 0 0 1 1 1 1 0 1 0 1 0]
Reconstruido --> [1 0 0 0 1 0 0 0 1 0 1 0 1 0 1 0 1 0 0 1 1 0 0 1 1 1 1 0 1 0 1 0] | Precisión: 1.00
Distancia de Hamming: 0
--------------------------------------------------
Original     --> [0 0 0 1 1 1 0 0 0 1 1 1 0 1 0 1 0 0 0 0 0 1 1 0 0 1 0 1 1 0 1 0]
Reconstruido --> [0 0 0 1 1 1 0 0 0 1 1 1 0 1 0 1 0 0 0 0 0 1 1 0 0 1 0 1 1 0 1 0] | Precisión: 1.00
Distancia de Hamming: 0
--------------------------------------------------
Original     --> [1 1 1 0 0 0 1 0 0 1 1 1 0 1 1 0 0 0 1 1 0 1 1 1 1 0 1 0 1 1 1 0]
Reconstruido --> [1 1 1 0 0 0 1 0 0 1 1 1 0 1 1 0 0 0 1 1 0 1 1 1 1 0 1 0 1 1 1 0] | Precisión: 1.00
Distancia de Hamming: 0
--------------------------------------------------
Original     --> [0 0 1 0 1 1 1 0 0 0 1 0 0 0 1 0 1 1 0 1 1 0 0 0 0 0 0 0 0 1 0 0]
Reconstruido --> [0 0 1 0 1 1 1 0 0 0 1 0 0 0 1 0 1 1 0 1 1 0 0 0 0 0 0 0 0 1 0 0] | Precisión: 1.00
Distancia de Hamming: 0
--------------------------------------------------
Original     --> [0 1 0 1 0 0 1 1 0 0 1 1 0 1 1 0 1 1 0 1 0 0 1 0 1 0 0 1 0 0 0 0]
Reconstruido --> [0 1 0 1 0 0 1 1 0 0 1 1 0 1 1 0 1 1 0 1 0 0 1 0 1 0 0 1 0 0 0 0] | Precisión: 1.00
Distancia de Hamming: 0
--------------------------------------------------
Original     --> [0 0 0 0 1 0 1 1 0 0 1 0 0 1 0 0 1 1 0 0 0 1 0 0 0 1 1 1 1 1 1 0]
Reconstruido --> [0 0 0 0 1 0 1 1 0 0 1 0 0 1 0 0 1 1 0 0 0 1 0 0 0 1 1 1 1 1 1 0] | Precisión: 1.00
Distancia de Hamming: 0
--------------------------------------------------
Original     --> [1 0 0 1 1 0 1 0 0 0 0 0 0 1 0 0 1 1 1 0 0 1 1 1 0 0 1 1 0 1 0 0]
Reconstruido --> [1 0 0 1 1 0 1 0 0 0 0 0 0 1 0 0 1 1 1 0 0 1 1 1 0 0 1 1 0 1 0 0] | Precisión: 1.00
Distancia de Hamming: 0
--------------------------------------------------
Original     --> [0 0 1 0 0 1 1 0 0 0 1 0 1 0 0 0 0 0 0 1 1 0 1 0 1 0 1 0 1 0 0 1]
Reconstruido --> [0 0 1 0 0 1 1 0 0 0 1 0 1 0 0 0 0 0 0 1 1 0 1 0 1 0 1 0 1 0 0 1] | Precisión: 1.00
Distancia de Hamming: 0
--------------------------------------------------
La media de la precisión del descifrado es 0.9803
Distancia media de Hamming = 0.6313 | Número de bits: 32
Número de reconstrucciones perfectas = 7149



EVALUACIÓN CON 5400:

Original     --> [1 0 1 1 1 0 1 1 0 1 1 1 0 1 1 0 0 0 1 1 1 0 1 1 0 0 1 0 0 1 0 1]
Reconstruido --> [1 0 1 1 1 0 1 1 0 1 1 1 0 1 1 0 0 0 1 1 1 0 1 1 0 0 1 0 0 1 0 1] | Precisión: 1.00
Distancia de Hamming: 0
--------------------------------------------------
Original     --> [1 0 0 1 0 0 0 0 1 1 0 0 1 0 1 1 1 0 1 0 1 1 0 0 1 0 1 1 0 1 0 1]
Reconstruido --> [1 1 0 1 0 0 0 0 1 0 0 0 1 0 1 1 1 0 1 1 0 1 0 0 1 0 1 1 0 1 0 1] | Precisión: 0.88
Distancia de Hamming: 4
--------------------------------------------------
Original     --> [0 0 1 1 1 1 0 0 0 1 1 0 1 1 0 1 1 1 1 0 1 1 0 1 1 0 0 0 0 1 0 1]
Reconstruido --> [0 0 1 1 1 1 0 0 0 1 1 0 1 1 0 1 1 1 1 0 1 1 0 1 1 1 0 0 0 1 0 1] | Precisión: 0.97
Distancia de Hamming: 1
--------------------------------------------------
Original     --> [1 0 1 0 1 1 0 1 0 0 1 1 0 0 1 1 0 1 0 0 1 1 0 1 1 1 0 0 1 1 0 0]
Reconstruido --> [1 0 1 0 1 1 0 1 0 0 1 1 0 0 1 1 0 1 0 0 1 1 0 1 1 1 0 0 1 1 0 0] | Precisión: 1.00
Distancia de Hamming: 0
--------------------------------------------------
Original     --> [1 1 0 0 1 1 0 1 0 0 1 1 0 1 0 0 0 0 1 1 0 0 0 0 1 0 0 1 1 1 0 0]
Reconstruido --> [1 1 0 0 1 1 0 1 0 0 1 1 0 1 0 0 0 0 1 1 0 0 0 0 1 0 0 1 1 1 0 0] | Precisión: 1.00
Distancia de Hamming: 0
--------------------------------------------------
Original     --> [0 0 1 1 1 1 0 0 1 0 0 0 1 0 0 0 1 1 1 1 0 0 1 1 0 1 1 0 1 1 1 0]
Reconstruido --> [0 0 0 1 1 1 0 0 1 0 0 0 1 0 0 0 1 1 1 1 0 1 1 1 0 1 0 0 1 1 1 0] | Precisión: 0.91
Distancia de Hamming: 3
--------------------------------------------------
Original     --> [1 0 1 0 1 1 0 1 0 1 0 0 1 0 0 1 0 0 1 0 1 1 0 1 0 0 1 0 1 1 1 1]
Reconstruido --> [1 0 1 0 1 1 0 1 0 1 0 0 1 0 0 1 0 0 1 0 1 1 0 1 0 0 1 0 1 1 1 1] | Precisión: 1.00
Distancia de Hamming: 0
--------------------------------------------------
Original     --> [1 0 1 0 0 1 0 1 0 0 0 1 1 1 0 1 1 0 1 1 1 0 0 1 1 0 0 0 1 1 1 0]
Reconstruido --> [1 0 1 0 0 1 0 1 0 0 0 1 1 1 0 1 1 0 1 1 1 0 0 1 1 0 0 1 1 1 1 0] | Precisión: 0.97
Distancia de Hamming: 1
--------------------------------------------------
Original     --> [0 1 0 0 1 0 0 1 1 1 0 0 1 0 0 1 0 0 0 1 0 1 0 1 0 1 1 1 1 0 1 0]
Reconstruido --> [0 1 0 0 1 0 0 1 1 1 0 0 1 0 0 1 0 0 0 1 0 1 0 1 0 1 1 1 1 0 1 0] | Precisión: 1.00
Distancia de Hamming: 0
--------------------------------------------------
Original     --> [0 1 0 1 1 0 1 0 1 0 0 0 1 0 0 0 1 1 1 1 1 0 1 0 0 1 0 1 0 0 0 0]
Reconstruido --> [0 1 0 1 1 0 1 0 1 0 0 0 1 0 0 0 1 1 1 1 1 0 1 0 0 1 0 1 0 0 0 0] | Precisión: 1.00
Distancia de Hamming: 0
--------------------------------------------------
La media de la precisión del descifrado es 0.9785
Distancia media de Hamming = 0.6871 | Número de bits: 32
Número de reconstrucciones perfectas = 6857



EVALUACIÓN CON 5700:

Original     --> [0 1 1 0 1 1 0 1 0 1 1 1 1 1 1 0 0 1 0 0 0 0 1 1 1 1 1 1 0 1 1 1]
Reconstruido --> [0 1 1 0 1 1 0 1 0 1 1 1 1 1 1 0 0 1 0 0 0 0 1 1 1 1 1 1 0 1 1 1] | Precisión: 1.00
Distancia de Hamming: 0
--------------------------------------------------
Original     --> [0 0 0 0 0 1 0 1 1 0 1 1 0 1 0 1 0 0 1 0 1 0 0 0 0 0 1 0 0 0 0 0]
Reconstruido --> [0 0 0 0 0 1 0 1 1 0 1 1 0 1 0 1 0 0 1 0 1 0 0 0 0 0 1 0 0 0 0 0] | Precisión: 1.00
Distancia de Hamming: 0
--------------------------------------------------
Original     --> [0 1 0 0 1 0 1 1 1 0 1 0 1 0 1 1 1 0 0 0 1 0 1 0 1 1 0 0 0 0 0 1]
Reconstruido --> [0 1 0 0 1 0 1 1 1 0 1 0 1 0 1 1 1 0 0 0 1 0 1 0 1 1 0 0 0 0 0 1] | Precisión: 1.00
Distancia de Hamming: 0
--------------------------------------------------
Original     --> [0 1 1 0 0 0 0 0 0 0 0 1 1 1 0 0 0 1 1 0 1 0 0 0 0 1 1 0 1 1 1 1]
Reconstruido --> [0 1 1 0 0 0 0 0 0 0 0 1 1 1 0 0 0 1 1 0 1 0 0 0 0 1 1 0 1 1 1 1] | Precisión: 1.00
Distancia de Hamming: 0
--------------------------------------------------
Original     --> [0 0 1 1 1 1 0 1 0 0 1 1 0 0 0 0 0 1 0 0 0 1 1 1 0 1 0 0 1 1 1 0]
Reconstruido --> [0 0 1 1 1 1 0 1 0 0 1 1 0 0 0 0 0 1 0 0 0 1 1 1 0 1 0 0 1 1 1 0] | Precisión: 1.00
Distancia de Hamming: 0
--------------------------------------------------
Original     --> [0 1 0 0 0 1 1 0 0 0 0 0 0 1 0 0 1 1 0 0 0 1 0 1 0 1 0 0 1 0 0 0]
Reconstruido --> [0 1 0 0 0 1 1 0 0 0 0 0 0 1 0 0 1 1 0 0 0 1 0 1 0 1 0 0 1 0 0 0] | Precisión: 1.00
Distancia de Hamming: 0
--------------------------------------------------
Original     --> [1 1 0 1 1 0 0 0 1 1 1 0 1 1 0 0 0 1 0 0 1 1 0 1 1 1 1 1 0 0 1 1]
Reconstruido --> [1 1 0 1 1 0 0 0 1 1 1 0 1 1 0 0 0 1 0 0 1 1 0 1 1 1 1 1 0 0 1 1] | Precisión: 1.00
Distancia de Hamming: 0
--------------------------------------------------
Original     --> [0 1 0 1 1 0 1 1 1 0 1 0 1 1 1 0 0 1 0 0 1 0 1 0 1 1 1 0 1 1 0 0]
Reconstruido --> [0 1 0 1 1 0 1 1 1 0 1 0 1 1 1 0 0 1 0 0 1 0 1 0 1 1 1 0 1 1 0 0] | Precisión: 1.00
Distancia de Hamming: 0
--------------------------------------------------
Original     --> [1 0 0 1 0 1 1 1 0 0 0 1 1 0 1 1 1 0 0 1 1 0 1 0 1 0 1 1 1 0 1 0]
Reconstruido --> [1 0 0 1 0 1 1 1 0 0 0 1 1 0 1 1 1 0 0 1 1 0 1 0 1 0 1 1 1 0 1 0] | Precisión: 1.00
Distancia de Hamming: 0
--------------------------------------------------
Original     --> [1 1 1 0 1 1 1 0 0 1 1 0 0 0 0 0 0 1 0 0 1 0 1 1 0 0 0 1 1 0 0 1]
Reconstruido --> [1 1 1 0 1 1 1 0 0 1 1 0 0 0 0 0 0 1 0 0 1 0 1 1 0 0 0 1 1 0 0 1] | Precisión: 1.00
Distancia de Hamming: 0
--------------------------------------------------
La media de la precisión del descifrado es 0.9779
Distancia media de Hamming = 0.7058 | Número de bits: 32
Número de reconstrucciones perfectas = 6684



EVALUACIÓN CON 6000:

Original     --> [0 1 1 0 1 0 1 1 0 0 1 1 1 1 1 0 0 1 1 0 0 0 1 1 0 0 0 1 1 0 0 1]
Reconstruido --> [0 1 1 0 1 0 1 1 0 0 1 1 1 1 1 0 0 1 1 0 0 0 1 1 0 0 0 1 1 0 0 1] | Precisión: 1.00
Distancia de Hamming: 0
--------------------------------------------------
Original     --> [0 0 0 1 0 1 1 1 1 1 0 0 1 1 1 1 0 0 0 0 0 1 1 0 0 0 0 1 1 1 1 1]
Reconstruido --> [0 0 0 1 0 1 1 1 1 1 0 0 1 0 1 1 0 0 0 0 0 1 1 0 0 0 0 1 0 1 1 1] | Precisión: 0.94
Distancia de Hamming: 2
--------------------------------------------------
Original     --> [1 1 0 1 1 1 1 1 0 0 0 1 1 1 0 0 1 1 1 0 1 0 0 0 0 1 1 1 1 0 1 1]
Reconstruido --> [1 1 0 1 1 1 1 1 0 0 0 1 1 1 0 0 1 1 1 0 1 0 0 0 0 1 1 1 1 0 1 1] | Precisión: 1.00
Distancia de Hamming: 0
--------------------------------------------------
Original     --> [0 1 1 0 1 0 1 0 1 0 1 0 1 0 0 1 0 1 1 0 1 0 1 1 0 0 1 1 1 1 0 0]
Reconstruido --> [0 1 1 0 1 0 1 0 1 0 1 0 1 0 0 1 0 1 1 0 1 0 1 1 0 0 1 1 1 1 0 0] | Precisión: 1.00
Distancia de Hamming: 0
--------------------------------------------------
Original     --> [1 1 0 0 0 0 0 0 1 1 0 0 1 0 0 0 0 0 0 1 1 1 0 0 1 1 1 0 1 0 0 0]
Reconstruido --> [1 1 0 0 0 0 0 0 1 1 0 0 1 0 0 0 0 0 0 1 1 1 0 0 1 1 1 0 1 0 0 0] | Precisión: 1.00
Distancia de Hamming: 0
--------------------------------------------------
Original     --> [1 1 0 1 0 1 0 1 0 0 1 1 0 0 1 1 1 0 1 1 1 0 0 1 0 0 0 1 0 0 0 1]
Reconstruido --> [1 1 0 1 0 1 0 1 0 0 1 1 0 0 1 1 1 0 1 1 1 0 0 1 0 0 0 1 0 0 0 1] | Precisión: 1.00
Distancia de Hamming: 0
--------------------------------------------------
Original     --> [0 1 1 0 1 1 0 0 1 0 1 1 0 1 0 1 1 1 1 1 1 1 0 1 0 0 0 1 0 0 1 1]
Reconstruido --> [0 1 1 0 1 1 0 0 1 0 1 1 0 1 0 1 1 1 1 1 1 1 0 1 0 0 0 1 0 0 1 1] | Precisión: 1.00
Distancia de Hamming: 0
--------------------------------------------------
Original     --> [0 0 1 1 1 0 1 0 1 1 1 1 1 1 1 0 0 1 1 1 0 1 0 1 1 1 1 1 0 0 0 1]
Reconstruido --> [0 0 1 1 1 0 1 0 1 1 1 1 1 1 1 0 0 1 1 1 0 1 0 1 1 1 1 1 0 0 0 1] | Precisión: 1.00
Distancia de Hamming: 0
--------------------------------------------------
Original     --> [0 0 0 1 0 1 1 1 0 1 0 0 0 0 0 0 0 0 0 1 1 0 0 0 1 1 1 1 1 1 1 1]
Reconstruido --> [0 0 0 1 0 1 1 1 0 1 0 0 0 0 0 0 0 0 0 1 1 0 0 0 1 1 1 1 1 1 1 1] | Precisión: 1.00
Distancia de Hamming: 0
--------------------------------------------------
Original     --> [1 0 0 1 1 1 0 0 1 1 0 1 0 1 0 1 0 0 1 0 1 0 0 0 1 0 0 1 1 0 0 0]
Reconstruido --> [1 0 0 1 1 1 0 0 1 1 0 1 0 1 0 1 0 0 1 0 1 0 0 0 1 0 0 1 1 0 0 0] | Precisión: 1.00
Distancia de Hamming: 0
--------------------------------------------------
La media de la precisión del descifrado es 0.9881
Distancia media de Hamming = 0.3795 | Número de bits: 32
Número de reconstrucciones perfectas = 8143


Tiempo total de ejecución: 3876.189237356186

