-- RESULTADOS DEL EXPERIMENTO 1.1. --

s = 32
Tamaño del batch = 512
Adam optimizer learning rate = 1e-08
Epochs totales = 6000
Epochs iniciales = 300


EVALUACIÓN CON 300:

Original     --> [1 1 1 0 0 1 1 0 1 0 0 1 1 1 1 1 1 0 0 0 1 1 1 0 1 1 0 1 0 1 1 1]
Reconstruido --> [0 0 1 1 0 0 0 0 0 1 0 1 0 0 0 0 0 0 1 0 1 1 1 0 1 0 1 0 0 1 1 1] | Precisión: 0.50
Distancia de Hamming: 16
--------------------------------------------------
Original     --> [0 0 1 0 1 1 0 1 0 0 1 0 0 1 0 1 0 0 1 1 0 0 0 1 1 1 1 0 0 0 1 0]
Reconstruido --> [0 1 1 0 0 0 0 1 0 1 0 1 0 1 0 0 0 0 1 0 1 1 0 0 0 0 0 0 0 0 0 1] | Precisión: 0.50
Distancia de Hamming: 16
--------------------------------------------------
Original     --> [0 0 1 0 1 1 1 1 1 0 0 1 0 1 0 1 0 1 1 1 0 0 1 1 0 0 1 0 1 0 1 1]
Reconstruido --> [0 0 1 0 0 1 0 1 0 1 0 1 0 0 1 1 0 0 1 0 1 1 1 0 0 0 0 0 1 1 0 1] | Precisión: 0.56
Distancia de Hamming: 14
--------------------------------------------------
Original     --> [1 1 1 1 0 1 0 1 1 1 0 1 1 1 1 1 0 0 0 1 1 1 0 1 1 0 1 0 1 1 1 0]
Reconstruido --> [0 0 1 1 0 0 0 1 0 1 0 1 1 1 0 1 0 0 1 0 1 1 0 0 1 0 0 0 1 0 0 1] | Precisión: 0.62
Distancia de Hamming: 12
--------------------------------------------------
Original     --> [0 1 0 0 0 0 1 0 1 0 0 1 1 1 0 1 0 1 1 1 1 0 1 0 0 1 1 0 1 1 1 0]
Reconstruido --> [0 1 1 1 1 1 0 1 0 1 0 1 0 1 0 0 0 0 0 0 1 1 1 0 1 0 1 0 1 0 0 0] | Precisión: 0.44
Distancia de Hamming: 18
--------------------------------------------------
Original     --> [0 0 0 0 1 1 0 0 0 1 0 1 0 1 0 1 1 1 0 1 0 1 1 0 1 1 0 1 0 1 0 1]
Reconstruido --> [0 0 1 1 0 0 0 1 0 1 0 1 0 1 0 1 0 0 1 1 1 1 0 0 1 0 1 0 1 1 0 1] | Precisión: 0.56
Distancia de Hamming: 14
--------------------------------------------------
Original     --> [0 0 1 1 0 0 1 0 1 0 0 0 0 1 0 0 0 1 0 1 1 0 1 0 1 1 1 1 1 0 1 1]
Reconstruido --> [0 0 1 0 1 1 0 1 0 1 0 1 1 1 1 1 0 0 0 0 1 1 1 0 1 0 1 0 1 0 0 0] | Precisión: 0.44
Distancia de Hamming: 18
--------------------------------------------------
Original     --> [1 1 0 1 1 0 0 1 0 1 0 1 1 1 0 1 1 0 0 0 1 0 0 0 0 0 0 0 1 0 1 0]
Reconstruido --> [0 1 1 1 0 0 0 1 0 1 0 1 0 1 0 1 0 0 1 1 1 1 0 1 0 0 1 0 1 1 0 1] | Precisión: 0.59
Distancia de Hamming: 13
--------------------------------------------------
Original     --> [0 1 0 0 0 1 0 1 1 1 1 1 0 1 0 0 1 0 1 0 0 0 1 0 0 1 0 1 0 0 0 0]
Reconstruido --> [0 1 1 1 0 1 0 1 0 1 0 1 0 1 0 0 0 0 0 0 1 1 1 0 1 0 1 0 1 1 0 1] | Precisión: 0.53
Distancia de Hamming: 15
--------------------------------------------------
Original     --> [0 0 1 0 0 1 1 0 1 1 0 1 0 1 1 0 0 1 1 0 0 0 0 1 1 1 0 0 0 1 1 1]
Reconstruido --> [0 0 1 0 0 0 0 1 0 1 0 1 0 1 0 0 0 0 1 0 1 1 1 0 0 0 0 0 1 0 0 1] | Precisión: 0.53
Distancia de Hamming: 15
--------------------------------------------------
La media de la precisión del descifrado es 0.5059
Distancia media de Hamming = 15.8127 | Número de bits: 32
Número de reconstrucciones perfectas = 0



EVALUACIÓN CON 600:

Original     --> [1 1 1 1 0 1 0 0 0 0 1 1 1 1 1 0 0 0 0 0 0 0 1 1 0 1 0 1 1 0 0 1]
Reconstruido --> [1 1 0 1 0 0 0 0 0 0 1 0 0 0 0 1 0 0 1 0 1 0 0 0 0 1 0 1 1 1 1 0] | Precisión: 0.56
Distancia de Hamming: 14
--------------------------------------------------
Original     --> [0 1 1 1 1 0 1 1 1 1 1 0 0 1 1 1 1 1 0 0 0 1 1 0 1 0 1 0 0 1 0 1]
Reconstruido --> [1 1 1 1 0 1 1 1 0 0 0 0 0 0 0 1 0 0 1 1 0 0 0 0 1 1 0 1 1 0 1 1] | Precisión: 0.38
Distancia de Hamming: 20
--------------------------------------------------
Original     --> [0 0 1 0 0 0 0 1 1 1 1 1 0 0 1 0 0 0 1 0 1 1 1 0 1 0 0 0 1 0 1 1]
Reconstruido --> [1 1 1 1 0 0 0 1 0 0 1 0 0 0 0 1 0 0 1 1 1 0 0 0 1 1 0 1 1 0 1 1] | Precisión: 0.59
Distancia de Hamming: 13
--------------------------------------------------
Original     --> [1 1 1 0 1 1 0 0 0 1 1 0 1 0 1 0 1 1 1 0 1 1 1 0 0 0 0 1 1 0 0 0]
Reconstruido --> [1 1 0 1 0 1 0 1 0 0 1 0 0 0 1 1 1 0 1 1 1 0 0 0 1 1 0 1 1 0 1 1] | Precisión: 0.53
Distancia de Hamming: 15
--------------------------------------------------
Original     --> [1 1 1 1 1 0 1 1 1 1 1 1 0 0 1 0 1 0 0 1 0 1 1 0 1 1 1 0 0 0 1 0]
Reconstruido --> [1 1 1 1 0 1 1 1 0 0 0 0 0 0 0 1 0 1 1 1 1 0 0 0 0 1 0 1 1 0 1 0] | Precisión: 0.44
Distancia de Hamming: 18
--------------------------------------------------
Original     --> [1 1 0 0 0 0 1 1 1 1 0 1 0 1 0 1 0 0 0 1 0 1 0 0 0 1 1 0 0 0 0 0]
Reconstruido --> [1 1 1 1 0 1 0 1 0 1 1 0 0 0 0 1 0 1 0 1 0 0 0 0 1 1 0 1 1 0 1 0] | Precisión: 0.53
Distancia de Hamming: 15
--------------------------------------------------
Original     --> [0 1 0 1 1 1 0 1 0 1 0 1 1 0 1 0 0 0 0 0 1 0 1 1 1 0 1 0 0 1 1 1]
Reconstruido --> [1 1 1 1 0 1 0 1 0 1 1 0 0 0 0 1 0 0 1 1 1 0 0 0 1 1 0 1 1 0 1 0] | Precisión: 0.44
Distancia de Hamming: 18
--------------------------------------------------
Original     --> [1 0 0 0 1 0 0 1 1 0 1 0 1 1 1 0 1 0 0 1 1 0 1 1 1 1 1 1 1 1 0 0]
Reconstruido --> [1 1 1 1 0 0 0 1 1 0 0 0 0 0 0 1 0 1 1 1 1 0 0 1 0 1 0 0 1 0 1 0] | Precisión: 0.44
Distancia de Hamming: 18
--------------------------------------------------
Original     --> [1 0 0 0 0 0 0 1 0 1 0 1 1 1 0 0 1 1 1 1 0 0 1 0 1 1 1 1 1 0 0 0]
Reconstruido --> [1 1 1 1 0 1 1 1 0 0 0 0 0 0 0 1 0 1 1 1 0 0 0 0 0 1 0 1 1 0 1 1] | Precisión: 0.50
Distancia de Hamming: 16
--------------------------------------------------
Original     --> [0 1 1 0 0 1 0 0 1 0 1 1 1 1 1 0 0 0 0 1 0 0 0 1 0 0 0 0 0 1 0 0]
Reconstruido --> [1 1 1 1 0 0 1 1 1 0 1 0 0 1 0 1 0 0 1 1 0 0 0 0 1 1 0 1 1 0 1 0] | Precisión: 0.47
Distancia de Hamming: 17
--------------------------------------------------
La media de la precisión del descifrado es 0.5152
Distancia media de Hamming = 15.5146 | Número de bits: 32
Número de reconstrucciones perfectas = 0



EVALUACIÓN CON 900:

Original     --> [0 1 1 0 1 1 1 1 1 0 1 0 0 1 0 0 0 0 1 1 1 0 0 0 1 1 0 0 0 0 1 0]
Reconstruido --> [1 1 0 1 1 1 0 1 1 0 0 0 1 1 1 0 1 1 1 1 0 0 1 1 0 0 0 0 0 1 0 1] | Precisión: 0.47
Distancia de Hamming: 17
--------------------------------------------------
Original     --> [0 1 1 0 1 0 1 0 1 1 0 0 1 1 0 0 0 0 0 0 0 1 0 0 0 0 0 0 0 0 1 1]
Reconstruido --> [1 1 0 1 1 1 0 1 1 1 1 0 1 1 1 0 1 0 1 1 0 0 1 1 1 0 0 0 0 1 0 0] | Precisión: 0.44
Distancia de Hamming: 18
--------------------------------------------------
Original     --> [0 1 1 1 0 0 0 1 1 0 0 0 0 1 1 1 0 0 0 0 0 1 0 1 0 0 0 0 0 1 1 0]
Reconstruido --> [1 1 0 0 1 1 1 0 1 1 1 0 1 1 1 0 1 0 1 1 0 0 1 1 1 1 0 1 0 1 0 1] | Precisión: 0.34
Distancia de Hamming: 21
--------------------------------------------------
Original     --> [0 0 1 1 0 0 1 0 1 0 0 1 0 1 1 1 0 0 1 1 1 0 1 1 0 1 1 0 0 0 0 1]
Reconstruido --> [1 1 0 1 1 1 0 1 1 0 1 0 1 1 1 0 1 1 1 0 0 1 1 1 0 0 0 1 0 1 0 1] | Precisión: 0.38
Distancia de Hamming: 20
--------------------------------------------------
Original     --> [0 1 1 0 1 0 0 0 1 0 0 0 1 1 0 0 1 1 0 1 1 1 0 0 0 0 0 0 1 0 1 0]
Reconstruido --> [1 1 0 1 1 1 0 0 1 1 0 0 1 1 1 0 1 0 1 1 0 0 1 1 1 1 0 0 0 1 1 1] | Precisión: 0.47
Distancia de Hamming: 17
--------------------------------------------------
Original     --> [0 1 1 0 0 0 1 1 1 0 0 0 1 1 1 1 0 0 1 0 1 0 0 0 0 1 0 1 0 0 0 0]
Reconstruido --> [1 1 0 1 1 1 1 1 1 0 1 0 1 1 1 1 1 1 1 1 1 0 1 1 0 1 0 0 0 1 0 1] | Precisión: 0.56
Distancia de Hamming: 14
--------------------------------------------------
Original     --> [1 0 0 0 1 1 1 1 0 0 1 0 1 0 0 0 1 1 1 1 0 0 1 0 1 0 0 0 1 0 0 1]
Reconstruido --> [0 0 0 0 1 1 1 1 1 1 0 0 1 1 0 0 1 1 1 1 1 0 1 1 1 1 0 1 1 1 1 1] | Precisión: 0.66
Distancia de Hamming: 11
--------------------------------------------------
Original     --> [1 1 0 1 1 1 0 0 1 0 0 0 1 1 1 1 0 0 1 0 1 1 1 1 0 0 1 1 1 1 0 1]
Reconstruido --> [1 1 0 0 1 1 0 0 1 0 1 0 1 1 1 0 1 0 1 1 1 0 1 1 1 0 0 1 1 1 0 1] | Precisión: 0.75
Distancia de Hamming: 8
--------------------------------------------------
Original     --> [1 1 1 1 0 0 0 0 1 1 0 0 0 1 1 0 1 0 0 0 1 1 0 0 1 0 1 1 0 0 1 0]
Reconstruido --> [1 1 0 0 1 1 1 0 1 1 0 0 1 1 1 0 1 0 1 1 1 0 1 1 1 1 0 1 0 1 0 1] | Precisión: 0.50
Distancia de Hamming: 16
--------------------------------------------------
Original     --> [0 0 0 1 1 0 1 0 1 1 0 0 1 1 0 1 0 1 0 1 1 0 0 1 1 0 0 0 0 0 1 1]
Reconstruido --> [1 1 0 1 1 1 0 1 1 0 0 0 1 1 0 0 1 1 1 1 0 0 1 1 0 0 0 0 0 1 0 1] | Precisión: 0.56
Distancia de Hamming: 14
--------------------------------------------------
La media de la precisión del descifrado es 0.5117
Distancia media de Hamming = 15.6255 | Número de bits: 32
Número de reconstrucciones perfectas = 0



EVALUACIÓN CON 1200:

Original     --> [1 1 0 1 1 1 0 0 0 0 1 0 0 0 1 0 0 0 1 0 1 1 1 0 0 1 1 0 0 1 1 1]
Reconstruido --> [1 0 0 0 1 1 1 1 0 0 1 1 0 0 0 1 1 1 1 1 1 1 1 1 1 1 0 1 0 1 0 0] | Precisión: 0.50
Distancia de Hamming: 16
--------------------------------------------------
Original     --> [1 0 0 1 0 1 1 1 0 1 1 1 0 1 1 1 0 1 1 1 0 0 1 1 1 0 1 0 1 0 0 1]
Reconstruido --> [1 0 0 1 1 1 1 1 0 1 1 1 0 1 0 1 1 1 1 1 1 0 1 0 1 0 0 1 0 1 0 0] | Precisión: 0.69
Distancia de Hamming: 10
--------------------------------------------------
Original     --> [0 0 0 1 0 1 0 0 1 0 0 1 1 0 1 1 0 0 0 0 1 0 1 0 0 0 0 1 1 1 0 0]
Reconstruido --> [0 0 0 0 1 1 1 0 0 1 1 1 0 0 0 1 1 1 1 1 1 1 1 1 1 1 1 0 1 1 0 0] | Precisión: 0.44
Distancia de Hamming: 18
--------------------------------------------------
Original     --> [0 1 0 0 1 0 0 1 1 0 0 1 1 0 0 1 0 0 0 0 0 1 1 1 1 0 1 1 0 1 0 1]
Reconstruido --> [0 0 0 0 1 1 1 0 0 0 1 1 0 1 0 1 0 1 1 1 1 1 1 0 1 1 1 0 0 1 0 0] | Precisión: 0.50
Distancia de Hamming: 16
--------------------------------------------------
Original     --> [1 1 1 0 1 0 1 1 0 1 1 0 1 1 0 0 1 0 0 1 0 0 1 0 1 0 0 1 1 1 0 1]
Reconstruido --> [0 1 0 0 1 1 1 0 0 0 1 1 0 1 0 1 1 0 1 1 1 1 1 1 1 1 1 0 1 1 0 0] | Precisión: 0.50
Distancia de Hamming: 16
--------------------------------------------------
Original     --> [0 0 0 0 1 1 1 1 1 0 1 0 1 1 0 1 1 0 0 1 1 1 1 1 1 1 0 1 1 1 1 1]
Reconstruido --> [0 1 0 1 1 1 1 1 0 0 1 1 0 1 0 1 0 0 1 1 1 1 1 1 1 0 1 0 1 1 0 0] | Precisión: 0.62
Distancia de Hamming: 12
--------------------------------------------------
Original     --> [1 0 0 0 1 0 0 0 0 1 1 1 0 0 0 1 0 0 0 0 0 0 1 0 1 1 0 1 0 0 1 1]
Reconstruido --> [1 0 0 0 1 1 1 1 0 0 1 0 0 0 0 1 1 1 1 1 1 0 0 0 1 1 0 0 1 1 0 0] | Precisión: 0.50
Distancia de Hamming: 16
--------------------------------------------------
Original     --> [0 1 0 1 1 0 0 0 0 0 0 0 0 1 0 0 0 1 1 1 0 0 0 0 0 0 0 1 0 0 0 1]
Reconstruido --> [0 0 0 1 1 1 1 0 0 0 1 1 0 1 0 1 1 0 1 1 1 1 1 1 1 0 1 0 1 1 0 0] | Precisión: 0.44
Distancia de Hamming: 18
--------------------------------------------------
Original     --> [0 0 1 0 0 1 0 0 1 0 1 1 1 1 1 0 1 0 1 1 0 1 0 0 1 1 0 1 1 1 1 1]
Reconstruido --> [0 0 0 0 1 1 1 1 0 0 1 1 0 1 0 1 1 0 1 1 1 1 1 0 1 1 0 0 1 1 0 0] | Precisión: 0.59
Distancia de Hamming: 13
--------------------------------------------------
Original     --> [1 1 1 1 1 0 0 0 1 0 1 1 0 0 1 1 0 1 1 0 1 1 1 1 1 1 1 0 0 0 0 1]
Reconstruido --> [1 1 0 1 1 1 1 1 0 0 1 1 0 1 0 1 1 1 1 1 1 1 1 0 1 1 0 1 0 1 0 0] | Precisión: 0.56
Distancia de Hamming: 14
--------------------------------------------------
La media de la precisión del descifrado es 0.5080
Distancia media de Hamming = 15.7447 | Número de bits: 32
Número de reconstrucciones perfectas = 0



EVALUACIÓN CON 1500:

Original     --> [0 1 0 0 1 0 1 1 1 1 0 1 1 1 1 1 1 0 1 1 0 1 0 0 0 1 0 0 1 0 0 1]
Reconstruido --> [1 0 1 1 1 0 0 0 1 0 1 0 0 0 0 1 0 0 1 0 0 0 0 1 0 0 0 0 1 0 1 1] | Precisión: 0.44
Distancia de Hamming: 18
--------------------------------------------------
Original     --> [0 1 0 1 1 0 0 1 1 0 0 0 1 1 0 0 0 1 1 1 1 0 1 1 0 1 1 0 0 0 1 0]
Reconstruido --> [1 0 1 1 1 0 0 1 1 0 1 0 1 0 0 1 0 0 1 0 0 0 0 1 1 0 0 0 1 0 1 1] | Precisión: 0.53
Distancia de Hamming: 15
--------------------------------------------------
Original     --> [1 1 0 1 1 0 0 1 0 0 1 1 1 1 0 0 1 0 1 0 0 0 0 1 1 0 1 1 0 0 0 1]
Reconstruido --> [1 0 1 1 0 1 0 0 1 0 1 0 0 0 1 1 0 0 1 1 0 1 0 1 1 0 1 0 0 0 1 1] | Precisión: 0.50
Distancia de Hamming: 16
--------------------------------------------------
Original     --> [0 1 1 1 1 1 1 1 0 0 1 0 1 0 1 0 0 0 0 1 0 1 1 0 0 0 0 0 1 1 1 0]
Reconstruido --> [1 0 1 1 1 1 0 1 1 0 1 0 0 0 0 1 0 0 1 0 1 1 1 1 1 0 0 0 0 0 0 1] | Precisión: 0.50
Distancia de Hamming: 16
--------------------------------------------------
Original     --> [1 0 1 0 1 1 1 1 1 1 0 1 1 1 0 1 1 1 1 1 1 1 0 0 1 0 0 1 1 0 0 0]
Reconstruido --> [1 0 1 1 0 0 0 1 1 0 0 0 1 0 0 1 0 0 1 0 0 0 0 1 1 0 0 0 1 0 1 1] | Precisión: 0.50
Distancia de Hamming: 16
--------------------------------------------------
Original     --> [1 0 0 0 1 1 0 1 0 0 1 0 1 0 1 1 0 1 0 0 0 1 0 1 0 1 1 1 0 1 0 1]
Reconstruido --> [1 0 0 0 0 0 0 1 1 0 1 0 0 0 0 1 0 0 1 1 0 0 0 1 1 0 0 0 0 0 0 1] | Precisión: 0.56
Distancia de Hamming: 14
--------------------------------------------------
Original     --> [1 0 0 1 1 1 1 0 0 0 0 1 1 0 1 1 0 0 1 1 0 1 0 1 1 0 0 0 1 0 0 0]
Reconstruido --> [1 0 1 0 0 1 0 0 1 0 0 0 0 0 0 1 0 0 1 0 0 1 1 1 1 0 0 0 1 0 1 1] | Precisión: 0.62
Distancia de Hamming: 12
--------------------------------------------------
Original     --> [0 1 1 0 0 0 0 1 0 1 0 1 1 1 1 0 0 0 1 1 0 0 0 0 1 1 1 0 1 1 1 0]
Reconstruido --> [1 0 1 0 0 0 0 1 1 0 1 0 0 1 0 1 0 0 1 1 0 0 0 1 1 0 0 0 0 0 0 1] | Precisión: 0.50
Distancia de Hamming: 16
--------------------------------------------------
Original     --> [0 0 1 0 0 1 1 1 1 1 0 1 0 0 1 1 0 1 1 1 1 0 0 0 0 1 0 1 0 1 0 1]
Reconstruido --> [1 0 1 1 1 0 0 0 1 0 1 0 0 0 1 1 0 0 1 0 0 1 1 1 1 0 0 0 0 0 1 1] | Precisión: 0.38
Distancia de Hamming: 20
--------------------------------------------------
Original     --> [1 1 0 0 1 1 0 0 0 0 0 1 0 1 0 0 1 1 1 0 1 1 1 0 1 0 1 0 1 0 1 0]
Reconstruido --> [1 0 1 1 0 0 0 1 1 0 0 0 0 0 0 1 0 0 1 1 0 1 0 1 1 0 1 0 1 0 1 1] | Precisión: 0.47
Distancia de Hamming: 17
--------------------------------------------------
La media de la precisión del descifrado es 0.5009
Distancia media de Hamming = 15.9714 | Número de bits: 32
Número de reconstrucciones perfectas = 0



EVALUACIÓN CON 1800:

Original     --> [0 0 0 0 1 1 1 0 0 0 1 1 0 1 0 1 0 1 0 1 1 1 1 0 1 1 1 0 0 1 1 1]
Reconstruido --> [1 1 0 0 0 1 1 0 0 1 0 0 0 1 0 1 0 1 0 1 0 1 1 1 1 1 1 1 1 1 1 1] | Precisión: 0.69
Distancia de Hamming: 10
--------------------------------------------------
Original     --> [0 0 1 0 1 1 0 1 0 0 1 1 1 1 0 1 1 0 1 0 1 1 0 1 1 1 1 0 0 1 1 1]
Reconstruido --> [1 1 1 0 0 0 1 0 0 1 0 0 0 1 0 1 0 1 1 0 0 1 1 1 1 1 1 1 1 1 1 0] | Precisión: 0.47
Distancia de Hamming: 17
--------------------------------------------------
Original     --> [0 1 1 0 1 1 0 0 0 0 1 0 1 1 0 1 0 0 1 0 0 0 0 1 0 1 1 1 1 1 0 1]
Reconstruido --> [1 1 1 0 0 0 1 0 0 1 1 0 0 1 0 1 0 1 1 0 0 1 1 0 1 1 1 1 1 0 0 0] | Precisión: 0.59
Distancia de Hamming: 13
--------------------------------------------------
Original     --> [0 1 0 1 0 1 0 1 1 0 0 1 1 0 1 0 0 0 0 0 1 0 1 1 0 0 0 0 0 0 0 0]
Reconstruido --> [1 1 0 0 1 0 1 0 1 1 0 1 0 1 0 0 0 0 0 0 0 1 1 0 0 1 1 1 1 1 1 0] | Precisión: 0.41
Distancia de Hamming: 19
--------------------------------------------------
Original     --> [1 0 1 0 1 0 0 0 1 0 0 0 0 0 0 1 1 0 0 0 1 1 0 0 0 1 1 0 0 1 1 0]
Reconstruido --> [1 0 1 0 1 0 1 0 0 1 0 0 0 1 0 1 0 0 1 0 0 0 1 0 1 1 1 1 1 1 1 0] | Precisión: 0.62
Distancia de Hamming: 12
--------------------------------------------------
Original     --> [0 1 0 1 0 1 1 1 0 0 1 1 1 0 1 0 0 1 0 1 0 0 0 0 1 0 1 1 0 1 1 0]
Reconstruido --> [1 1 0 0 1 0 1 0 0 0 0 1 0 1 1 0 0 1 0 0 0 1 1 0 1 1 1 1 1 1 1 0] | Precisión: 0.59
Distancia de Hamming: 13
--------------------------------------------------
Original     --> [0 0 1 0 1 0 1 1 0 1 0 0 0 0 0 0 0 0 1 1 0 1 1 0 0 0 0 1 0 0 1 1]
Reconstruido --> [1 1 0 0 1 1 1 0 0 1 1 0 0 1 1 1 0 0 1 0 0 1 1 1 1 1 0 0 1 0 1 0] | Precisión: 0.50
Distancia de Hamming: 16
--------------------------------------------------
Original     --> [1 1 0 1 1 1 1 1 0 1 0 0 1 0 0 1 1 0 1 1 0 1 0 1 1 1 1 1 0 0 1 0]
Reconstruido --> [1 1 0 0 1 1 1 0 0 1 0 0 0 1 0 0 0 1 1 0 0 1 1 1 1 1 1 1 1 1 0 0] | Precisión: 0.62
Distancia de Hamming: 12
--------------------------------------------------
Original     --> [0 0 1 1 0 1 1 0 1 0 1 0 0 1 1 1 1 1 0 0 1 0 1 1 0 0 0 0 1 1 0 0]
Reconstruido --> [1 0 0 0 1 0 1 0 0 1 0 0 0 1 0 1 0 1 0 1 0 1 1 0 1 1 1 1 1 1 1 0] | Precisión: 0.41
Distancia de Hamming: 19
--------------------------------------------------
Original     --> [0 0 1 0 0 0 0 0 0 0 0 1 1 1 0 0 0 1 1 0 1 1 0 0 1 1 0 1 0 1 0 0]
Reconstruido --> [1 0 1 0 0 0 1 0 1 0 0 0 0 1 0 1 0 1 0 1 0 1 1 1 1 1 1 1 1 0 1 0] | Precisión: 0.53
Distancia de Hamming: 15
--------------------------------------------------
La media de la precisión del descifrado es 0.5000
Distancia media de Hamming = 15.9998 | Número de bits: 32
Número de reconstrucciones perfectas = 0



EVALUACIÓN CON 2100:

Original     --> [0 0 0 0 0 1 1 1 1 1 1 0 0 1 1 1 0 0 0 1 1 1 0 0 0 1 1 1 0 0 1 1]
Reconstruido --> [0 0 0 1 1 1 1 0 0 1 1 0 1 1 1 1 1 0 0 0 1 1 1 1 0 1 1 0 1 0 1 1] | Precisión: 0.66
Distancia de Hamming: 11
--------------------------------------------------
Original     --> [1 0 0 0 0 0 1 0 1 1 0 1 0 0 1 0 0 0 1 1 0 0 1 1 0 1 0 0 1 1 0 1]
Reconstruido --> [0 0 1 1 1 1 0 0 0 1 1 1 1 1 1 1 1 0 0 0 1 1 1 1 0 1 1 0 1 0 1 0] | Precisión: 0.38
Distancia de Hamming: 20
--------------------------------------------------
Original     --> [1 1 0 1 0 0 0 0 1 1 0 1 1 0 0 0 0 1 1 1 0 0 0 1 0 1 1 0 0 1 0 0]
Reconstruido --> [0 1 1 0 1 1 1 0 0 1 1 0 1 1 1 1 1 0 1 0 1 0 1 1 0 1 1 0 1 0 1 0] | Precisión: 0.38
Distancia de Hamming: 20
--------------------------------------------------
Original     --> [0 0 0 1 1 1 0 0 0 0 1 0 0 0 0 1 1 0 0 1 1 1 0 1 1 1 0 1 0 1 0 0]
Reconstruido --> [0 0 1 0 1 1 0 0 0 1 1 1 0 1 1 0 1 0 0 0 1 0 1 1 0 1 1 0 1 0 0 1] | Precisión: 0.50
Distancia de Hamming: 16
--------------------------------------------------
Original     --> [0 1 1 1 1 0 0 0 1 1 0 1 0 0 0 1 1 0 1 0 0 1 0 0 1 1 0 0 1 0 1 0]
Reconstruido --> [0 1 0 1 1 1 0 0 0 1 1 0 1 1 1 1 1 0 1 0 1 0 1 1 0 1 0 0 1 0 0 0] | Precisión: 0.56
Distancia de Hamming: 14
--------------------------------------------------
Original     --> [0 1 0 1 1 0 0 1 0 0 0 1 1 0 1 0 0 0 0 1 0 1 1 1 0 1 1 0 1 1 1 1]
Reconstruido --> [0 0 1 1 1 1 1 0 0 1 1 1 1 1 1 1 1 0 0 0 1 1 1 1 0 0 0 0 1 0 1 0] | Precisión: 0.50
Distancia de Hamming: 16
--------------------------------------------------
Original     --> [0 1 1 0 0 0 0 0 0 0 0 0 1 1 0 0 1 0 1 0 0 1 0 0 0 1 0 1 0 1 1 1]
Reconstruido --> [0 0 1 1 1 1 0 0 0 1 1 1 1 1 1 1 1 0 1 0 1 0 1 1 0 1 0 0 1 0 0 0] | Precisión: 0.44
Distancia de Hamming: 18
--------------------------------------------------
Original     --> [1 1 0 0 0 0 0 0 0 1 0 0 1 0 1 1 0 0 0 1 0 0 1 1 1 1 0 0 1 1 1 0]
Reconstruido --> [0 0 1 1 1 1 0 0 0 1 1 0 1 1 1 0 1 0 1 0 1 0 1 0 0 1 1 0 1 0 0 0] | Precisión: 0.44
Distancia de Hamming: 18
--------------------------------------------------
Original     --> [1 0 1 0 1 1 0 0 0 1 1 1 0 0 1 1 1 0 0 0 1 1 1 1 0 0 0 1 0 1 0 1]
Reconstruido --> [0 0 1 0 1 1 0 0 0 1 1 1 1 1 1 1 1 0 1 0 1 1 1 1 0 0 1 0 1 0 1 0] | Precisión: 0.69
Distancia de Hamming: 10
--------------------------------------------------
Original     --> [1 1 1 1 1 0 1 1 0 1 0 1 0 1 0 1 1 1 0 0 0 0 0 1 1 0 1 0 0 0 0 0]
Reconstruido --> [0 0 0 0 1 1 0 0 0 1 1 0 0 1 1 0 1 0 0 1 1 1 1 1 0 0 0 1 1 0 0 1] | Precisión: 0.34
Distancia de Hamming: 21
--------------------------------------------------
La media de la precisión del descifrado es 0.4948
Distancia media de Hamming = 16.1660 | Número de bits: 32
Número de reconstrucciones perfectas = 0



EVALUACIÓN CON 2400:

Original     --> [1 0 0 0 0 1 1 1 0 0 1 0 1 0 1 0 1 0 1 0 1 0 1 0 1 1 0 1 1 0 1 0]
Reconstruido --> [1 1 1 0 0 0 0 1 1 0 0 0 0 0 0 0 0 0 1 0 1 0 1 0 0 1 0 1 0 0 1 1] | Precisión: 0.62
Distancia de Hamming: 12
--------------------------------------------------
Original     --> [1 1 0 0 1 1 1 0 0 0 0 1 0 1 0 1 1 1 0 0 1 0 1 0 0 0 0 1 1 1 1 1]
Reconstruido --> [1 1 0 0 0 0 0 1 0 0 1 0 0 1 0 0 0 1 1 0 1 0 1 0 0 1 1 1 0 0 1 1] | Precisión: 0.59
Distancia de Hamming: 13
--------------------------------------------------
Original     --> [0 1 1 0 0 0 1 0 1 0 1 0 0 0 0 0 0 0 1 1 1 1 1 0 0 1 0 0 0 0 0 1]
Reconstruido --> [1 0 1 0 0 1 0 1 0 0 1 0 0 1 0 0 0 1 1 1 1 0 1 0 0 1 1 1 0 1 1 1] | Precisión: 0.59
Distancia de Hamming: 13
--------------------------------------------------
Original     --> [0 1 1 0 1 0 0 0 0 0 1 0 1 1 0 0 1 0 1 1 1 0 1 0 1 0 1 1 1 1 1 1]
Reconstruido --> [1 0 1 0 0 0 0 1 1 0 1 0 0 1 0 0 0 1 1 0 1 0 0 0 0 1 0 1 0 0 1 1] | Precisión: 0.53
Distancia de Hamming: 15
--------------------------------------------------
Original     --> [0 0 0 1 0 0 0 1 1 1 1 0 1 0 0 1 1 0 0 1 0 1 1 1 0 0 0 1 0 0 0 0]
Reconstruido --> [1 1 1 0 0 1 0 1 1 0 1 0 0 0 0 0 0 1 1 1 1 0 0 0 0 1 0 1 0 0 1 1] | Precisión: 0.44
Distancia de Hamming: 18
--------------------------------------------------
Original     --> [1 1 0 0 1 1 1 1 0 0 0 1 0 0 1 0 1 0 1 0 0 1 1 1 0 1 0 0 1 0 0 0]
Reconstruido --> [0 1 0 0 1 0 0 0 0 0 0 0 1 1 0 0 0 1 1 0 1 0 0 0 0 1 0 1 0 0 1 1] | Precisión: 0.44
Distancia de Hamming: 18
--------------------------------------------------
Original     --> [0 0 0 0 0 1 0 1 0 1 1 1 0 1 1 0 0 0 1 1 0 0 0 1 1 1 0 1 0 1 0 0]
Reconstruido --> [1 1 0 0 0 0 0 1 0 0 1 0 0 1 0 0 0 0 1 0 1 0 0 1 0 1 0 1 0 0 1 1] | Precisión: 0.62
Distancia de Hamming: 12
--------------------------------------------------
Original     --> [1 0 0 1 0 1 1 0 1 1 0 0 0 0 0 1 0 0 0 1 1 0 1 0 1 1 0 1 0 0 0 0]
Reconstruido --> [1 0 1 0 0 0 0 1 0 0 1 0 0 1 0 0 0 0 1 0 1 0 0 0 0 1 1 1 0 0 1 1] | Precisión: 0.47
Distancia de Hamming: 17
--------------------------------------------------
Original     --> [1 0 0 0 1 1 1 1 1 1 1 1 0 0 0 0 1 1 1 1 1 1 1 1 0 0 0 0 1 1 1 1]
Reconstruido --> [1 0 1 0 0 0 0 1 1 0 1 0 0 1 0 0 0 0 1 1 1 0 0 0 0 1 0 1 0 0 1 1] | Precisión: 0.50
Distancia de Hamming: 16
--------------------------------------------------
Original     --> [1 0 1 0 1 0 0 0 1 0 0 1 1 1 1 0 0 0 0 0 0 0 0 1 1 1 1 0 0 0 1 1]
Reconstruido --> [1 1 1 0 0 0 0 0 1 0 1 0 1 0 0 1 0 1 1 0 1 0 0 0 0 1 0 1 0 0 0 0] | Precisión: 0.50
Distancia de Hamming: 16
--------------------------------------------------
La media de la precisión del descifrado es 0.5005
Distancia media de Hamming = 15.9850 | Número de bits: 32
Número de reconstrucciones perfectas = 0



EVALUACIÓN CON 2700:

Original     --> [0 1 1 0 1 1 1 1 0 1 0 0 1 0 0 0 1 0 0 0 0 0 1 1 0 1 1 1 0 0 1 1]
Reconstruido --> [0 1 1 1 0 1 0 1 0 1 1 1 0 0 0 0 1 1 1 0 1 0 0 1 1 1 0 0 1 0 1 0] | Precisión: 0.53
Distancia de Hamming: 15
--------------------------------------------------
Original     --> [1 0 0 1 0 1 0 1 1 1 1 0 0 1 1 0 0 1 1 0 1 0 0 0 0 0 0 0 1 0 1 0]
Reconstruido --> [1 1 0 1 0 0 1 1 0 1 0 1 1 1 0 0 1 1 1 0 0 0 0 0 1 0 0 0 1 0 0 0] | Precisión: 0.62
Distancia de Hamming: 12
--------------------------------------------------
Original     --> [1 0 1 1 1 0 0 1 0 0 0 0 0 0 0 1 0 0 0 1 1 1 0 1 1 1 1 0 1 1 1 0]
Reconstruido --> [1 1 0 1 0 0 1 0 0 1 0 1 0 1 0 0 1 1 1 0 0 0 0 1 1 1 0 0 0 0 0 0] | Precisión: 0.41
Distancia de Hamming: 19
--------------------------------------------------
Original     --> [0 1 1 1 0 0 1 1 1 0 1 1 1 1 1 1 1 1 1 1 0 1 0 0 0 1 1 1 1 0 0 0]
Reconstruido --> [1 1 0 1 0 0 1 1 0 1 1 1 0 1 0 0 1 1 1 0 0 0 1 1 1 0 0 0 1 0 0 0] | Precisión: 0.53
Distancia de Hamming: 15
--------------------------------------------------
Original     --> [1 0 0 0 0 1 1 0 1 1 0 1 1 1 0 1 0 1 0 0 0 0 0 0 1 0 1 1 0 1 0 0]
Reconstruido --> [0 1 0 1 0 1 1 0 0 1 1 1 0 1 0 0 1 1 1 0 0 0 0 1 1 1 0 0 1 0 0 1] | Precisión: 0.50
Distancia de Hamming: 16
--------------------------------------------------
Original     --> [0 1 0 0 0 0 0 1 1 1 1 0 0 1 1 1 0 1 0 0 0 1 0 1 1 1 0 1 1 1 0 1]
Reconstruido --> [1 1 1 1 0 0 1 1 0 1 1 1 0 1 0 1 1 1 1 0 0 0 0 1 1 1 0 0 1 0 0 0] | Precisión: 0.59
Distancia de Hamming: 13
--------------------------------------------------
Original     --> [0 0 0 1 0 1 1 1 1 1 1 1 1 0 1 0 0 1 0 1 0 0 1 0 1 0 0 0 1 1 1 1]
Reconstruido --> [1 1 0 1 0 1 1 1 0 1 1 1 1 1 0 0 1 1 1 0 0 0 0 0 1 0 0 0 1 0 0 0] | Precisión: 0.62
Distancia de Hamming: 12
--------------------------------------------------
Original     --> [1 1 0 1 1 0 1 0 1 1 0 0 0 0 0 1 0 1 1 0 0 1 1 0 1 0 1 1 1 1 1 1]
Reconstruido --> [1 1 1 1 0 1 1 0 0 1 0 1 1 0 0 1 1 1 1 0 0 0 0 1 1 1 0 0 1 0 0 0] | Precisión: 0.50
Distancia de Hamming: 16
--------------------------------------------------
Original     --> [1 1 0 0 1 1 0 1 0 0 1 0 0 0 1 0 1 0 1 0 1 1 1 0 1 1 1 0 1 0 0 0]
Reconstruido --> [0 1 1 1 0 1 1 0 0 1 1 1 0 0 0 0 1 1 1 0 1 0 0 1 1 1 0 0 1 0 1 0] | Precisión: 0.53
Distancia de Hamming: 15
--------------------------------------------------
Original     --> [0 0 1 1 0 1 1 1 1 0 1 1 0 1 0 0 0 0 0 1 1 0 0 1 0 1 0 1 0 1 0 0]
Reconstruido --> [1 1 1 1 0 0 1 0 0 0 1 1 0 1 0 0 1 1 1 0 0 0 0 0 1 1 0 1 1 0 0 0] | Precisión: 0.56
Distancia de Hamming: 14
--------------------------------------------------
La media de la precisión del descifrado es 0.5010
Distancia media de Hamming = 15.9664 | Número de bits: 32
Número de reconstrucciones perfectas = 0



EVALUACIÓN CON 3000:

Original     --> [0 1 0 0 0 1 0 0 1 1 0 1 0 1 0 0 0 1 1 1 0 1 0 0 1 0 0 0 1 0 0 1]
Reconstruido --> [1 0 1 0 1 0 0 1 0 0 1 1 0 0 0 1 1 0 0 1 0 1 0 0 1 1 0 1 1 1 0 1] | Precisión: 0.47
Distancia de Hamming: 17
--------------------------------------------------
Original     --> [1 1 0 1 0 1 1 1 1 1 0 1 0 1 1 0 1 0 0 0 0 1 0 0 0 0 0 0 0 0 1 1]
Reconstruido --> [1 1 0 0 1 0 0 0 1 0 0 1 0 0 0 1 1 0 0 0 0 1 0 0 1 0 0 1 1 1 0 0] | Precisión: 0.53
Distancia de Hamming: 15
--------------------------------------------------
Original     --> [0 1 0 1 0 1 1 1 1 1 1 1 1 0 0 0 0 0 1 1 0 1 1 1 1 0 1 1 1 1 0 0]
Reconstruido --> [1 0 0 0 1 0 1 0 1 0 0 1 0 1 0 1 1 0 1 0 1 1 0 0 1 0 0 1 1 1 0 0] | Precisión: 0.47
Distancia de Hamming: 17
--------------------------------------------------
Original     --> [1 0 0 0 0 0 0 1 0 1 1 0 1 1 0 0 0 1 0 0 0 0 0 1 0 1 0 1 0 1 0 1]
Reconstruido --> [0 1 0 0 0 0 1 0 1 0 0 1 0 0 0 1 1 0 1 0 1 1 0 0 1 0 1 1 1 1 0 0] | Precisión: 0.31
Distancia de Hamming: 22
--------------------------------------------------
Original     --> [0 0 1 1 0 1 1 1 1 1 1 1 0 1 1 0 1 1 0 1 1 0 0 1 1 1 0 1 0 0 0 0]
Reconstruido --> [1 0 1 1 0 0 0 0 0 0 0 1 0 0 1 1 1 0 0 0 1 1 0 0 1 1 1 1 1 0 0 0] | Precisión: 0.53
Distancia de Hamming: 15
--------------------------------------------------
Original     --> [1 0 0 1 1 1 1 1 0 0 1 1 1 1 0 1 1 0 1 0 1 0 1 1 1 1 0 1 0 1 1 1]
Reconstruido --> [0 1 0 0 1 0 0 0 1 0 1 1 0 0 0 1 1 0 1 0 0 1 0 0 1 0 0 1 1 1 0 0] | Precisión: 0.47
Distancia de Hamming: 17
--------------------------------------------------
Original     --> [1 0 0 1 0 1 0 0 0 0 0 1 1 0 1 0 1 1 1 0 0 1 1 1 0 1 1 0 0 1 1 0]
Reconstruido --> [0 0 0 0 1 0 0 0 1 0 0 1 0 0 0 1 1 0 1 0 1 1 0 0 1 0 0 1 1 0 0 0] | Precisión: 0.41
Distancia de Hamming: 19
--------------------------------------------------
Original     --> [0 1 1 0 0 1 1 1 0 1 0 0 1 1 1 1 1 0 0 0 1 0 1 1 1 1 1 0 1 1 1 0]
Reconstruido --> [1 0 0 0 1 0 0 0 1 0 0 1 0 0 0 1 1 0 0 0 0 1 0 0 1 1 0 1 1 1 1 0] | Precisión: 0.41
Distancia de Hamming: 19
--------------------------------------------------
Original     --> [0 1 0 1 0 0 0 1 1 0 0 1 1 0 1 0 0 0 0 1 1 0 0 1 1 1 0 1 1 1 0 1]
Reconstruido --> [0 0 1 0 1 0 1 0 1 0 0 1 0 0 0 1 1 0 1 0 1 1 0 0 1 1 0 1 1 1 0 0] | Precisión: 0.53
Distancia de Hamming: 15
--------------------------------------------------
Original     --> [1 0 0 1 1 1 0 1 0 0 1 0 1 1 1 0 1 0 0 1 0 1 0 1 0 0 1 0 1 1 1 0]
Reconstruido --> [0 0 0 0 1 0 1 0 1 0 0 1 0 0 0 1 1 0 1 0 1 1 0 0 1 0 0 1 1 1 0 0] | Precisión: 0.38
Distancia de Hamming: 20
--------------------------------------------------
La media de la precisión del descifrado es 0.5034
Distancia media de Hamming = 15.8903 | Número de bits: 32
Número de reconstrucciones perfectas = 0



EVALUACIÓN CON 3300:

Original     --> [0 1 0 0 0 1 1 0 0 0 0 1 1 0 0 1 0 0 0 1 1 0 1 0 0 0 1 0 0 1 1 0]
Reconstruido --> [0 1 0 0 1 1 0 0 0 0 1 0 0 0 0 1 0 1 0 0 0 1 1 1 0 1 1 0 0 0 0 0] | Precisión: 0.59
Distancia de Hamming: 13
--------------------------------------------------
Original     --> [0 0 1 0 0 0 0 1 1 1 0 1 0 0 1 1 0 1 0 1 1 0 0 0 1 0 0 1 0 0 1 1]
Reconstruido --> [0 1 1 0 0 1 1 0 0 0 1 0 0 0 0 1 0 1 0 0 0 1 1 0 0 0 1 0 1 0 0 0] | Precisión: 0.41
Distancia de Hamming: 19
--------------------------------------------------
Original     --> [0 0 1 0 0 0 0 1 0 1 1 1 1 0 1 0 1 0 0 0 1 1 0 1 0 1 1 0 1 1 0 0]
Reconstruido --> [0 1 1 0 0 1 0 1 0 1 0 0 0 1 0 1 0 1 0 0 0 1 1 1 0 1 1 0 1 0 1 1] | Precisión: 0.53
Distancia de Hamming: 15
--------------------------------------------------
Original     --> [0 1 0 0 1 1 1 0 0 0 0 0 0 0 1 0 0 1 0 0 0 1 1 0 0 0 0 1 1 1 0 1]
Reconstruido --> [0 1 1 0 1 1 1 1 0 0 0 0 0 0 0 1 0 1 0 0 0 1 1 1 0 1 1 0 1 0 1 0] | Precisión: 0.66
Distancia de Hamming: 11
--------------------------------------------------
Original     --> [1 1 0 0 1 0 1 0 0 1 0 0 1 0 1 0 0 1 0 0 0 1 1 1 0 0 1 0 1 1 0 1]
Reconstruido --> [0 1 1 0 0 1 0 1 0 0 0 0 0 0 0 1 0 1 0 0 0 1 1 1 0 1 1 0 1 0 1 0] | Precisión: 0.56
Distancia de Hamming: 14
--------------------------------------------------
Original     --> [1 0 0 1 1 1 0 0 0 0 0 1 0 0 0 1 0 0 0 1 0 1 0 1 0 1 1 1 1 0 0 0]
Reconstruido --> [0 1 1 0 0 1 0 1 0 0 1 0 0 0 0 1 0 1 0 0 0 1 0 0 0 1 1 0 1 0 1 1] | Precisión: 0.56
Distancia de Hamming: 14
--------------------------------------------------
Original     --> [1 0 1 1 1 1 1 1 0 0 0 1 1 1 1 0 0 0 0 0 0 1 0 0 0 0 1 1 1 1 1 0]
Reconstruido --> [0 1 1 0 1 1 1 0 0 0 1 0 0 1 0 1 0 1 0 0 0 1 0 0 0 1 1 0 1 0 1 1] | Precisión: 0.56
Distancia de Hamming: 14
--------------------------------------------------
Original     --> [0 0 1 0 1 0 0 0 1 1 1 1 0 0 0 1 0 1 0 1 0 1 1 1 1 0 1 1 0 1 1 1]
Reconstruido --> [0 1 1 0 0 1 0 0 0 0 1 0 0 0 0 1 0 1 0 0 0 1 0 0 0 0 1 0 1 0 0 0] | Precisión: 0.53
Distancia de Hamming: 15
--------------------------------------------------
Original     --> [1 1 1 1 0 0 0 0 0 0 1 1 0 1 0 0 1 1 0 1 0 1 0 0 0 1 0 0 0 1 0 0]
Reconstruido --> [0 1 1 1 1 1 1 0 0 0 0 0 0 0 0 0 0 1 0 0 0 1 1 1 0 0 1 0 0 0 0 0] | Precisión: 0.56
Distancia de Hamming: 14
--------------------------------------------------
Original     --> [0 1 1 0 1 0 1 0 1 0 1 0 0 0 0 0 0 1 1 0 1 0 1 1 0 1 0 1 0 1 1 1]
Reconstruido --> [0 1 1 0 0 1 0 0 0 0 0 0 0 0 0 1 0 1 0 0 0 1 1 1 0 1 1 0 1 0 1 0] | Precisión: 0.56
Distancia de Hamming: 14
--------------------------------------------------
La media de la precisión del descifrado es 0.5045
Distancia media de Hamming = 15.8559 | Número de bits: 32
Número de reconstrucciones perfectas = 0



EVALUACIÓN CON 3600:

Original     --> [0 1 1 1 0 0 1 1 1 0 0 1 1 0 1 1 0 0 0 1 0 1 1 0 1 1 0 0 1 1 0 1]
Reconstruido --> [1 0 1 1 1 0 1 1 1 1 0 0 1 0 0 0 1 1 0 0 1 1 0 0 0 1 1 1 0 1 1 0] | Precisión: 0.44
Distancia de Hamming: 18
--------------------------------------------------
Original     --> [1 1 0 1 0 0 1 1 1 1 1 0 0 1 1 0 1 1 0 0 1 0 1 1 0 1 0 0 1 1 1 1]
Reconstruido --> [0 0 1 1 1 1 0 1 1 1 0 1 0 0 1 1 1 1 1 0 0 1 0 0 1 1 1 1 0 1 0 0] | Precisión: 0.34
Distancia de Hamming: 21
--------------------------------------------------
Original     --> [0 1 0 1 1 0 1 0 0 1 1 1 1 1 0 0 1 1 0 0 1 0 0 0 1 0 1 1 0 1 1 0]
Reconstruido --> [0 0 1 0 1 1 0 1 0 1 1 0 0 0 0 0 1 1 1 1 1 1 0 0 1 1 0 1 0 1 0 0] | Precisión: 0.53
Distancia de Hamming: 15
--------------------------------------------------
Original     --> [1 0 0 1 1 1 0 0 0 1 0 0 1 0 1 0 0 1 0 1 0 1 1 0 0 0 0 0 0 1 1 0]
Reconstruido --> [1 0 1 0 1 0 0 1 1 1 0 1 0 1 0 0 1 1 1 1 1 1 0 0 0 1 1 1 0 1 1 0] | Precisión: 0.50
Distancia de Hamming: 16
--------------------------------------------------
Original     --> [0 1 1 1 1 1 1 1 0 0 0 1 0 0 1 1 0 0 1 0 1 0 0 1 1 0 0 0 1 0 1 1]
Reconstruido --> [1 0 1 1 1 0 0 1 1 1 0 0 0 1 0 0 1 1 0 0 0 1 0 0 0 1 1 1 0 1 1 0] | Precisión: 0.28
Distancia de Hamming: 23
--------------------------------------------------
Original     --> [0 1 1 1 0 1 1 1 0 1 0 1 0 1 1 1 0 0 0 1 1 1 0 0 0 1 0 0 1 1 0 0]
Reconstruido --> [1 0 1 1 1 0 0 1 0 1 0 0 1 0 0 0 1 1 0 1 0 1 0 0 1 1 1 1 0 1 0 1] | Precisión: 0.44
Distancia de Hamming: 18
--------------------------------------------------
Original     --> [1 0 0 0 1 0 1 0 0 0 0 1 0 0 0 0 0 0 1 1 0 1 1 1 0 0 1 1 1 0 1 0]
Reconstruido --> [0 0 1 0 1 1 0 1 1 1 0 1 0 0 0 0 1 1 0 1 0 1 0 0 1 1 1 1 0 1 0 0] | Precisión: 0.47
Distancia de Hamming: 17
--------------------------------------------------
Original     --> [0 1 1 1 1 0 1 0 0 1 1 1 0 0 0 0 1 1 1 0 0 0 0 0 1 1 0 0 1 0 0 0]
Reconstruido --> [1 0 1 1 1 1 0 1 0 0 1 1 0 0 0 1 1 1 1 0 1 1 1 0 1 1 1 1 0 1 0 0] | Precisión: 0.56
Distancia de Hamming: 14
--------------------------------------------------
Original     --> [0 0 1 0 0 0 0 1 0 1 1 1 1 0 1 0 0 1 0 1 0 1 0 0 0 1 0 0 1 0 0 0]
Reconstruido --> [1 0 1 1 1 0 0 1 1 1 1 0 1 0 0 0 1 1 1 1 0 1 0 0 1 1 1 1 0 1 0 0] | Precisión: 0.59
Distancia de Hamming: 13
--------------------------------------------------
Original     --> [0 1 1 1 0 0 0 1 1 0 1 0 0 0 1 0 1 1 0 1 0 0 1 0 0 1 1 1 1 1 1 1]
Reconstruido --> [0 0 1 1 1 0 0 1 0 1 0 1 1 0 0 1 0 1 0 1 0 1 0 1 1 1 1 1 0 1 0 1] | Precisión: 0.50
Distancia de Hamming: 16
--------------------------------------------------
La media de la precisión del descifrado es 0.5032
Distancia media de Hamming = 15.8987 | Número de bits: 32
Número de reconstrucciones perfectas = 0



EVALUACIÓN CON 3900:

Original     --> [1 0 0 0 0 0 0 0 0 0 0 1 1 1 0 0 0 0 1 0 1 0 0 1 0 1 0 0 1 0 1 0]
Reconstruido --> [1 1 0 0 0 0 0 0 0 1 0 0 0 0 1 0 0 0 1 1 0 1 0 0 1 0 1 1 0 0 1 1] | Precisión: 0.50
Distancia de Hamming: 16
--------------------------------------------------
Original     --> [1 0 1 0 0 1 1 1 1 0 1 1 1 1 0 1 1 0 1 0 1 0 0 0 0 0 1 0 0 1 1 1]
Reconstruido --> [1 1 0 1 1 0 0 0 0 1 0 0 0 0 1 1 0 0 1 1 1 1 0 0 1 0 0 1 0 0 1 1] | Precisión: 0.34
Distancia de Hamming: 21
--------------------------------------------------
Original     --> [0 1 1 1 1 0 0 1 1 0 0 1 0 0 0 1 0 0 1 0 1 1 0 1 0 1 0 0 0 0 1 1]
Reconstruido --> [1 1 0 1 0 0 0 0 0 1 0 1 0 0 1 1 0 0 1 1 1 1 1 0 1 0 1 1 0 0 1 1] | Precisión: 0.56
Distancia de Hamming: 14
--------------------------------------------------
Original     --> [0 0 0 1 0 0 0 1 0 1 1 1 0 0 0 1 0 0 1 1 1 1 0 0 0 1 0 0 0 0 1 1]
Reconstruido --> [1 1 0 1 1 0 0 0 0 1 0 1 0 0 1 1 0 0 1 1 1 1 1 0 1 0 1 1 0 0 1 1] | Precisión: 0.66
Distancia de Hamming: 11
--------------------------------------------------
Original     --> [0 1 1 1 0 0 1 1 0 1 0 0 1 1 1 0 1 1 1 1 1 0 1 1 0 0 0 0 0 0 0 0]
Reconstruido --> [1 1 0 1 0 1 0 0 0 1 0 0 1 0 1 0 0 0 1 1 1 1 1 0 0 0 0 1 0 0 1 1] | Precisión: 0.59
Distancia de Hamming: 13
--------------------------------------------------
Original     --> [1 1 0 1 1 1 0 1 0 0 1 0 1 1 0 1 1 0 0 0 0 0 1 0 1 0 0 0 1 1 0 1]
Reconstruido --> [1 0 0 1 0 0 0 0 0 1 0 1 0 0 0 1 0 1 1 1 1 1 1 0 0 0 0 1 0 0 1 0] | Precisión: 0.34
Distancia de Hamming: 21
--------------------------------------------------
Original     --> [0 0 0 1 0 1 1 0 1 1 1 1 1 0 1 0 1 0 0 1 0 1 0 1 1 0 1 0 0 0 0 0]
Reconstruido --> [1 1 0 1 0 0 0 0 0 1 0 1 0 0 1 1 0 0 1 1 1 1 1 1 1 0 1 1 0 0 1 1] | Precisión: 0.53
Distancia de Hamming: 15
--------------------------------------------------
Original     --> [0 0 0 1 1 1 1 0 0 1 0 0 1 1 0 1 0 0 0 0 1 0 0 1 0 1 0 1 0 0 0 1]
Reconstruido --> [1 0 0 1 0 0 0 0 0 1 0 1 0 0 1 1 0 0 1 1 0 1 1 0 1 0 0 1 0 0 1 1] | Precisión: 0.47
Distancia de Hamming: 17
--------------------------------------------------
Original     --> [1 0 0 1 1 0 0 0 1 1 1 1 0 0 0 0 1 0 0 1 1 0 0 1 1 0 0 0 0 1 1 1]
Reconstruido --> [1 1 0 1 0 0 0 0 0 1 0 1 0 0 0 1 0 0 1 1 1 1 1 0 0 0 1 1 0 0 1 1] | Precisión: 0.56
Distancia de Hamming: 14
--------------------------------------------------
Original     --> [0 0 0 1 0 1 0 1 1 0 1 1 1 1 0 1 1 0 1 0 0 1 0 1 1 1 1 1 1 1 0 1]
Reconstruido --> [1 1 0 0 1 0 0 0 0 1 0 0 0 0 1 0 0 0 1 1 1 1 1 0 1 0 1 1 0 0 1 1] | Precisión: 0.28
Distancia de Hamming: 23
--------------------------------------------------
La media de la precisión del descifrado es 0.4901
Distancia media de Hamming = 16.3165 | Número de bits: 32
Número de reconstrucciones perfectas = 0



EVALUACIÓN CON 4200:

Original     --> [0 1 1 0 0 1 1 0 1 0 1 1 0 0 0 0 0 1 1 0 0 1 1 0 1 0 0 0 0 0 0 1]
Reconstruido --> [0 0 0 0 0 0 0 0 1 1 1 1 0 1 1 0 1 0 1 0 1 1 0 1 0 1 1 1 1 0 0 0] | Precisión: 0.44
Distancia de Hamming: 18
--------------------------------------------------
Original     --> [1 1 1 0 0 1 0 0 0 0 1 0 0 0 1 1 0 0 1 1 1 0 0 0 1 0 0 1 0 1 0 0]
Reconstruido --> [1 0 0 0 0 0 0 0 1 1 0 1 1 1 1 0 1 1 1 0 1 1 0 0 0 0 0 0 1 0 0 1] | Precisión: 0.41
Distancia de Hamming: 19
--------------------------------------------------
Original     --> [1 0 0 0 0 1 0 0 1 1 1 1 1 1 1 0 1 0 0 1 0 1 1 0 0 1 1 1 1 1 1 1]
Reconstruido --> [1 0 0 0 0 0 0 0 1 1 0 1 1 1 1 1 1 0 1 0 1 1 0 1 0 0 0 1 1 0 0 0] | Precisión: 0.59
Distancia de Hamming: 13
--------------------------------------------------
Original     --> [1 1 1 1 0 1 1 0 0 1 0 0 1 0 1 0 0 0 0 1 0 0 0 0 1 1 0 0 1 0 1 1]
Reconstruido --> [0 0 1 0 0 0 0 0 1 1 0 1 0 1 0 0 1 1 1 0 1 1 0 0 0 1 0 0 1 0 0 0] | Precisión: 0.41
Distancia de Hamming: 19
--------------------------------------------------
Original     --> [0 0 0 0 1 0 0 0 1 1 1 1 1 1 0 1 1 1 0 0 1 0 0 0 0 0 1 0 1 1 0 1]
Reconstruido --> [1 0 0 1 0 1 0 0 1 1 1 1 0 1 1 1 1 1 1 0 1 1 0 0 0 0 0 1 1 0 0 0] | Precisión: 0.62
Distancia de Hamming: 12
--------------------------------------------------
Original     --> [0 1 1 0 1 0 1 0 1 1 0 1 1 1 0 0 1 1 1 0 1 0 0 0 0 1 1 1 0 1 0 0]
Reconstruido --> [0 0 0 1 0 0 0 0 1 1 0 1 1 1 0 1 1 0 1 0 0 1 0 1 0 0 0 1 1 1 0 1] | Precisión: 0.56
Distancia de Hamming: 14
--------------------------------------------------
Original     --> [0 0 0 1 1 0 1 1 1 0 0 0 0 0 1 0 1 0 1 1 1 0 1 0 0 1 1 0 0 1 0 1]
Reconstruido --> [1 0 0 0 0 0 0 0 1 1 0 1 0 1 0 0 1 1 1 0 1 1 0 1 0 1 1 0 1 0 0 0] | Precisión: 0.47
Distancia de Hamming: 17
--------------------------------------------------
Original     --> [1 1 0 0 0 1 0 1 1 0 0 0 0 1 0 1 0 0 1 0 0 0 0 0 0 0 1 1 0 1 1 0]
Reconstruido --> [1 0 1 0 0 0 0 0 1 1 0 0 1 1 0 0 1 1 1 0 1 1 0 0 0 0 0 0 1 0 0 1] | Precisión: 0.47
Distancia de Hamming: 17
--------------------------------------------------
Original     --> [1 1 1 1 1 1 0 1 0 1 0 1 0 0 0 0 0 1 1 1 1 0 0 1 1 1 1 0 1 0 1 0]
Reconstruido --> [1 0 0 0 0 0 0 0 1 1 0 0 1 1 0 0 1 1 1 0 1 1 0 1 0 1 1 0 1 0 0 1] | Precisión: 0.50
Distancia de Hamming: 16
--------------------------------------------------
Original     --> [0 1 1 0 1 1 1 1 1 1 1 1 1 0 1 0 0 0 0 0 1 1 0 1 1 1 0 0 0 0 0 0]
Reconstruido --> [0 0 0 0 0 0 0 0 1 1 0 1 1 1 0 0 1 1 1 0 1 0 0 1 0 1 0 1 1 0 0 1] | Precisión: 0.47
Distancia de Hamming: 17
--------------------------------------------------
La media de la precisión del descifrado es 0.5047
Distancia media de Hamming = 15.8502 | Número de bits: 32
Número de reconstrucciones perfectas = 0



EVALUACIÓN CON 4500:

Original     --> [0 0 1 0 0 0 0 0 1 0 1 0 0 0 0 0 0 0 1 1 0 0 1 0 1 0 1 1 0 1 0 0]
Reconstruido --> [1 0 0 1 0 0 0 1 0 0 0 0 1 0 0 1 0 0 1 1 0 1 0 0 1 0 0 0 0 1 0 1] | Precisión: 0.59
Distancia de Hamming: 13
--------------------------------------------------
Original     --> [1 1 1 1 1 1 1 1 1 1 1 0 1 0 0 1 0 1 0 0 1 1 0 0 1 1 0 1 0 1 1 0]
Reconstruido --> [1 0 1 0 1 0 0 1 0 1 1 0 0 0 1 1 0 0 1 1 0 0 1 0 1 0 1 0 0 0 0 0] | Precisión: 0.44
Distancia de Hamming: 18
--------------------------------------------------
Original     --> [1 1 0 1 0 0 1 0 1 1 1 0 0 0 1 1 1 1 0 0 0 0 1 1 1 1 0 1 0 1 1 1]
Reconstruido --> [0 0 1 1 0 0 0 1 0 1 1 0 1 0 0 1 0 0 1 1 0 1 0 0 1 0 0 1 0 0 0 0] | Precisión: 0.41
Distancia de Hamming: 19
--------------------------------------------------
Original     --> [1 1 0 1 1 0 0 1 1 0 1 0 1 1 0 0 1 0 0 1 1 1 0 1 1 0 0 1 1 0 1 0]
Reconstruido --> [1 0 0 0 1 0 0 0 0 1 0 0 0 1 0 1 0 1 1 1 0 0 1 1 1 1 1 0 0 1 0 0] | Precisión: 0.38
Distancia de Hamming: 20
--------------------------------------------------
Original     --> [0 1 0 0 0 1 0 0 1 1 0 0 0 0 0 0 1 0 1 1 1 1 1 1 0 0 1 1 0 0 1 1]
Reconstruido --> [1 0 0 0 0 0 0 0 0 1 1 0 1 0 0 1 0 0 1 1 0 1 0 0 1 0 0 0 0 1 0 1] | Precisión: 0.50
Distancia de Hamming: 16
--------------------------------------------------
Original     --> [1 1 0 0 0 1 1 0 0 0 1 0 1 0 0 1 0 1 1 1 1 0 1 0 0 1 1 1 1 1 0 1]
Reconstruido --> [1 0 0 0 0 0 0 0 0 1 1 0 1 0 0 1 0 0 1 0 0 1 0 1 1 1 1 0 0 1 0 1] | Precisión: 0.59
Distancia de Hamming: 13
--------------------------------------------------
Original     --> [0 0 1 1 0 1 0 0 0 1 0 1 1 1 0 0 0 0 1 1 1 0 0 1 0 1 0 0 0 0 1 1]
Reconstruido --> [1 0 1 1 0 0 0 1 0 0 0 0 1 0 0 1 0 0 0 1 0 1 0 0 1 0 0 1 0 0 0 1] | Precisión: 0.53
Distancia de Hamming: 15
--------------------------------------------------
Original     --> [0 0 0 1 1 1 0 1 0 0 0 1 1 1 0 0 0 1 1 1 0 0 1 0 1 1 1 0 1 0 1 0]
Reconstruido --> [0 0 1 1 0 0 0 0 0 0 0 0 1 0 0 1 0 0 0 0 0 1 0 0 1 0 0 1 0 0 1 0] | Precisión: 0.50
Distancia de Hamming: 16
--------------------------------------------------
Original     --> [1 0 0 1 1 1 1 0 0 1 0 0 1 1 0 0 0 0 1 1 0 1 0 0 0 1 0 0 0 1 0 1]
Reconstruido --> [1 0 1 1 1 0 0 0 0 1 1 0 1 0 0 1 0 1 1 1 1 1 0 0 1 0 1 0 0 0 1 1] | Precisión: 0.59
Distancia de Hamming: 13
--------------------------------------------------
Original     --> [1 1 1 1 1 1 1 0 1 1 1 0 0 0 0 0 0 0 0 1 0 1 1 1 0 0 1 1 1 1 0 0]
Reconstruido --> [1 0 1 0 1 0 0 0 0 1 0 0 1 0 0 1 0 1 1 0 0 1 0 0 1 0 0 0 0 1 0 0] | Precisión: 0.47
Distancia de Hamming: 17
--------------------------------------------------
La media de la precisión del descifrado es 0.4915
Distancia media de Hamming = 16.2732 | Número de bits: 32
Número de reconstrucciones perfectas = 0



EVALUACIÓN CON 4800:

Original     --> [1 0 1 1 1 1 0 1 0 0 0 1 1 0 0 0 0 0 0 0 0 0 0 0 1 0 1 1 0 1 0 1]
Reconstruido --> [0 0 1 0 0 0 0 1 0 0 0 0 0 0 1 0 0 0 0 1 1 0 0 0 1 0 0 0 1 0 0 0] | Precisión: 0.56
Distancia de Hamming: 14
--------------------------------------------------
Original     --> [1 0 0 1 0 1 1 1 1 0 1 0 0 0 0 1 1 0 0 0 1 1 1 1 0 0 0 0 0 1 0 0]
Reconstruido --> [1 0 1 0 0 0 1 1 0 0 0 0 0 1 1 1 1 0 0 1 1 0 1 0 0 0 0 0 0 0 0 0] | Precisión: 0.66
Distancia de Hamming: 11
--------------------------------------------------
Original     --> [1 0 1 1 0 1 1 0 0 0 0 1 1 0 1 0 0 1 0 1 0 0 1 0 1 0 1 1 0 1 1 1]
Reconstruido --> [0 0 1 1 0 1 0 1 0 0 0 0 0 0 1 0 0 0 0 1 1 0 0 0 0 0 0 0 0 1 0 0] | Precisión: 0.59
Distancia de Hamming: 13
--------------------------------------------------
Original     --> [0 1 1 1 1 1 0 1 0 0 0 0 1 0 0 1 0 1 0 1 1 0 1 1 0 1 0 0 0 0 0 1]
Reconstruido --> [1 0 1 0 0 0 0 1 0 0 1 0 0 0 1 1 1 0 0 1 1 0 1 0 1 0 0 0 0 0 0 0] | Precisión: 0.56
Distancia de Hamming: 14
--------------------------------------------------
Original     --> [0 1 0 0 0 0 1 0 1 1 1 1 0 0 1 1 0 0 1 0 1 1 1 1 1 1 0 0 0 0 1 1]
Reconstruido --> [1 1 1 1 0 1 0 1 0 0 0 0 0 1 1 1 1 0 0 1 1 1 0 0 1 0 0 0 0 0 0 0] | Precisión: 0.41
Distancia de Hamming: 19
--------------------------------------------------
Original     --> [0 0 0 0 1 1 0 0 1 0 1 1 0 0 1 0 0 0 0 1 0 0 1 1 0 1 0 0 1 1 1 0]
Reconstruido --> [0 1 1 0 0 1 0 1 0 0 0 0 0 1 1 1 1 0 0 1 1 1 0 0 0 0 0 0 0 0 0 0] | Precisión: 0.44
Distancia de Hamming: 18
--------------------------------------------------
Original     --> [0 0 1 0 1 0 1 0 0 0 1 1 0 0 1 1 1 0 0 0 0 1 0 0 0 1 0 0 1 1 0 0]
Reconstruido --> [0 1 1 0 0 1 1 1 0 0 0 1 0 1 1 1 1 0 0 1 1 1 0 0 1 0 0 0 0 0 0 0] | Precisión: 0.62
Distancia de Hamming: 12
--------------------------------------------------
Original     --> [1 0 0 1 1 0 1 0 0 1 0 1 0 1 1 1 0 0 1 1 1 1 1 0 0 1 1 1 1 1 0 0]
Reconstruido --> [1 0 1 0 0 1 0 1 0 0 0 0 0 0 1 0 1 0 1 1 1 0 1 0 0 0 0 0 0 0 0 0] | Precisión: 0.47
Distancia de Hamming: 17
--------------------------------------------------
Original     --> [1 0 1 0 1 0 1 1 0 0 0 0 0 1 1 0 0 0 0 0 1 0 0 1 0 1 0 0 0 1 0 1]
Reconstruido --> [1 0 1 1 0 0 0 1 0 0 0 0 0 0 1 0 0 0 0 1 1 0 0 0 0 0 0 0 0 0 0 0] | Precisión: 0.72
Distancia de Hamming: 9
--------------------------------------------------
Original     --> [0 0 1 0 0 0 0 1 0 0 1 1 0 1 0 1 0 0 0 1 1 1 0 1 1 1 0 1 0 0 1 1]
Reconstruido --> [1 0 1 0 0 0 1 1 0 0 0 0 0 1 1 0 1 0 0 1 1 0 1 0 0 0 0 0 0 0 0 0] | Precisión: 0.53
Distancia de Hamming: 15
--------------------------------------------------
La media de la precisión del descifrado es 0.5033
Distancia media de Hamming = 15.8939 | Número de bits: 32
Número de reconstrucciones perfectas = 0



EVALUACIÓN CON 5100:

Original     --> [1 1 0 1 1 1 0 1 1 0 0 0 0 1 1 0 0 1 0 1 1 0 0 0 0 0 0 1 1 0 0 1]
Reconstruido --> [0 1 1 0 0 0 0 1 1 1 1 1 1 1 1 1 1 1 0 1 0 1 0 1 1 0 0 1 0 1 1 1] | Precisión: 0.44
Distancia de Hamming: 18
--------------------------------------------------
Original     --> [0 1 1 0 1 0 1 0 1 0 1 0 1 1 0 1 0 1 0 1 0 1 1 0 1 0 0 0 1 0 0 0]
Reconstruido --> [0 0 1 0 0 0 0 1 0 1 1 1 1 1 1 1 1 1 0 1 0 1 0 0 0 0 0 1 1 1 1 1] | Precisión: 0.53
Distancia de Hamming: 15
--------------------------------------------------
Original     --> [0 1 0 0 1 0 1 0 0 0 1 0 1 1 1 0 1 1 0 1 1 0 0 1 1 0 1 0 0 1 0 0]
Reconstruido --> [0 0 1 0 0 1 0 1 0 1 0 1 0 1 1 1 0 1 0 1 0 1 0 1 1 0 0 0 1 1 1 1] | Precisión: 0.44
Distancia de Hamming: 18
--------------------------------------------------
Original     --> [0 1 1 1 0 1 1 1 0 0 0 1 0 1 1 0 1 0 1 1 0 1 0 0 0 0 0 1 0 1 0 1]
Reconstruido --> [1 0 1 0 0 0 0 1 0 1 0 1 1 1 1 1 0 1 0 1 0 1 0 0 1 0 0 0 1 1 1 1] | Precisión: 0.53
Distancia de Hamming: 15
--------------------------------------------------
Original     --> [0 0 0 1 0 1 1 0 0 0 1 0 0 1 0 1 0 1 0 0 1 0 1 0 0 0 0 0 0 1 0 0]
Reconstruido --> [1 0 0 0 0 1 0 1 0 1 1 0 0 1 1 1 0 1 0 1 0 1 0 0 1 0 0 0 0 1 1 1] | Precisión: 0.59
Distancia de Hamming: 13
--------------------------------------------------
Original     --> [0 1 1 1 0 1 0 0 1 1 1 0 0 1 1 0 1 1 0 1 0 0 1 0 1 0 1 1 1 0 1 1]
Reconstruido --> [0 1 0 0 0 0 0 1 0 1 1 1 0 1 1 1 0 1 0 1 0 1 0 1 1 0 0 1 1 0 1 1] | Precisión: 0.62
Distancia de Hamming: 12
--------------------------------------------------
Original     --> [0 0 0 1 0 1 1 1 0 0 1 0 1 1 0 0 0 1 0 1 0 1 1 0 1 1 0 1 1 0 0 0]
Reconstruido --> [0 1 1 0 0 1 0 1 0 1 0 1 0 1 1 1 0 1 0 1 0 1 1 0 1 0 0 1 0 1 1 1] | Precisión: 0.53
Distancia de Hamming: 15
--------------------------------------------------
Original     --> [1 1 0 0 0 1 1 0 0 0 1 0 0 1 0 0 1 1 1 0 1 1 1 1 0 1 0 0 1 0 1 0]
Reconstruido --> [0 0 0 1 0 1 0 1 0 1 1 1 1 1 1 1 1 1 1 1 0 1 0 0 0 0 0 0 0 1 1 1] | Precisión: 0.44
Distancia de Hamming: 18
--------------------------------------------------
Original     --> [1 0 1 0 1 1 0 0 0 0 0 0 1 0 0 1 0 1 0 1 1 0 1 0 1 1 1 1 1 0 1 0]
Reconstruido --> [0 1 0 0 0 1 0 1 0 1 0 1 0 1 0 1 0 1 0 1 0 1 1 1 1 0 0 1 0 1 1 1] | Precisión: 0.47
Distancia de Hamming: 17
--------------------------------------------------
Original     --> [1 1 0 1 0 1 0 1 0 0 0 1 1 0 1 1 0 0 0 1 1 1 1 0 0 1 0 1 1 1 1 1]
Reconstruido --> [1 1 1 0 0 0 0 1 1 1 1 1 1 1 1 1 1 1 0 1 0 1 1 0 0 0 0 0 0 1 0 1] | Precisión: 0.56
Distancia de Hamming: 14
--------------------------------------------------
La media de la precisión del descifrado es 0.4969
Distancia media de Hamming = 16.1004 | Número de bits: 32
Número de reconstrucciones perfectas = 0



EVALUACIÓN CON 5400:

Original     --> [0 1 0 1 1 0 1 1 1 1 0 0 0 1 0 0 0 0 1 1 0 1 0 1 1 1 0 1 0 0 1 0]
Reconstruido --> [1 0 0 1 1 1 1 1 1 0 0 1 1 1 0 0 1 0 0 1 0 1 0 0 0 1 1 1 1 1 0 1] | Precisión: 0.53
Distancia de Hamming: 15
--------------------------------------------------
Original     --> [1 1 0 1 0 1 0 0 0 0 1 1 0 0 0 0 1 0 1 0 1 1 1 0 0 0 1 0 1 0 1 0]
Reconstruido --> [0 0 0 1 1 1 1 1 1 0 0 1 1 1 0 1 1 0 0 1 0 1 0 0 0 0 1 1 1 1 0 0] | Precisión: 0.47
Distancia de Hamming: 17
--------------------------------------------------
Original     --> [0 1 0 1 0 1 1 1 0 1 0 0 1 1 1 1 1 0 1 1 1 1 0 1 1 0 0 0 1 0 1 1]
Reconstruido --> [0 0 0 1 1 1 0 1 1 0 0 1 1 1 0 0 1 0 0 1 0 1 0 0 0 1 1 1 1 1 0 0] | Precisión: 0.44
Distancia de Hamming: 18
--------------------------------------------------
Original     --> [1 1 0 0 1 0 0 0 1 1 0 1 1 1 0 0 0 1 1 1 1 1 0 0 0 0 1 1 0 0 0 1]
Reconstruido --> [0 0 0 1 1 1 1 1 1 0 0 1 1 1 0 0 1 0 0 1 0 1 0 0 0 1 1 1 1 1 0 1] | Precisión: 0.56
Distancia de Hamming: 14
--------------------------------------------------
Original     --> [1 1 0 1 0 0 0 0 0 1 0 1 1 1 1 1 1 1 0 1 0 0 1 0 1 0 1 0 0 0 1 1]
Reconstruido --> [0 1 0 1 1 1 1 1 1 1 0 1 1 1 0 0 1 1 0 1 0 1 0 0 0 1 0 1 1 1 0 1] | Precisión: 0.47
Distancia de Hamming: 17
--------------------------------------------------
Original     --> [0 0 0 0 1 0 1 1 1 1 0 0 0 1 1 1 0 0 1 1 0 1 1 1 0 0 0 0 0 0 1 1]
Reconstruido --> [1 0 0 1 1 1 1 1 1 0 0 1 1 1 0 0 1 0 0 1 0 1 0 0 0 0 1 0 1 1 1 1] | Precisión: 0.53
Distancia de Hamming: 15
--------------------------------------------------
Original     --> [1 0 1 1 0 1 1 0 1 0 1 0 0 0 1 1 1 1 0 1 0 0 0 1 1 0 0 0 0 1 1 1]
Reconstruido --> [0 1 0 1 0 1 1 1 1 0 0 0 1 1 0 0 0 1 1 1 0 1 0 1 0 1 1 1 1 1 0 1] | Precisión: 0.44
Distancia de Hamming: 18
--------------------------------------------------
Original     --> [1 1 1 0 1 1 0 1 1 0 1 1 1 0 0 1 0 1 0 0 0 0 0 1 1 0 1 1 1 1 1 0]
Reconstruido --> [0 1 0 1 1 1 1 1 1 0 0 1 1 1 0 1 0 1 1 1 0 1 0 0 0 0 1 1 1 1 1 1] | Precisión: 0.62
Distancia de Hamming: 12
--------------------------------------------------
Original     --> [1 0 1 0 0 1 0 1 0 0 1 0 1 0 0 1 0 1 1 0 0 0 1 0 1 1 0 0 1 1 0 0]
Reconstruido --> [1 1 0 1 0 0 1 0 1 1 0 1 1 1 0 1 1 1 1 1 0 0 1 0 0 0 1 1 1 1 0 1] | Precisión: 0.44
Distancia de Hamming: 18
--------------------------------------------------
Original     --> [1 1 1 0 1 0 0 1 1 0 0 1 1 0 0 0 1 1 0 1 0 0 0 1 1 1 1 0 0 1 1 0]
Reconstruido --> [0 0 1 1 1 1 1 1 1 0 0 1 1 1 0 0 1 1 0 1 0 1 0 0 0 0 1 1 1 1 0 1] | Precisión: 0.56
Distancia de Hamming: 14
--------------------------------------------------
La media de la precisión del descifrado es 0.5087
Distancia media de Hamming = 15.7229 | Número de bits: 32
Número de reconstrucciones perfectas = 0



EVALUACIÓN CON 5700:

Original     --> [1 0 1 0 0 1 1 0 1 0 0 1 0 1 1 1 0 1 0 0 0 0 0 1 0 1 0 0 0 1 1 1]
Reconstruido --> [0 1 0 0 0 1 1 0 0 1 1 0 1 0 0 1 1 0 1 0 1 1 0 0 0 0 0 1 0 1 1 0] | Precisión: 0.41
Distancia de Hamming: 19
--------------------------------------------------
Original     --> [1 0 0 0 1 0 1 1 0 1 0 0 0 0 1 0 0 0 0 1 1 1 0 0 0 0 1 0 0 1 0 0]
Reconstruido --> [0 1 0 0 0 1 1 0 0 0 1 1 1 1 1 1 0 0 1 1 0 1 1 1 0 1 0 1 0 1 1 1] | Precisión: 0.38
Distancia de Hamming: 20
--------------------------------------------------
Original     --> [0 1 0 1 1 0 0 0 1 0 1 1 0 1 0 0 1 0 1 0 1 1 0 1 0 1 0 1 1 0 0 0]
Reconstruido --> [0 1 0 0 1 0 1 0 0 0 1 0 1 1 0 1 0 1 1 0 1 1 1 1 0 1 0 1 0 1 1 1] | Precisión: 0.59
Distancia de Hamming: 13
--------------------------------------------------
Original     --> [0 0 1 1 1 1 0 0 0 0 0 1 1 1 1 1 0 1 1 1 1 1 0 1 0 1 0 0 1 1 0 0]
Reconstruido --> [0 1 0 0 0 1 1 0 0 0 1 1 1 1 0 1 0 0 1 0 1 1 0 1 0 1 0 1 0 1 1 1] | Precisión: 0.59
Distancia de Hamming: 13
--------------------------------------------------
Original     --> [0 0 1 1 1 1 0 1 1 1 1 1 1 0 0 1 0 0 1 1 0 1 1 1 0 0 0 1 0 0 0 1]
Reconstruido --> [0 1 0 0 1 0 0 0 0 0 1 1 1 1 0 1 0 1 1 0 0 1 1 1 0 1 0 1 0 1 1 1] | Precisión: 0.59
Distancia de Hamming: 13
--------------------------------------------------
Original     --> [0 1 1 0 0 1 0 1 0 0 1 1 0 1 1 1 1 1 1 1 1 0 0 1 1 1 1 1 1 1 0 0]
Reconstruido --> [0 1 0 0 0 0 1 0 0 0 1 1 1 0 1 1 0 0 1 0 0 1 1 0 0 0 0 1 0 1 1 1] | Precisión: 0.41
Distancia de Hamming: 19
--------------------------------------------------
Original     --> [1 1 0 1 0 1 0 0 0 1 0 0 1 0 1 0 0 0 1 1 1 1 0 1 1 1 1 0 1 0 1 1]
Reconstruido --> [0 1 0 0 1 1 1 0 0 0 1 0 1 1 0 1 0 0 1 0 1 1 0 1 1 1 0 1 0 1 1 1] | Precisión: 0.56
Distancia de Hamming: 14
--------------------------------------------------
Original     --> [1 1 0 0 1 1 0 0 1 1 0 1 0 0 0 0 1 1 1 0 1 1 0 0 1 0 1 0 0 1 1 1]
Reconstruido --> [0 1 0 0 0 1 1 0 0 1 1 0 1 1 0 1 1 1 1 1 0 1 1 0 0 1 0 1 0 1 1 1] | Precisión: 0.50
Distancia de Hamming: 16
--------------------------------------------------
Original     --> [0 0 1 0 0 1 1 1 0 1 1 0 1 0 0 1 1 1 0 0 1 0 0 0 0 1 1 0 1 0 0 0]
Reconstruido --> [0 1 0 0 0 1 1 0 0 0 1 1 1 0 0 1 0 0 1 1 1 0 1 0 0 0 0 1 1 1 1 1] | Precisión: 0.50
Distancia de Hamming: 16
--------------------------------------------------
Original     --> [0 0 0 1 0 0 0 0 1 1 1 0 0 0 1 0 1 1 1 1 0 0 0 0 1 1 1 0 1 0 0 0]
Reconstruido --> [0 1 0 0 0 0 1 0 0 0 1 1 1 0 1 1 0 0 1 0 0 1 1 1 0 1 0 1 0 1 1 1] | Precisión: 0.34
Distancia de Hamming: 21
--------------------------------------------------
La media de la precisión del descifrado es 0.5025
Distancia media de Hamming = 15.9215 | Número de bits: 32
Número de reconstrucciones perfectas = 0



EVALUACIÓN CON 6000:

Original     --> [1 1 1 0 1 1 1 0 0 1 0 1 1 1 1 1 0 1 1 0 0 1 0 1 0 0 1 1 0 0 0 1]
Reconstruido --> [1 1 0 1 1 1 1 1 1 1 0 1 1 0 1 1 1 0 0 0 1 1 0 1 0 0 1 0 0 1 1 1] | Precisión: 0.62
Distancia de Hamming: 12
--------------------------------------------------
Original     --> [1 0 1 0 0 0 1 0 0 0 1 0 1 1 0 0 1 1 0 0 1 1 1 0 0 1 1 1 0 0 0 1]
Reconstruido --> [0 1 0 1 1 1 1 1 1 1 0 1 0 0 1 1 1 0 0 0 1 1 1 1 0 0 0 0 0 1 1 1] | Precisión: 0.31
Distancia de Hamming: 22
--------------------------------------------------
Original     --> [1 1 1 0 0 0 0 0 0 1 0 0 0 1 0 0 1 1 0 1 1 0 0 1 0 1 1 0 0 0 1 1]
Reconstruido --> [0 1 0 1 1 1 1 1 0 1 0 0 1 1 1 1 1 0 1 0 1 1 1 1 0 0 0 0 0 0 1 0] | Precisión: 0.44
Distancia de Hamming: 18
--------------------------------------------------
Original     --> [0 1 0 0 1 0 0 0 1 0 0 0 0 1 0 0 0 0 1 1 1 1 1 1 1 0 1 1 1 0 0 1]
Reconstruido --> [1 1 0 0 1 1 1 1 1 1 1 1 1 0 1 1 1 0 0 0 1 1 1 1 0 0 1 0 0 1 1 1] | Precisión: 0.41
Distancia de Hamming: 19
--------------------------------------------------
Original     --> [1 0 0 1 1 1 1 0 1 0 1 0 0 1 0 0 0 1 0 0 0 0 0 1 0 0 0 1 1 1 0 1]
Reconstruido --> [0 1 0 0 1 1 1 1 1 1 0 1 1 1 1 1 1 0 0 0 1 1 1 1 0 0 0 0 0 0 1 1] | Precisión: 0.41
Distancia de Hamming: 19
--------------------------------------------------
Original     --> [1 0 0 1 0 1 0 1 1 0 1 1 1 0 1 0 1 0 0 1 1 0 0 1 1 0 0 0 0 0 1 0]
Reconstruido --> [0 1 0 0 1 1 1 1 0 0 0 1 1 1 1 1 1 0 0 0 1 1 1 0 0 1 0 0 0 1 1 0] | Precisión: 0.50
Distancia de Hamming: 16
--------------------------------------------------
Original     --> [1 1 1 0 0 0 0 1 0 0 0 1 1 1 0 0 0 1 0 0 1 0 1 0 0 1 1 0 0 1 1 1]
Reconstruido --> [0 1 0 0 1 1 1 1 1 1 0 1 1 1 1 1 1 0 0 0 1 1 1 1 0 0 1 1 0 1 1 1] | Precisión: 0.53
Distancia de Hamming: 15
--------------------------------------------------
Original     --> [0 0 1 1 0 0 0 1 1 0 0 0 0 0 1 1 0 1 0 0 1 0 0 1 1 0 1 0 1 0 0 0]
Reconstruido --> [1 1 0 0 1 1 1 1 1 0 1 0 0 0 1 1 1 0 1 1 1 1 1 1 0 0 0 1 1 1 1 1] | Precisión: 0.38
Distancia de Hamming: 20
--------------------------------------------------
Original     --> [1 1 0 1 0 1 1 1 0 1 0 0 1 0 0 1 0 0 1 1 0 0 1 1 0 1 1 0 0 1 1 1]
Reconstruido --> [0 1 0 0 1 1 1 0 0 0 0 1 1 1 1 1 1 0 0 0 1 1 1 0 0 0 1 0 0 1 1 1] | Precisión: 0.53
Distancia de Hamming: 15
--------------------------------------------------
Original     --> [1 0 0 0 0 0 0 1 1 1 1 0 1 1 0 1 1 0 1 1 0 1 0 0 1 1 0 1 1 0 0 0]
Reconstruido --> [0 1 0 0 1 1 1 1 1 0 0 1 1 0 1 1 1 0 0 0 1 1 1 1 0 0 1 0 0 1 1 1] | Precisión: 0.28
Distancia de Hamming: 23
--------------------------------------------------
La media de la precisión del descifrado es 0.4972
Distancia media de Hamming = 16.0887 | Número de bits: 32
Número de reconstrucciones perfectas = 0


Tiempo total de ejecución (s): 4373.051792144775

