-- RESULTS FROM EXPERIMENT 1.1. --

Número de mensajes = 10000
Número de bits = 32
Tamaño del batch = 128
Adam optimizer learning rate = 0.001
Epochs totales = 6000
Epochs iniciales = 300

EVALUACIÓN CON 300:

Original     --> [1 0 0 1 0 1 1 1 0 1 1 0 0 0 1 1 0 1 1 0 0 0 0 0 0 1 0 0 1 1 0 1]
Reconstruido --> [1 0 0 0 0 1 1 1 1 1 1 0 0 0 1 1 1 1 1 0 1 0 0 0 1 1 0 0 1 1 0 1] | Precisión: 0.84
Distancia de Hamming: 5
--------------------------------------------------
Original     --> [0 0 1 0 0 0 1 1 1 1 0 1 0 1 0 0 1 0 1 1 1 0 0 0 1 0 0 0 1 0 0 1]
Reconstruido --> [1 0 1 0 0 0 1 1 1 1 0 1 0 1 0 0 0 0 1 1 1 0 1 0 0 0 0 0 1 0 0 1] | Precisión: 0.88
Distancia de Hamming: 4
--------------------------------------------------
Original     --> [1 0 0 1 0 0 1 1 1 0 1 1 0 0 0 0 1 1 0 0 1 1 1 0 1 1 1 1 1 1 0 1]
Reconstruido --> [1 1 0 1 0 0 1 1 1 0 1 1 0 0 0 0 1 1 0 0 1 1 0 0 1 1 0 1 1 1 0 1] | Precisión: 0.91
Distancia de Hamming: 3
--------------------------------------------------
Original     --> [0 0 0 0 0 0 1 1 1 1 1 0 0 0 0 1 0 1 1 1 0 1 0 0 0 1 0 1 1 0 1 1]
Reconstruido --> [0 0 0 0 1 0 1 1 1 1 1 0 0 0 0 1 0 1 1 1 1 1 0 0 0 1 0 1 1 1 1 1] | Precisión: 0.91
Distancia de Hamming: 3
--------------------------------------------------
Original     --> [0 0 0 0 0 1 1 0 0 1 0 0 1 0 0 0 1 1 0 0 0 0 1 1 1 1 0 1 1 1 1 1]
Reconstruido --> [0 0 0 0 0 1 1 0 0 1 0 0 1 0 0 0 1 1 0 0 0 0 1 1 1 1 0 1 1 1 1 1] | Precisión: 1.00
Distancia de Hamming: 0
--------------------------------------------------
Original     --> [0 1 1 1 0 1 0 0 1 1 1 1 1 1 0 1 0 0 1 0 0 1 0 1 1 0 1 1 1 0 0 0]
Reconstruido --> [0 1 1 1 1 1 0 1 0 1 1 1 1 1 0 1 0 0 1 0 0 1 0 0 1 0 1 1 1 0 0 0] | Precisión: 0.88
Distancia de Hamming: 4
--------------------------------------------------
Original     --> [1 0 1 1 1 0 1 1 0 0 0 0 1 1 1 1 0 0 0 1 0 1 1 1 0 0 0 0 0 1 1 1]
Reconstruido --> [0 0 1 1 1 0 1 0 0 0 0 1 1 0 1 1 1 0 1 1 0 1 1 1 0 0 0 0 0 1 1 0] | Precisión: 0.78
Distancia de Hamming: 7
--------------------------------------------------
Original     --> [0 1 0 1 0 1 0 1 1 0 0 0 0 0 0 0 0 0 1 0 0 0 0 0 0 1 1 0 0 0 0 0]
Reconstruido --> [0 1 0 1 0 1 0 1 1 0 1 0 0 1 0 0 1 1 1 0 0 1 0 0 0 1 1 0 0 0 1 0] | Precisión: 0.81
Distancia de Hamming: 6
--------------------------------------------------
Original     --> [1 1 1 1 0 1 1 1 1 1 1 1 0 1 0 0 1 0 1 1 0 1 1 0 0 0 1 1 0 1 0 0]
Reconstruido --> [1 1 1 1 0 1 1 1 1 1 1 1 0 1 0 0 0 0 1 0 0 1 1 0 0 0 1 0 0 0 0 0] | Precisión: 0.88
Distancia de Hamming: 4
--------------------------------------------------
Original     --> [1 0 1 1 1 1 0 1 0 0 0 0 0 1 1 1 0 1 0 0 0 0 1 1 1 0 1 0 0 1 0 0]
Reconstruido --> [1 1 1 1 1 1 0 1 0 0 1 1 0 1 1 1 1 1 0 0 0 0 1 1 1 0 1 0 0 1 0 0] | Precisión: 0.88
Distancia de Hamming: 4
--------------------------------------------------
La media de la precisión del descifrado es 0.8824
Distancia media de Hamming = 3.7639 | Número de bits: 32
Número de reconstrucciones perfectas = 446



EVALUACIÓN CON 600:

Original     --> [1 0 0 1 1 1 0 0 1 1 0 1 0 0 1 1 0 0 1 0 0 0 1 1 1 1 0 1 1 1 1 1]
Reconstruido --> [1 0 0 1 1 1 0 0 1 1 0 1 0 0 1 1 0 0 1 0 0 0 1 1 1 1 0 0 1 1 1 1] | Precisión: 0.97
Distancia de Hamming: 1
--------------------------------------------------
Original     --> [0 1 0 0 1 0 1 1 1 0 1 0 1 1 0 0 0 0 1 1 0 0 0 0 0 0 1 1 0 0 0 1]
Reconstruido --> [0 1 0 0 1 0 1 1 1 0 1 0 1 1 0 0 1 1 1 1 0 1 0 0 0 0 1 1 1 0 0 1] | Precisión: 0.88
Distancia de Hamming: 4
--------------------------------------------------
Original     --> [1 0 1 1 0 1 0 0 1 1 1 1 0 1 1 0 0 0 0 0 1 1 0 1 1 0 0 1 0 0 0 0]
Reconstruido --> [1 0 0 1 0 1 1 1 1 1 1 1 0 1 0 0 0 0 0 0 1 1 0 1 1 1 0 0 0 0 0 0] | Precisión: 0.81
Distancia de Hamming: 6
--------------------------------------------------
Original     --> [0 0 0 1 0 0 1 0 1 1 0 0 0 0 0 1 0 0 1 1 1 1 1 0 1 0 0 0 0 0 1 1]
Reconstruido --> [1 0 0 1 0 0 1 0 1 1 1 0 0 1 0 1 0 1 1 1 1 1 1 0 1 0 0 0 0 0 1 1] | Precisión: 0.88
Distancia de Hamming: 4
--------------------------------------------------
Original     --> [0 1 0 0 0 1 0 0 0 0 1 0 0 1 1 0 0 1 1 1 0 1 0 1 1 1 1 1 0 1 1 0]
Reconstruido --> [0 1 1 0 0 0 1 1 0 0 1 0 0 0 1 1 1 0 1 1 1 1 0 0 1 1 1 1 0 1 1 0] | Precisión: 0.69
Distancia de Hamming: 10
--------------------------------------------------
Original     --> [0 0 1 0 1 1 1 0 0 0 1 1 0 0 1 1 0 1 0 1 0 0 0 0 0 0 0 1 1 0 0 1]
Reconstruido --> [0 1 1 0 0 1 1 0 0 0 1 1 0 0 0 1 0 1 0 1 0 0 1 0 0 0 0 1 1 1 0 1] | Precisión: 0.84
Distancia de Hamming: 5
--------------------------------------------------
Original     --> [0 1 1 0 1 0 1 1 1 1 0 0 1 1 0 1 0 1 0 0 1 1 0 0 0 1 0 0 1 1 0 1]
Reconstruido --> [0 1 1 0 1 0 0 1 1 1 0 0 1 1 0 1 0 1 0 0 1 1 0 0 0 1 1 1 1 1 0 1] | Precisión: 0.91
Distancia de Hamming: 3
--------------------------------------------------
Original     --> [1 1 1 0 0 1 0 1 1 0 0 0 1 0 0 0 0 0 0 0 1 0 1 1 0 1 1 0 1 0 0 0]
Reconstruido --> [1 1 1 0 1 1 0 1 0 0 0 0 1 0 0 0 0 0 0 0 1 0 0 1 0 1 1 0 1 0 0 0] | Precisión: 0.91
Distancia de Hamming: 3
--------------------------------------------------
Original     --> [1 1 1 1 1 0 0 1 1 0 1 0 0 0 0 0 1 1 1 1 1 1 1 1 0 1 0 1 1 0 0 1]
Reconstruido --> [1 1 1 1 1 0 0 1 1 0 1 0 0 0 0 1 0 1 1 1 0 1 1 1 0 1 0 1 1 0 0 1] | Precisión: 0.91
Distancia de Hamming: 3
--------------------------------------------------
Original     --> [1 1 1 0 0 1 1 1 1 1 1 0 1 0 1 1 0 0 0 0 1 1 1 1 1 0 1 0 0 0 0 1]
Reconstruido --> [1 0 0 0 1 1 1 1 1 0 1 0 1 0 1 1 0 1 0 0 1 1 1 1 1 0 1 0 0 0 0 1] | Precisión: 0.84
Distancia de Hamming: 5
--------------------------------------------------
La media de la precisión del descifrado es 0.9048
Distancia media de Hamming = 3.0460 | Número de bits: 32
Número de reconstrucciones perfectas = 1010



EVALUACIÓN CON 900:

Original     --> [1 1 1 0 0 1 0 1 1 0 1 1 1 1 0 1 1 0 1 0 0 0 0 1 0 0 1 1 1 1 1 0]
Reconstruido --> [1 1 1 0 0 1 0 1 1 0 1 0 1 1 1 0 0 0 1 0 0 1 1 1 0 0 0 1 1 0 1 0] | Precisión: 0.75
Distancia de Hamming: 8
--------------------------------------------------
Original     --> [1 0 1 0 0 1 1 0 0 0 0 1 1 1 0 0 0 1 1 0 0 1 1 0 1 1 0 1 1 1 1 0]
Reconstruido --> [1 0 1 0 0 1 0 0 0 0 0 0 1 1 0 0 0 1 0 1 0 1 1 1 1 1 0 1 1 1 1 0] | Precisión: 0.84
Distancia de Hamming: 5
--------------------------------------------------
Original     --> [0 0 1 0 1 0 0 1 1 1 0 1 1 1 1 0 0 1 1 1 0 0 0 1 1 1 1 1 0 1 0 1]
Reconstruido --> [0 0 0 0 1 0 0 1 1 1 0 1 1 1 1 0 0 1 1 1 0 0 0 1 1 1 1 1 0 1 0 1] | Precisión: 0.97
Distancia de Hamming: 1
--------------------------------------------------
Original     --> [1 1 1 1 0 1 1 1 0 1 1 1 0 1 0 1 1 1 1 0 1 1 1 0 0 0 0 1 1 0 0 1]
Reconstruido --> [1 1 1 1 1 1 1 1 0 1 1 0 0 1 0 1 1 1 1 0 1 1 1 0 0 0 0 1 1 0 0 1] | Precisión: 0.94
Distancia de Hamming: 2
--------------------------------------------------
Original     --> [0 1 0 0 0 0 0 1 1 1 0 1 1 1 0 1 0 0 0 1 1 1 1 1 1 0 1 1 1 1 1 0]
Reconstruido --> [0 0 0 0 0 1 0 1 1 1 0 1 1 1 1 1 0 0 0 1 1 1 1 1 1 1 1 1 1 1 1 0] | Precisión: 0.88
Distancia de Hamming: 4
--------------------------------------------------
Original     --> [0 1 0 0 1 1 0 1 1 0 1 1 0 0 1 1 1 0 0 1 1 0 1 0 1 0 1 1 0 1 0 0]
Reconstruido --> [0 1 0 0 1 1 1 1 1 0 1 1 0 0 1 1 1 0 1 1 1 0 1 0 1 0 1 1 0 1 0 0] | Precisión: 0.94
Distancia de Hamming: 2
--------------------------------------------------
Original     --> [1 0 1 1 0 1 0 0 1 1 1 1 0 1 0 0 0 1 1 0 1 1 1 0 0 1 1 0 0 1 1 1]
Reconstruido --> [1 0 0 1 0 1 0 0 1 1 1 1 0 0 0 0 0 1 1 1 1 1 1 0 0 1 1 0 0 1 1 1] | Precisión: 0.91
Distancia de Hamming: 3
--------------------------------------------------
Original     --> [1 1 1 1 0 1 0 1 1 1 1 1 0 1 0 1 0 0 0 1 0 0 0 0 1 1 0 1 1 1 0 0]
Reconstruido --> [1 1 1 1 0 1 0 1 1 1 1 1 0 1 1 1 0 0 0 1 0 0 0 0 1 1 0 1 1 1 0 0] | Precisión: 0.97
Distancia de Hamming: 1
--------------------------------------------------
Original     --> [1 0 1 1 1 1 1 0 1 1 0 1 0 1 0 0 1 1 0 1 0 0 1 1 1 0 0 1 0 1 1 0]
Reconstruido --> [1 0 1 1 1 1 1 0 1 1 0 1 0 1 0 0 1 1 0 1 0 1 1 1 1 0 0 0 1 1 1 0] | Precisión: 0.91
Distancia de Hamming: 3
--------------------------------------------------
Original     --> [1 0 0 0 0 1 0 0 0 1 0 1 0 0 1 1 0 0 1 1 0 1 1 0 0 0 0 1 0 0 1 1]
Reconstruido --> [1 0 0 0 0 1 0 0 0 1 0 1 0 0 1 1 0 0 1 1 0 1 1 0 0 0 0 1 0 1 1 1] | Precisión: 0.97
Distancia de Hamming: 1
--------------------------------------------------
La media de la precisión del descifrado es 0.9341
Distancia media de Hamming = 2.1092 | Número de bits: 32
Número de reconstrucciones perfectas = 2345



EVALUACIÓN CON 1200:

Original     --> [0 0 1 0 1 0 1 1 0 0 0 0 1 1 1 0 0 0 1 0 1 1 0 0 0 0 0 1 0 0 1 1]
Reconstruido --> [0 0 1 0 0 0 1 0 0 0 0 0 1 1 1 0 0 1 1 0 1 1 0 0 1 0 0 1 0 0 1 1] | Precisión: 0.88
Distancia de Hamming: 4
--------------------------------------------------
Original     --> [1 0 0 1 1 1 1 1 1 0 0 0 0 1 1 0 0 0 0 1 0 1 1 1 0 1 0 1 0 0 1 0]
Reconstruido --> [1 0 0 1 1 1 1 1 1 0 0 0 0 1 1 0 0 0 0 1 0 1 1 1 0 1 0 1 0 0 1 0] | Precisión: 1.00
Distancia de Hamming: 0
--------------------------------------------------
Original     --> [1 0 1 0 1 0 0 1 1 1 0 0 0 0 0 0 0 0 0 0 0 1 1 1 1 0 1 0 0 1 1 1]
Reconstruido --> [1 0 1 0 0 0 0 1 1 1 0 0 0 0 0 0 0 0 0 0 0 0 1 1 1 1 1 0 0 1 1 1] | Precisión: 0.91
Distancia de Hamming: 3
--------------------------------------------------
Original     --> [0 0 0 1 1 1 1 1 1 0 0 0 0 1 1 0 1 1 1 1 1 1 0 1 1 0 1 0 1 1 1 0]
Reconstruido --> [0 0 0 1 1 1 1 1 0 0 0 0 0 1 1 0 1 0 1 1 1 1 0 1 1 0 1 0 1 1 1 0] | Precisión: 0.94
Distancia de Hamming: 2
--------------------------------------------------
Original     --> [1 0 0 1 1 1 1 0 0 0 1 1 0 1 1 1 1 1 1 0 1 1 1 0 1 1 0 0 1 0 1 1]
Reconstruido --> [1 0 0 1 1 0 1 0 0 0 1 0 0 1 1 1 0 1 1 0 1 1 1 0 1 1 0 0 1 0 1 1] | Precisión: 0.91
Distancia de Hamming: 3
--------------------------------------------------
Original     --> [0 1 1 1 1 0 0 0 1 1 0 0 1 1 1 1 1 1 1 0 1 1 0 1 0 0 1 0 1 0 1 0]
Reconstruido --> [0 1 1 1 1 0 0 0 0 1 0 0 1 1 1 1 1 1 1 0 1 0 0 1 0 0 0 0 1 0 1 0] | Precisión: 0.91
Distancia de Hamming: 3
--------------------------------------------------
Original     --> [1 0 1 1 0 0 0 0 1 1 1 0 1 1 1 1 0 0 1 0 1 0 0 1 0 0 0 1 1 1 0 1]
Reconstruido --> [1 0 1 1 0 0 0 0 1 1 1 0 1 1 1 1 0 0 1 0 1 0 0 1 0 0 0 1 1 1 0 1] | Precisión: 1.00
Distancia de Hamming: 0
--------------------------------------------------
Original     --> [1 1 1 0 1 1 0 0 0 1 0 1 0 0 0 1 1 1 0 0 1 0 0 1 1 1 1 1 0 1 1 0]
Reconstruido --> [1 1 1 0 1 0 0 0 0 1 0 1 0 0 0 1 1 1 0 0 1 0 0 1 1 1 1 1 0 1 1 0] | Precisión: 0.97
Distancia de Hamming: 1
--------------------------------------------------
Original     --> [0 1 1 0 1 0 1 0 1 0 0 0 1 1 1 1 1 0 0 1 0 0 0 0 0 1 0 1 0 0 0 1]
Reconstruido --> [0 1 0 0 1 0 1 0 1 0 0 0 1 1 1 1 1 0 0 1 0 0 0 0 0 1 0 1 0 0 0 1] | Precisión: 0.97
Distancia de Hamming: 1
--------------------------------------------------
Original     --> [1 0 1 1 1 1 1 0 0 1 0 1 0 1 1 0 1 0 0 0 1 1 1 0 0 1 1 0 1 1 0 0]
Reconstruido --> [1 0 1 1 1 1 0 0 0 1 0 0 0 1 1 0 1 0 0 0 1 1 1 0 0 1 1 0 1 1 0 0] | Precisión: 0.94
Distancia de Hamming: 2
--------------------------------------------------
La media de la precisión del descifrado es 0.9392
Distancia media de Hamming = 1.9450 | Número de bits: 32
Número de reconstrucciones perfectas = 2794



EVALUACIÓN CON 1500:

Original     --> [0 1 0 0 0 0 0 1 0 0 1 0 0 1 1 0 1 0 0 0 1 1 0 0 0 1 1 1 1 1 1 0]
Reconstruido --> [0 1 0 0 0 0 0 1 0 0 1 0 0 1 0 0 1 0 0 0 1 1 0 0 0 1 1 1 1 1 1 0] | Precisión: 0.97
Distancia de Hamming: 1
--------------------------------------------------
Original     --> [0 1 0 0 1 0 0 0 0 1 0 1 1 0 1 1 1 0 1 0 1 1 1 0 0 0 1 0 0 1 1 1]
Reconstruido --> [0 1 0 0 1 0 0 0 0 1 0 1 1 0 1 1 1 0 1 0 1 1 1 0 0 0 1 0 0 1 1 1] | Precisión: 1.00
Distancia de Hamming: 0
--------------------------------------------------
Original     --> [0 0 0 0 0 0 1 1 0 0 1 0 1 0 1 1 1 1 0 0 1 1 0 0 0 1 0 0 0 0 1 1]
Reconstruido --> [0 0 0 0 0 0 1 1 0 0 1 0 1 0 0 1 1 1 0 0 1 1 0 0 0 1 0 0 0 0 1 1] | Precisión: 0.97
Distancia de Hamming: 1
--------------------------------------------------
Original     --> [0 0 1 0 0 1 1 1 1 1 1 0 0 1 1 0 1 1 1 0 1 0 1 0 0 0 1 1 1 1 1 1]
Reconstruido --> [0 0 0 0 0 1 1 1 1 1 1 0 0 1 1 0 1 1 1 0 1 0 1 0 0 0 1 1 1 1 1 1] | Precisión: 0.97
Distancia de Hamming: 1
--------------------------------------------------
Original     --> [0 1 1 1 1 1 1 1 1 1 1 1 0 0 0 1 1 1 1 1 1 1 0 0 0 0 0 0 0 1 1 0]
Reconstruido --> [0 1 1 1 1 0 1 1 1 1 1 1 0 0 0 1 1 1 1 1 1 1 0 0 0 0 0 0 0 1 1 0] | Precisión: 0.97
Distancia de Hamming: 1
--------------------------------------------------
Original     --> [1 0 1 0 1 1 0 0 0 1 0 1 0 1 0 1 0 0 1 1 0 0 1 1 1 0 0 0 1 0 0 1]
Reconstruido --> [1 0 1 0 1 1 0 0 0 1 0 1 0 1 1 1 0 0 1 1 0 0 1 1 1 0 0 0 1 0 0 0] | Precisión: 0.94
Distancia de Hamming: 2
--------------------------------------------------
Original     --> [1 0 0 1 0 1 0 0 0 1 0 0 0 1 0 0 1 0 0 1 0 1 1 0 0 0 1 0 1 1 1 0]
Reconstruido --> [1 0 0 1 0 1 0 0 0 1 0 0 0 1 1 0 1 0 0 1 0 1 1 0 0 0 1 0 1 1 1 0] | Precisión: 0.97
Distancia de Hamming: 1
--------------------------------------------------
Original     --> [0 1 0 1 1 0 0 0 1 0 1 1 1 1 0 1 0 0 0 0 1 1 1 1 0 1 1 0 0 1 0 1]
Reconstruido --> [0 1 1 1 1 0 0 0 1 0 1 1 1 1 1 0 0 0 0 0 1 1 1 1 0 1 1 0 0 1 0 1] | Precisión: 0.91
Distancia de Hamming: 3
--------------------------------------------------
Original     --> [1 1 0 0 0 1 0 0 0 1 0 0 1 0 1 0 0 1 1 1 1 1 1 0 1 1 1 1 1 1 0 1]
Reconstruido --> [1 1 0 0 0 1 0 0 0 1 0 0 1 0 1 0 0 1 1 1 1 1 1 0 1 1 1 1 1 1 0 1] | Precisión: 1.00
Distancia de Hamming: 0
--------------------------------------------------
Original     --> [1 0 0 0 0 0 1 1 0 1 0 1 0 0 1 1 0 0 0 0 0 0 0 0 1 0 1 0 0 1 0 1]
Reconstruido --> [1 0 0 0 0 0 1 1 0 1 0 1 0 0 1 1 0 0 0 0 0 0 0 0 1 0 1 0 0 1 0 1] | Precisión: 1.00
Distancia de Hamming: 0
--------------------------------------------------
La media de la precisión del descifrado es 0.9521
Distancia media de Hamming = 1.5327 | Número de bits: 32
Número de reconstrucciones perfectas = 3109



EVALUACIÓN CON 1800:

Original     --> [1 0 0 1 1 1 1 0 0 0 0 0 1 0 0 0 0 0 0 1 1 0 1 0 0 0 0 0 0 0 1 0]
Reconstruido --> [1 0 0 1 1 1 1 0 0 0 0 0 1 1 0 0 0 0 1 1 1 0 1 0 0 0 0 0 0 0 1 1] | Precisión: 0.91
Distancia de Hamming: 3
--------------------------------------------------
Original     --> [1 1 0 0 1 0 1 0 1 1 0 1 0 1 1 1 1 1 1 0 1 1 0 0 1 1 1 1 1 1 0 0]
Reconstruido --> [1 1 0 0 1 0 1 0 1 1 0 1 0 1 1 1 1 1 1 0 1 1 0 0 1 1 1 1 1 1 0 0] | Precisión: 1.00
Distancia de Hamming: 0
--------------------------------------------------
Original     --> [1 1 0 1 1 0 0 0 1 1 0 1 0 0 1 1 1 1 1 1 1 0 1 1 1 0 1 0 1 1 0 1]
Reconstruido --> [1 1 0 1 1 0 0 0 1 1 0 1 0 0 1 1 1 1 1 1 1 0 1 1 1 0 1 0 1 1 0 1] | Precisión: 1.00
Distancia de Hamming: 0
--------------------------------------------------
Original     --> [1 1 0 1 0 1 1 0 0 1 1 1 0 1 0 1 0 0 1 0 0 0 1 1 0 1 1 0 1 0 1 1]
Reconstruido --> [1 1 0 1 0 1 1 0 0 1 1 1 0 1 0 1 0 0 1 0 0 0 1 1 0 1 1 0 1 0 1 1] | Precisión: 1.00
Distancia de Hamming: 0
--------------------------------------------------
Original     --> [0 0 0 0 1 1 0 1 1 1 0 1 1 1 1 0 0 1 1 1 0 1 1 1 0 0 0 1 0 0 1 1]
Reconstruido --> [0 0 0 0 1 1 0 1 1 1 0 1 1 1 1 0 0 1 1 1 0 1 1 1 0 0 0 1 0 0 1 1] | Precisión: 1.00
Distancia de Hamming: 0
--------------------------------------------------
Original     --> [0 1 1 1 1 1 1 0 1 0 0 1 1 0 1 1 0 0 1 0 0 1 0 1 1 0 1 0 1 0 1 0]
Reconstruido --> [0 0 1 1 1 1 1 0 1 0 0 1 1 1 1 1 0 0 1 0 0 1 0 0 1 1 1 0 1 0 1 0] | Precisión: 0.88
Distancia de Hamming: 4
--------------------------------------------------
Original     --> [0 0 0 1 0 0 0 1 0 0 1 0 1 0 0 1 0 1 1 0 1 1 0 1 1 0 0 0 1 1 1 0]
Reconstruido --> [0 0 0 1 0 0 0 1 0 0 1 0 1 0 0 1 0 1 1 0 1 1 0 0 1 0 0 0 1 1 1 0] | Precisión: 0.97
Distancia de Hamming: 1
--------------------------------------------------
Original     --> [0 1 0 1 0 0 0 0 1 1 0 0 0 0 0 1 0 0 1 1 0 1 0 1 0 0 0 0 0 0 0 1]
Reconstruido --> [0 1 0 1 0 0 0 0 1 1 0 0 0 0 0 1 0 0 1 1 1 1 0 1 0 0 0 0 0 0 0 1] | Precisión: 0.97
Distancia de Hamming: 1
--------------------------------------------------
Original     --> [0 1 1 1 1 0 1 0 0 0 1 1 0 1 0 1 1 1 0 1 1 0 0 1 1 1 0 0 0 1 0 0]
Reconstruido --> [0 1 1 1 1 0 1 0 0 0 1 1 0 1 0 1 1 1 0 1 1 0 0 1 1 1 0 1 0 1 0 0] | Precisión: 0.97
Distancia de Hamming: 1
--------------------------------------------------
Original     --> [0 0 1 0 0 0 1 1 0 0 1 1 0 0 0 0 0 1 1 0 1 0 1 0 1 0 1 1 0 0 0 0]
Reconstruido --> [0 0 1 0 0 0 1 1 0 0 1 1 0 0 0 0 0 1 1 0 1 0 1 0 1 0 1 1 0 0 0 0] | Precisión: 1.00
Distancia de Hamming: 0
--------------------------------------------------
La media de la precisión del descifrado es 0.9525
Distancia media de Hamming = 1.5215 | Número de bits: 32
Número de reconstrucciones perfectas = 3807



EVALUACIÓN CON 2100:

Original     --> [1 1 0 1 1 1 0 1 0 1 1 0 1 0 1 1 0 0 1 0 1 1 0 0 0 0 1 0 0 0 0 1]
Reconstruido --> [1 1 0 1 1 1 0 0 0 1 1 0 1 0 1 1 0 0 1 0 1 1 0 0 0 0 1 0 0 0 0 1] | Precisión: 0.97
Distancia de Hamming: 1
--------------------------------------------------
Original     --> [0 1 1 1 0 0 1 1 1 1 0 0 0 1 0 1 1 0 1 0 1 1 1 0 0 1 1 1 0 1 1 1]
Reconstruido --> [0 1 1 1 0 0 1 1 1 1 0 0 0 1 0 1 1 0 1 0 1 1 1 0 0 1 1 1 0 1 1 1] | Precisión: 1.00
Distancia de Hamming: 0
--------------------------------------------------
Original     --> [1 1 0 0 0 1 0 1 1 1 1 0 0 0 1 0 1 1 1 0 0 0 1 1 0 1 0 0 0 1 0 1]
Reconstruido --> [1 1 0 0 0 1 0 1 1 1 1 0 0 0 1 0 0 1 1 1 0 0 1 1 0 1 1 0 1 1 0 1] | Precisión: 0.88
Distancia de Hamming: 4
--------------------------------------------------
Original     --> [1 0 0 1 0 0 1 1 1 1 1 0 0 1 0 1 0 1 0 0 0 0 1 1 1 1 0 0 0 0 1 1]
Reconstruido --> [0 0 1 1 0 0 0 1 1 1 1 0 0 1 0 1 0 1 1 0 0 0 1 1 1 0 0 1 0 0 1 1] | Precisión: 0.81
Distancia de Hamming: 6
--------------------------------------------------
Original     --> [1 1 1 1 1 0 1 1 0 1 0 0 1 1 1 0 1 1 1 1 0 1 0 1 0 0 0 0 1 0 1 0]
Reconstruido --> [1 1 1 1 1 0 1 1 0 1 0 0 1 1 1 0 1 1 1 1 0 1 0 1 0 0 0 0 1 0 1 0] | Precisión: 1.00
Distancia de Hamming: 0
--------------------------------------------------
Original     --> [0 0 0 0 1 1 0 1 0 0 1 0 1 1 0 1 1 1 0 1 1 0 1 0 1 1 0 0 0 0 1 0]
Reconstruido --> [0 0 0 0 1 1 0 1 0 0 1 0 1 1 0 1 1 1 0 1 1 0 1 0 1 1 1 0 0 0 1 0] | Precisión: 0.97
Distancia de Hamming: 1
--------------------------------------------------
Original     --> [1 1 0 0 0 1 1 1 0 0 0 1 1 1 0 0 0 1 0 1 0 0 0 1 1 0 1 1 0 0 0 0]
Reconstruido --> [1 1 0 0 0 1 1 1 0 0 0 1 1 1 0 0 0 1 0 1 0 0 0 1 1 0 1 1 0 0 0 0] | Precisión: 1.00
Distancia de Hamming: 0
--------------------------------------------------
Original     --> [1 1 1 1 0 0 1 1 0 0 1 1 1 1 1 0 0 1 0 0 1 0 0 0 1 1 1 0 0 0 1 1]
Reconstruido --> [1 1 1 1 0 0 1 1 0 0 1 1 1 1 1 0 0 1 0 0 1 0 0 0 1 1 1 0 0 0 0 1] | Precisión: 0.97
Distancia de Hamming: 1
--------------------------------------------------
Original     --> [1 0 0 1 0 0 1 0 1 1 0 1 1 1 0 0 0 1 0 0 1 1 1 0 0 0 1 0 1 0 1 1]
Reconstruido --> [1 0 0 1 0 0 0 0 1 0 1 1 1 1 0 0 1 1 0 0 1 1 1 0 0 0 1 0 0 0 0 1] | Precisión: 0.81
Distancia de Hamming: 6
--------------------------------------------------
Original     --> [0 0 1 1 0 1 0 1 1 1 1 1 0 1 1 0 1 0 0 1 1 1 0 1 1 0 1 0 1 0 0 1]
Reconstruido --> [0 0 1 1 0 1 0 1 0 1 1 1 0 1 1 0 1 0 0 1 1 1 0 1 1 0 1 0 1 0 0 1] | Precisión: 0.97
Distancia de Hamming: 1
--------------------------------------------------
La media de la precisión del descifrado es 0.9543
Distancia media de Hamming = 1.4637 | Número de bits: 32
Número de reconstrucciones perfectas = 4042



EVALUACIÓN CON 2400:

Original     --> [1 0 1 0 0 1 0 0 1 0 0 0 0 1 0 1 0 0 1 0 0 0 1 1 0 1 0 1 1 0 0 1]
Reconstruido --> [1 0 1 0 0 1 0 0 1 0 0 0 0 1 0 1 0 0 1 0 0 0 1 1 0 1 0 1 1 0 0 1] | Precisión: 1.00
Distancia de Hamming: 0
--------------------------------------------------
Original     --> [1 1 1 1 0 1 1 1 0 0 0 0 0 1 1 0 0 1 1 1 1 0 0 0 1 1 1 1 1 1 1 1]
Reconstruido --> [1 1 1 1 0 1 1 1 0 0 0 0 0 1 1 0 0 1 1 1 1 0 0 0 1 1 0 1 1 1 1 1] | Precisión: 0.97
Distancia de Hamming: 1
--------------------------------------------------
Original     --> [0 0 1 0 1 0 0 1 0 0 1 1 1 1 0 0 0 1 1 1 0 0 1 0 1 0 0 1 0 1 0 0]
Reconstruido --> [0 0 1 0 1 0 0 1 0 0 1 1 1 1 0 0 0 1 1 1 0 0 1 1 1 0 0 1 0 1 0 0] | Precisión: 0.97
Distancia de Hamming: 1
--------------------------------------------------
Original     --> [0 0 0 1 0 1 1 0 0 1 1 0 1 0 1 0 0 1 1 1 0 0 0 1 0 0 1 1 0 1 1 0]
Reconstruido --> [0 0 0 1 0 1 1 0 0 1 1 0 0 0 1 0 0 1 1 1 0 0 0 1 0 0 1 1 0 1 1 0] | Precisión: 0.97
Distancia de Hamming: 1
--------------------------------------------------
Original     --> [1 0 1 0 1 1 1 1 0 0 0 1 1 0 0 1 1 1 0 0 0 0 1 1 1 1 1 0 0 1 1 1]
Reconstruido --> [1 0 1 0 1 1 0 1 0 0 0 1 1 0 0 0 1 1 0 0 0 0 1 1 1 1 1 0 0 1 1 1] | Precisión: 0.94
Distancia de Hamming: 2
--------------------------------------------------
Original     --> [1 1 1 0 0 1 1 1 0 0 0 1 1 0 0 1 1 0 1 1 0 0 0 0 1 0 0 1 0 1 1 0]
Reconstruido --> [1 1 1 0 0 1 1 1 0 0 0 1 1 0 0 1 1 0 1 1 0 0 0 0 1 0 0 1 0 1 1 0] | Precisión: 1.00
Distancia de Hamming: 0
--------------------------------------------------
Original     --> [1 0 1 0 0 1 1 0 0 0 1 1 0 1 1 0 1 0 1 1 1 1 1 1 1 0 1 0 0 0 1 0]
Reconstruido --> [1 0 1 0 0 1 1 0 0 0 1 1 0 1 1 0 1 0 1 1 1 1 1 1 1 0 1 0 0 0 1 0] | Precisión: 1.00
Distancia de Hamming: 0
--------------------------------------------------
Original     --> [0 0 1 0 1 1 1 1 0 0 0 0 1 1 1 0 0 1 1 0 0 0 1 1 1 0 0 0 1 1 1 1]
Reconstruido --> [0 0 1 0 1 1 1 1 0 0 0 0 1 1 1 0 0 1 1 0 0 0 1 1 1 0 0 0 1 1 1 1] | Precisión: 1.00
Distancia de Hamming: 0
--------------------------------------------------
Original     --> [1 1 0 0 0 0 1 0 0 1 0 1 0 1 1 1 0 1 1 0 0 0 1 0 1 0 1 1 0 1 0 1]
Reconstruido --> [1 1 0 0 0 0 1 0 0 1 0 1 0 1 1 1 0 1 1 0 0 0 0 0 1 0 1 1 0 1 1 1] | Precisión: 0.94
Distancia de Hamming: 2
--------------------------------------------------
Original     --> [0 1 0 1 1 1 0 0 0 1 1 1 1 0 0 1 0 1 1 1 0 0 1 1 0 1 1 1 0 1 0 0]
Reconstruido --> [0 1 0 1 1 1 0 0 0 1 1 1 1 0 0 1 0 1 1 1 0 0 1 1 0 1 1 1 0 1 0 0] | Precisión: 1.00
Distancia de Hamming: 0
--------------------------------------------------
La media de la precisión del descifrado es 0.9552
Distancia media de Hamming = 1.4342 | Número de bits: 32
Número de reconstrucciones perfectas = 4122



EVALUACIÓN CON 2700:

Original     --> [1 0 1 0 1 0 0 0 0 0 0 0 1 0 1 0 0 0 1 1 1 0 1 0 0 0 1 0 0 0 1 0]
Reconstruido --> [1 0 1 0 1 0 0 0 0 0 0 0 1 0 1 0 0 0 1 1 1 0 1 0 0 0 1 0 0 0 1 0] | Precisión: 1.00
Distancia de Hamming: 0
--------------------------------------------------
Original     --> [1 0 1 1 1 1 1 0 1 1 0 0 1 1 0 1 0 1 0 1 0 0 0 1 0 1 0 0 1 0 0 0]
Reconstruido --> [1 0 1 1 1 1 1 0 1 1 0 0 1 1 0 1 0 1 0 1 0 0 0 1 0 1 0 0 1 0 0 0] | Precisión: 1.00
Distancia de Hamming: 0
--------------------------------------------------
Original     --> [0 0 1 1 1 1 1 1 1 0 0 0 0 1 1 1 1 0 1 0 1 0 1 0 1 1 0 1 1 1 0 0]
Reconstruido --> [0 0 1 1 1 1 1 1 1 0 0 0 0 1 1 1 1 0 1 0 1 0 1 0 1 1 0 1 1 1 0 0] | Precisión: 1.00
Distancia de Hamming: 0
--------------------------------------------------
Original     --> [0 0 1 0 1 0 0 0 1 1 1 1 1 1 1 1 1 1 0 0 1 1 0 0 0 1 0 1 0 1 1 1]
Reconstruido --> [0 0 0 0 1 0 0 1 1 1 1 1 1 0 1 1 1 1 0 0 1 1 0 0 1 1 1 1 0 1 1 1] | Precisión: 0.84
Distancia de Hamming: 5
--------------------------------------------------
Original     --> [0 1 1 0 1 0 1 1 1 0 1 0 0 0 0 0 1 0 1 1 0 1 1 1 1 0 1 0 0 1 0 0]
Reconstruido --> [0 0 1 0 1 0 1 1 1 0 1 0 0 1 0 0 1 0 1 1 0 1 1 1 1 0 1 0 0 1 0 0] | Precisión: 0.94
Distancia de Hamming: 2
--------------------------------------------------
Original     --> [1 0 0 1 1 0 0 0 1 1 1 0 1 1 1 0 0 1 1 0 1 0 1 0 1 0 0 0 1 1 0 1]
Reconstruido --> [1 0 0 1 1 0 0 0 1 1 1 0 1 1 1 0 0 1 1 0 1 0 1 0 1 0 0 0 1 1 0 1] | Precisión: 1.00
Distancia de Hamming: 0
--------------------------------------------------
Original     --> [0 1 0 0 0 0 0 1 0 1 1 1 1 1 1 1 0 0 1 1 1 1 0 1 1 1 1 0 1 1 0 1]
Reconstruido --> [0 1 0 0 0 0 0 1 0 1 1 1 1 1 1 1 0 0 1 1 1 1 0 1 1 1 1 0 1 1 0 1] | Precisión: 1.00
Distancia de Hamming: 0
--------------------------------------------------
Original     --> [1 0 0 0 0 0 0 1 0 0 0 0 1 0 1 0 0 0 1 1 0 1 1 0 1 1 0 1 1 0 0 1]
Reconstruido --> [1 0 1 0 0 0 0 1 0 0 0 0 1 0 1 0 0 0 1 1 0 1 1 0 1 1 0 1 1 0 0 1] | Precisión: 0.97
Distancia de Hamming: 1
--------------------------------------------------
Original     --> [1 0 1 1 0 1 1 1 1 1 1 1 0 0 1 0 1 1 1 1 1 0 0 1 0 0 0 1 1 0 0 0]
Reconstruido --> [1 0 1 1 0 1 1 1 1 1 1 1 0 0 1 0 1 1 1 1 1 0 0 1 0 0 0 1 1 0 0 0] | Precisión: 1.00
Distancia de Hamming: 0
--------------------------------------------------
Original     --> [0 1 0 1 0 1 0 0 0 1 0 1 1 1 0 0 1 0 0 1 0 0 0 1 0 1 0 1 0 1 0 1]
Reconstruido --> [0 1 0 1 0 1 0 0 0 1 0 1 1 1 0 0 1 0 0 1 0 0 0 1 0 1 0 1 0 1 0 1] | Precisión: 1.00
Distancia de Hamming: 0
--------------------------------------------------
La media de la precisión del descifrado es 0.9677
Distancia media de Hamming = 1.0327 | Número de bits: 32
Número de reconstrucciones perfectas = 5524



EVALUACIÓN CON 3000:

Original     --> [0 0 0 1 0 1 0 0 1 1 1 0 1 1 0 0 1 0 1 0 0 1 0 1 0 1 0 1 1 1 0 1]
Reconstruido --> [0 0 0 1 0 1 0 0 1 1 1 0 1 1 0 0 1 0 1 0 0 1 0 1 0 1 0 1 1 1 0 1] | Precisión: 1.00
Distancia de Hamming: 0
--------------------------------------------------
Original     --> [1 1 1 0 0 0 1 1 0 0 1 1 1 0 0 1 0 0 0 1 1 0 0 1 1 0 1 1 1 1 1 1]
Reconstruido --> [0 1 1 0 0 0 1 1 0 0 1 1 1 0 0 1 0 0 0 1 1 0 0 1 1 1 1 1 0 1 1 1] | Precisión: 0.91
Distancia de Hamming: 3
--------------------------------------------------
Original     --> [0 1 1 1 1 1 1 1 0 1 1 0 0 1 0 1 0 1 1 1 0 0 0 0 1 0 0 0 1 1 0 1]
Reconstruido --> [0 1 1 1 1 1 1 1 1 1 1 0 0 1 1 1 0 1 1 1 0 0 0 0 1 0 0 0 1 1 0 1] | Precisión: 0.94
Distancia de Hamming: 2
--------------------------------------------------
Original     --> [1 1 1 1 0 1 1 1 1 0 1 0 0 0 1 0 1 1 1 1 1 0 1 1 0 0 0 1 1 1 0 0]
Reconstruido --> [1 1 1 1 0 1 1 1 1 0 1 0 0 0 1 0 1 1 1 1 1 0 1 1 0 0 0 1 1 1 0 0] | Precisión: 1.00
Distancia de Hamming: 0
--------------------------------------------------
Original     --> [1 0 1 1 1 0 1 1 1 0 0 0 1 1 1 0 0 0 1 1 1 0 0 0 1 0 0 1 1 1 0 0]
Reconstruido --> [1 0 1 1 1 0 1 1 1 0 0 0 1 1 1 0 0 0 1 1 1 0 0 0 1 0 0 1 1 1 0 0] | Precisión: 1.00
Distancia de Hamming: 0
--------------------------------------------------
Original     --> [0 0 1 1 0 1 1 1 1 1 0 0 1 1 1 1 0 1 0 1 0 0 0 0 0 0 1 1 1 1 0 1]
Reconstruido --> [0 0 1 1 0 1 1 1 1 1 0 0 1 1 1 1 0 1 0 1 0 0 0 0 0 0 1 1 1 1 0 1] | Precisión: 1.00
Distancia de Hamming: 0
--------------------------------------------------
Original     --> [0 0 1 0 1 0 0 1 0 0 1 1 0 0 1 1 0 0 1 1 0 0 1 1 1 0 1 0 0 0 1 0]
Reconstruido --> [0 0 1 0 1 0 0 1 0 0 1 1 0 0 1 1 0 0 1 1 0 0 1 1 1 0 1 0 0 0 1 0] | Precisión: 1.00
Distancia de Hamming: 0
--------------------------------------------------
Original     --> [0 0 1 1 0 1 1 1 1 1 0 1 1 0 1 1 0 1 0 1 0 1 0 1 1 1 0 1 0 1 0 0]
Reconstruido --> [0 0 1 1 0 1 1 1 1 1 0 1 1 0 1 1 0 1 0 1 1 1 0 1 1 1 0 1 0 1 1 0] | Precisión: 0.94
Distancia de Hamming: 2
--------------------------------------------------
Original     --> [0 0 0 1 1 0 1 1 1 1 0 1 0 0 1 0 0 0 1 1 1 1 1 0 1 1 0 0 0 1 1 0]
Reconstruido --> [0 0 0 1 1 0 1 1 1 1 0 1 0 0 1 0 0 0 1 1 1 1 1 0 1 1 0 0 0 1 1 0] | Precisión: 1.00
Distancia de Hamming: 0
--------------------------------------------------
Original     --> [0 1 1 1 0 0 0 0 1 1 0 0 1 0 1 1 0 1 0 0 1 1 0 0 0 1 1 1 1 1 1 1]
Reconstruido --> [0 1 1 1 0 0 0 0 1 1 0 0 1 0 1 1 0 1 0 0 1 1 0 0 0 1 1 1 1 1 1 1] | Precisión: 1.00
Distancia de Hamming: 0
--------------------------------------------------
La media de la precisión del descifrado es 0.9686
Distancia media de Hamming = 1.0053 | Número de bits: 32
Número de reconstrucciones perfectas = 5556



EVALUACIÓN CON 3300:

Original     --> [1 0 0 1 0 0 0 0 0 0 1 1 0 1 1 0 0 1 1 1 0 1 0 1 0 0 1 1 0 1 1 1]
Reconstruido --> [1 0 0 1 0 0 0 0 0 0 1 1 0 1 1 0 0 1 1 1 0 1 0 1 0 0 1 1 0 1 1 1] | Precisión: 1.00
Distancia de Hamming: 0
--------------------------------------------------
Original     --> [0 0 0 1 1 0 1 0 0 1 0 1 0 0 1 1 0 0 1 0 0 1 0 1 1 1 0 1 1 0 0 1]
Reconstruido --> [0 0 0 1 1 0 1 0 0 1 0 1 0 0 1 1 0 0 1 0 0 1 0 1 1 1 0 1 1 0 0 1] | Precisión: 1.00
Distancia de Hamming: 0
--------------------------------------------------
Original     --> [1 0 0 0 1 0 0 1 1 1 0 1 0 1 1 0 1 0 1 0 1 0 1 0 0 0 0 0 1 0 1 0]
Reconstruido --> [1 0 0 0 1 0 0 1 1 1 0 1 0 1 1 0 0 0 1 0 1 0 1 0 0 0 0 0 1 0 1 0] | Precisión: 0.97
Distancia de Hamming: 1
--------------------------------------------------
Original     --> [1 0 1 0 1 1 1 0 0 1 1 1 1 1 0 0 0 1 0 0 1 1 0 0 1 0 0 1 0 0 1 1]
Reconstruido --> [1 0 1 0 1 1 1 0 0 1 1 1 0 1 0 0 1 1 0 0 1 1 0 0 1 0 0 1 0 0 1 1] | Precisión: 0.94
Distancia de Hamming: 2
--------------------------------------------------
Original     --> [0 0 1 1 1 0 0 0 1 1 1 0 0 0 0 1 0 0 1 0 1 0 0 0 0 1 0 0 1 0 0 1]
Reconstruido --> [0 0 1 1 1 0 0 0 1 1 1 0 0 0 0 1 0 0 1 0 1 0 0 0 0 1 0 0 1 0 0 1] | Precisión: 1.00
Distancia de Hamming: 0
--------------------------------------------------
Original     --> [0 1 1 0 1 0 1 0 0 0 1 0 1 0 0 0 0 1 1 1 0 0 0 1 1 0 1 1 0 1 1 1]
Reconstruido --> [0 1 1 0 1 0 1 0 0 0 1 0 0 0 0 1 0 0 1 0 0 0 0 1 1 0 1 1 0 0 1 1] | Precisión: 0.84
Distancia de Hamming: 5
--------------------------------------------------
Original     --> [1 0 0 1 1 1 1 1 1 1 0 1 1 1 1 0 1 0 0 0 0 0 0 1 1 1 1 0 0 0 1 0]
Reconstruido --> [0 0 0 1 0 1 1 1 1 0 0 1 1 1 1 0 1 0 1 0 1 0 0 1 1 1 1 0 0 0 1 0] | Precisión: 0.84
Distancia de Hamming: 5
--------------------------------------------------
Original     --> [1 1 0 1 1 0 0 0 0 0 0 0 1 1 1 1 1 0 1 0 1 0 0 0 1 0 1 0 0 0 0 0]
Reconstruido --> [1 1 0 1 1 0 0 0 0 0 0 0 1 1 1 1 1 0 1 0 1 0 0 0 1 0 1 0 0 0 0 0] | Precisión: 1.00
Distancia de Hamming: 0
--------------------------------------------------
Original     --> [1 0 1 1 0 1 0 1 0 1 0 1 1 1 1 1 1 0 0 0 0 1 0 1 1 1 0 0 1 0 1 0]
Reconstruido --> [0 0 1 1 0 1 0 1 0 1 0 1 1 1 1 1 1 1 0 0 0 1 0 1 1 0 0 0 1 0 1 0] | Precisión: 0.91
Distancia de Hamming: 3
--------------------------------------------------
Original     --> [1 0 1 0 0 1 0 0 1 1 1 1 0 1 1 0 1 1 1 1 0 0 1 0 1 0 0 0 0 1 0 0]
Reconstruido --> [1 0 1 0 0 0 0 1 1 1 1 1 0 1 1 0 1 1 1 1 0 0 1 0 1 0 0 0 1 1 0 0] | Precisión: 0.91
Distancia de Hamming: 3
--------------------------------------------------
La media de la precisión del descifrado es 0.9666
Distancia media de Hamming = 1.0678 | Número de bits: 32
Número de reconstrucciones perfectas = 5481



EVALUACIÓN CON 3600:

Original     --> [0 1 0 1 0 1 0 1 0 1 0 0 0 1 0 0 0 1 0 0 1 0 1 1 0 0 0 0 1 0 0 1]
Reconstruido --> [0 1 0 1 0 0 0 1 0 1 0 0 0 1 0 0 0 1 0 0 1 0 1 1 0 0 0 0 1 0 1 1] | Precisión: 0.94
Distancia de Hamming: 2
--------------------------------------------------
Original     --> [1 0 1 1 0 0 1 1 0 0 1 0 0 1 0 1 1 0 1 1 1 0 0 1 0 0 1 0 0 0 1 0]
Reconstruido --> [1 0 1 1 0 0 1 1 0 0 1 0 0 1 0 1 1 0 1 1 1 0 0 1 0 0 1 0 0 0 1 0] | Precisión: 1.00
Distancia de Hamming: 0
--------------------------------------------------
Original     --> [1 0 1 1 0 1 1 1 0 1 0 0 0 0 0 1 1 1 1 1 0 1 1 1 0 0 0 1 0 1 0 0]
Reconstruido --> [1 0 1 1 0 1 1 1 0 1 0 0 0 0 0 1 1 1 1 1 0 1 1 1 0 0 0 1 0 1 0 0] | Precisión: 1.00
Distancia de Hamming: 0
--------------------------------------------------
Original     --> [1 0 0 1 0 1 1 0 1 0 1 0 0 0 0 1 0 0 1 0 0 0 0 0 1 1 1 1 1 1 1 0]
Reconstruido --> [1 0 0 1 0 1 1 0 1 0 1 0 0 0 0 1 0 0 1 0 0 0 0 0 1 1 1 1 1 1 1 0] | Precisión: 1.00
Distancia de Hamming: 0
--------------------------------------------------
Original     --> [0 0 1 0 0 0 0 1 0 1 0 1 0 1 1 1 1 0 0 0 0 0 1 1 0 0 0 1 0 1 1 0]
Reconstruido --> [0 0 1 0 0 0 0 1 0 1 0 1 0 1 1 1 1 0 0 0 0 0 1 1 0 0 0 1 0 1 1 0] | Precisión: 1.00
Distancia de Hamming: 0
--------------------------------------------------
Original     --> [0 1 1 1 1 1 1 0 0 0 1 1 1 0 1 0 0 1 0 1 1 0 0 0 1 0 1 0 1 0 0 0]
Reconstruido --> [0 1 1 1 1 1 1 0 0 0 0 1 1 0 1 0 0 1 0 1 1 0 0 0 1 0 1 0 1 0 0 1] | Precisión: 0.94
Distancia de Hamming: 2
--------------------------------------------------
Original     --> [0 1 1 1 0 0 0 0 0 1 1 0 0 1 0 1 0 0 1 1 1 0 1 0 1 1 0 1 1 0 0 1]
Reconstruido --> [0 1 1 1 0 0 0 0 0 1 1 0 0 1 0 1 0 0 1 1 1 0 1 0 1 1 0 1 1 0 0 1] | Precisión: 1.00
Distancia de Hamming: 0
--------------------------------------------------
Original     --> [0 0 1 1 0 0 1 1 0 1 1 0 1 1 0 1 0 1 0 0 1 0 1 0 1 0 1 1 1 1 1 1]
Reconstruido --> [0 0 1 1 0 0 1 1 0 0 1 0 1 1 0 1 0 1 0 0 0 0 1 0 0 0 0 1 1 1 1 1] | Precisión: 0.88
Distancia de Hamming: 4
--------------------------------------------------
Original     --> [0 0 0 1 1 1 1 1 0 1 0 1 1 0 0 1 1 1 1 1 0 1 0 0 0 1 0 0 0 1 0 1]
Reconstruido --> [0 0 0 1 1 1 1 1 0 1 0 1 1 0 0 1 1 1 1 1 0 0 0 0 0 1 0 0 0 1 0 1] | Precisión: 0.97
Distancia de Hamming: 1
--------------------------------------------------
Original     --> [1 0 0 0 1 0 0 0 0 1 1 0 1 1 1 1 0 0 0 1 1 1 0 1 0 0 1 1 0 1 1 1]
Reconstruido --> [1 0 0 0 1 0 0 0 0 1 1 0 1 1 1 1 0 0 0 1 1 1 0 1 0 0 1 1 0 1 1 1] | Precisión: 1.00
Distancia de Hamming: 0
--------------------------------------------------
La media de la precisión del descifrado es 0.9679
Distancia media de Hamming = 1.0274 | Número de bits: 32
Número de reconstrucciones perfectas = 5427



EVALUACIÓN CON 3900:

Original     --> [1 1 0 0 1 0 1 1 0 1 1 0 1 1 1 1 0 0 0 1 1 0 1 0 0 1 1 0 0 1 0 0]
Reconstruido --> [1 1 0 0 1 0 1 1 0 1 1 0 1 1 1 1 0 0 0 1 1 0 1 0 0 1 1 0 0 1 0 0] | Precisión: 1.00
Distancia de Hamming: 0
--------------------------------------------------
Original     --> [1 0 0 1 0 0 1 1 0 1 1 0 1 1 1 0 1 1 0 1 1 1 0 0 1 0 1 0 1 0 0 0]
Reconstruido --> [1 0 0 1 0 0 1 1 0 1 1 0 1 1 1 0 1 1 0 0 1 1 0 1 1 0 1 0 1 0 0 0] | Precisión: 0.94
Distancia de Hamming: 2
--------------------------------------------------
Original     --> [1 1 0 1 0 0 1 1 1 1 1 1 1 1 0 0 0 1 1 1 1 0 1 1 1 0 0 1 0 1 0 1]
Reconstruido --> [1 1 0 1 0 0 1 1 1 1 1 1 1 1 0 0 0 1 1 1 1 0 1 1 1 0 0 1 0 1 0 1] | Precisión: 1.00
Distancia de Hamming: 0
--------------------------------------------------
Original     --> [1 0 0 0 1 0 0 1 1 0 0 1 1 1 0 0 0 0 1 1 1 0 0 0 0 1 0 1 0 0 0 1]
Reconstruido --> [1 0 0 0 1 0 0 1 0 0 0 1 1 1 0 0 0 0 1 1 0 0 0 0 0 1 0 1 0 0 0 1] | Precisión: 0.94
Distancia de Hamming: 2
--------------------------------------------------
Original     --> [1 0 1 1 1 0 0 1 0 1 1 0 0 0 1 1 0 1 1 0 0 1 1 1 0 1 0 1 0 0 0 0]
Reconstruido --> [1 0 1 1 1 0 0 1 0 1 1 0 0 0 1 0 0 1 1 0 0 1 1 1 0 1 0 1 0 0 0 0] | Precisión: 0.97
Distancia de Hamming: 1
--------------------------------------------------
Original     --> [1 1 1 1 0 0 1 1 1 1 1 0 1 0 1 0 1 0 1 0 0 0 1 1 0 1 0 1 1 1 1 1]
Reconstruido --> [1 1 1 1 0 0 1 1 1 1 1 0 1 0 1 0 1 0 1 1 0 0 1 1 0 1 0 1 1 1 1 1] | Precisión: 0.97
Distancia de Hamming: 1
--------------------------------------------------
Original     --> [1 0 0 0 1 0 0 1 0 1 0 0 1 0 1 0 1 1 1 1 0 1 1 0 0 1 0 0 1 1 0 1]
Reconstruido --> [1 0 0 0 1 0 0 1 0 1 0 0 1 0 1 0 1 1 1 1 0 1 1 0 0 1 0 0 1 1 0 1] | Precisión: 1.00
Distancia de Hamming: 0
--------------------------------------------------
Original     --> [0 1 1 0 0 1 1 0 1 0 0 0 1 1 1 0 0 0 1 1 1 0 1 1 0 0 1 0 0 1 0 1]
Reconstruido --> [0 0 1 0 0 1 1 0 1 0 0 0 1 0 1 0 1 0 1 1 1 0 1 1 0 0 1 0 0 1 0 1] | Precisión: 0.91
Distancia de Hamming: 3
--------------------------------------------------
Original     --> [0 1 0 0 1 1 0 0 0 1 1 0 1 0 1 0 0 1 0 0 0 1 0 1 1 1 1 1 0 1 1 0]
Reconstruido --> [1 1 0 0 1 0 0 0 0 1 1 0 1 0 1 1 0 1 0 0 0 1 0 1 1 1 1 1 1 1 1 0] | Precisión: 0.88
Distancia de Hamming: 4
--------------------------------------------------
Original     --> [1 1 0 1 1 1 0 1 0 0 0 0 0 0 0 0 1 0 0 1 1 1 0 0 1 1 1 0 1 1 0 0]
Reconstruido --> [1 1 0 1 1 1 0 1 0 0 0 0 0 0 0 0 1 0 0 1 0 1 0 0 1 1 1 0 1 1 0 0] | Precisión: 0.97
Distancia de Hamming: 1
--------------------------------------------------
La media de la precisión del descifrado es 0.9660
Distancia media de Hamming = 1.0883 | Número de bits: 32
Número de reconstrucciones perfectas = 5187



EVALUACIÓN CON 4200:

Original     --> [0 0 0 0 1 0 0 0 1 1 1 1 1 0 1 0 1 0 1 1 0 1 0 1 0 1 0 0 1 1 1 0]
Reconstruido --> [0 0 0 0 1 0 0 0 1 1 1 1 1 0 1 1 1 0 1 1 0 1 0 1 0 1 0 0 1 1 0 0] | Precisión: 0.94
Distancia de Hamming: 2
--------------------------------------------------
Original     --> [1 0 1 1 1 0 1 0 1 1 1 1 0 0 0 0 0 0 0 0 0 0 1 0 1 1 0 0 1 1 0 0]
Reconstruido --> [1 0 1 1 1 0 1 0 1 1 1 1 0 0 0 0 0 0 0 0 0 0 1 0 1 1 0 0 1 1 0 0] | Precisión: 1.00
Distancia de Hamming: 0
--------------------------------------------------
Original     --> [0 1 1 0 0 1 0 1 0 1 0 0 0 0 1 0 1 0 0 1 0 0 1 0 0 0 0 0 0 0 0 0]
Reconstruido --> [0 1 1 0 0 1 0 1 0 1 0 0 0 0 1 0 1 0 0 1 1 0 0 0 0 0 0 0 0 0 0 0] | Precisión: 0.94
Distancia de Hamming: 2
--------------------------------------------------
Original     --> [1 1 0 1 1 1 0 1 1 0 0 1 1 1 0 1 0 0 0 1 1 1 0 1 0 0 0 0 1 1 0 1]
Reconstruido --> [1 1 0 0 1 0 0 1 1 0 0 1 1 1 0 1 1 0 0 1 0 1 1 1 0 0 0 0 1 1 0 1] | Precisión: 0.84
Distancia de Hamming: 5
--------------------------------------------------
Original     --> [0 0 0 0 1 0 1 1 1 0 1 0 0 1 0 1 0 0 1 1 0 0 0 0 0 0 0 0 1 1 0 0]
Reconstruido --> [0 0 0 0 1 0 1 1 1 0 1 0 0 1 0 1 0 0 1 1 0 0 0 0 0 0 0 0 1 1 0 0] | Precisión: 1.00
Distancia de Hamming: 0
--------------------------------------------------
Original     --> [0 0 0 1 0 1 1 1 1 0 1 0 0 0 1 0 1 1 0 1 0 0 1 0 0 0 0 1 0 0 0 0]
Reconstruido --> [0 0 0 1 0 1 1 1 1 0 1 0 1 0 1 0 1 1 0 1 0 0 0 0 0 0 0 1 0 0 0 0] | Precisión: 0.94
Distancia de Hamming: 2
--------------------------------------------------
Original     --> [0 1 0 1 1 1 1 0 1 1 0 1 1 0 1 0 0 0 1 0 0 0 1 1 0 0 1 0 0 0 1 0]
Reconstruido --> [0 1 0 1 1 0 1 0 1 1 0 1 1 0 1 0 0 0 1 0 0 0 1 1 0 0 1 0 0 0 1 0] | Precisión: 0.97
Distancia de Hamming: 1
--------------------------------------------------
Original     --> [1 1 0 1 0 0 1 1 0 1 0 1 1 0 1 1 0 0 0 1 0 1 1 1 1 1 0 0 1 1 0 1]
Reconstruido --> [1 1 0 1 0 0 1 1 0 1 0 1 1 0 1 1 0 0 0 1 0 1 1 1 1 1 0 0 1 1 0 1] | Precisión: 1.00
Distancia de Hamming: 0
--------------------------------------------------
Original     --> [1 1 0 0 0 1 1 1 0 1 0 1 1 0 0 0 1 0 0 1 0 0 1 0 1 1 1 1 1 1 1 0]
Reconstruido --> [1 1 0 0 0 1 1 1 0 1 0 1 1 0 0 0 1 0 0 1 1 0 0 0 1 1 1 1 1 1 1 0] | Precisión: 0.94
Distancia de Hamming: 2
--------------------------------------------------
Original     --> [0 1 0 1 1 1 1 0 0 1 1 1 1 0 0 0 0 1 1 0 0 1 0 0 1 1 0 1 1 1 1 0]
Reconstruido --> [0 1 0 1 1 1 1 0 0 1 1 1 1 0 0 0 0 1 0 0 0 1 0 0 1 1 0 1 1 1 1 0] | Precisión: 0.97
Distancia de Hamming: 1
--------------------------------------------------
La media de la precisión del descifrado es 0.9667
Distancia media de Hamming = 1.0649 | Número de bits: 32
Número de reconstrucciones perfectas = 5331



EVALUACIÓN CON 4500:

Original     --> [1 1 1 0 0 1 1 1 0 0 1 1 1 1 1 0 1 0 1 1 1 0 0 1 0 0 0 1 1 0 0 1]
Reconstruido --> [1 1 1 0 0 1 1 1 0 0 1 1 1 1 1 0 1 0 1 1 1 1 0 1 1 0 0 1 1 1 0 1] | Precisión: 0.91
Distancia de Hamming: 3
--------------------------------------------------
Original     --> [0 1 1 0 0 1 1 0 0 0 1 0 0 1 0 0 1 0 0 0 1 1 0 1 1 0 0 0 0 0 1 1]
Reconstruido --> [0 1 1 0 0 1 1 0 0 0 1 0 0 1 0 0 1 0 0 0 1 1 0 1 1 0 0 0 0 0 1 1] | Precisión: 1.00
Distancia de Hamming: 0
--------------------------------------------------
Original     --> [0 1 0 1 1 0 0 1 1 1 1 0 0 0 0 1 1 0 0 0 0 1 1 1 1 0 0 1 1 1 0 0]
Reconstruido --> [0 1 0 1 1 0 0 1 0 1 1 0 0 0 1 1 1 0 0 0 0 0 1 1 1 0 0 1 1 1 0 0] | Precisión: 0.91
Distancia de Hamming: 3
--------------------------------------------------
Original     --> [1 0 0 1 0 0 1 0 0 1 0 0 0 1 0 0 0 1 1 0 0 1 1 1 1 1 1 0 1 1 1 0]
Reconstruido --> [1 0 0 1 0 0 1 0 0 1 0 0 0 1 0 0 0 0 1 0 0 1 1 1 0 1 1 0 1 0 1 0] | Precisión: 0.91
Distancia de Hamming: 3
--------------------------------------------------
Original     --> [0 1 0 0 1 0 0 1 0 0 1 1 1 1 0 1 0 1 0 0 0 1 1 1 1 1 0 0 1 0 1 0]
Reconstruido --> [0 1 0 0 1 0 0 1 0 0 1 1 1 1 0 1 0 1 0 0 0 1 1 1 1 1 0 0 1 0 1 0] | Precisión: 1.00
Distancia de Hamming: 0
--------------------------------------------------
Original     --> [1 1 1 0 1 1 0 1 0 1 0 0 1 1 1 0 0 1 1 0 1 0 0 0 0 1 0 1 1 0 1 0]
Reconstruido --> [1 1 1 0 1 1 0 1 0 1 0 0 1 1 0 0 0 1 1 0 1 0 0 0 0 1 0 1 1 1 1 0] | Precisión: 0.94
Distancia de Hamming: 2
--------------------------------------------------
Original     --> [0 1 0 1 1 0 1 1 0 0 0 1 0 0 1 1 0 0 1 0 1 1 0 1 1 0 0 1 1 1 1 1]
Reconstruido --> [0 1 0 1 1 0 1 1 0 0 0 1 0 0 1 1 0 0 1 0 1 1 0 1 1 0 0 1 1 1 1 1] | Precisión: 1.00
Distancia de Hamming: 0
--------------------------------------------------
Original     --> [0 1 0 0 0 0 1 1 0 1 0 1 1 1 0 0 1 1 1 1 0 1 0 0 1 1 0 0 1 1 1 0]
Reconstruido --> [0 1 0 0 0 0 1 1 0 1 0 1 1 1 0 0 1 1 1 1 1 1 0 0 0 1 0 0 1 0 1 0] | Precisión: 0.91
Distancia de Hamming: 3
--------------------------------------------------
Original     --> [0 1 1 0 0 1 0 0 0 0 0 1 0 1 1 0 0 1 1 1 0 1 1 1 1 0 1 1 0 0 1 1]
Reconstruido --> [0 1 1 0 0 1 0 0 0 0 0 1 0 1 1 0 0 1 1 1 0 1 1 1 1 0 1 1 0 0 1 1] | Precisión: 1.00
Distancia de Hamming: 0
--------------------------------------------------
Original     --> [0 0 0 1 1 1 1 0 1 1 0 0 1 0 0 1 1 0 1 0 1 1 0 0 1 1 1 0 1 0 1 0]
Reconstruido --> [0 0 0 1 1 1 1 0 1 1 0 0 1 0 0 1 0 0 1 0 1 1 0 0 1 1 1 0 1 0 1 0] | Precisión: 0.97
Distancia de Hamming: 1
--------------------------------------------------
La media de la precisión del descifrado es 0.9668
Distancia media de Hamming = 1.0617 | Número de bits: 32
Número de reconstrucciones perfectas = 5429



EVALUACIÓN CON 4800:

Original     --> [1 1 0 1 1 1 1 0 0 0 1 1 1 0 0 1 0 0 0 1 1 0 1 1 1 1 1 0 1 0 1 0]
Reconstruido --> [1 1 0 1 1 1 1 0 0 0 1 1 1 0 0 1 0 0 0 1 1 0 1 1 1 1 1 0 1 0 1 0] | Precisión: 1.00
Distancia de Hamming: 0
--------------------------------------------------
Original     --> [0 1 1 0 0 0 1 1 1 0 1 1 0 0 0 0 0 0 1 1 0 1 0 0 0 0 0 0 1 0 0 1]
Reconstruido --> [0 1 1 0 0 0 0 1 1 0 1 1 0 0 0 0 0 0 1 1 0 1 0 0 0 0 0 0 1 0 0 1] | Precisión: 0.97
Distancia de Hamming: 1
--------------------------------------------------
Original     --> [0 1 1 1 1 1 0 0 0 0 1 0 1 1 1 1 0 0 1 0 0 1 0 1 0 1 0 0 0 0 1 0]
Reconstruido --> [0 1 1 1 1 1 0 0 0 0 1 0 1 1 1 1 0 0 1 0 0 1 0 1 0 1 0 0 0 0 1 0] | Precisión: 1.00
Distancia de Hamming: 0
--------------------------------------------------
Original     --> [0 1 0 1 0 1 0 1 1 0 1 0 0 1 0 1 0 0 1 1 0 0 0 0 1 1 0 0 0 1 0 1]
Reconstruido --> [0 1 0 1 0 1 0 1 1 0 1 0 0 1 0 1 0 0 1 1 0 0 0 0 1 1 0 0 0 1 0 1] | Precisión: 1.00
Distancia de Hamming: 0
--------------------------------------------------
Original     --> [1 1 0 1 0 1 0 0 0 1 0 1 1 0 0 0 0 0 0 0 0 1 1 0 0 0 1 1 0 1 0 0]
Reconstruido --> [1 1 0 1 0 1 0 0 0 1 0 1 1 0 0 0 0 0 0 0 0 0 1 1 0 0 1 1 0 1 0 0] | Precisión: 0.94
Distancia de Hamming: 2
--------------------------------------------------
Original     --> [0 1 1 0 0 1 0 1 1 1 1 1 1 1 0 1 1 0 1 0 1 0 1 1 0 0 0 1 0 0 0 1]
Reconstruido --> [0 1 1 0 0 1 0 1 0 1 1 1 1 1 0 1 1 0 1 0 0 0 1 0 0 1 0 1 0 0 0 1] | Precisión: 0.88
Distancia de Hamming: 4
--------------------------------------------------
Original     --> [0 1 0 0 1 1 1 0 1 0 1 1 0 1 1 0 1 1 1 0 1 0 0 0 0 0 0 1 1 0 0 0]
Reconstruido --> [0 1 0 0 1 1 1 0 1 0 1 1 0 1 1 0 1 1 1 0 1 0 0 0 0 0 0 1 1 0 0 0] | Precisión: 1.00
Distancia de Hamming: 0
--------------------------------------------------
Original     --> [1 0 1 0 1 1 0 1 0 1 1 1 0 0 1 1 0 0 0 0 1 0 0 0 0 0 0 1 0 1 0 0]
Reconstruido --> [1 0 1 0 1 1 0 1 0 1 1 1 0 0 1 1 0 0 0 0 1 0 0 0 0 0 0 1 0 1 0 0] | Precisión: 1.00
Distancia de Hamming: 0
--------------------------------------------------
Original     --> [0 0 0 1 1 1 0 1 0 0 1 0 1 0 0 1 0 0 1 1 0 0 0 0 1 0 1 0 0 0 1 1]
Reconstruido --> [0 0 0 1 1 1 0 1 0 0 1 0 1 0 0 1 0 0 1 1 0 0 0 0 1 0 1 0 0 0 1 1] | Precisión: 1.00
Distancia de Hamming: 0
--------------------------------------------------
Original     --> [0 1 1 0 1 1 1 0 0 0 0 1 0 1 1 1 1 0 0 1 1 1 1 0 0 0 0 1 1 1 0 1]
Reconstruido --> [0 1 1 0 1 1 1 0 0 0 0 1 0 1 1 1 1 0 0 1 1 1 1 0 0 0 0 1 1 1 0 1] | Precisión: 1.00
Distancia de Hamming: 0
--------------------------------------------------
La media de la precisión del descifrado es 0.9714
Distancia media de Hamming = 0.9157 | Número de bits: 32
Número de reconstrucciones perfectas = 5909



EVALUACIÓN CON 5100:

Original     --> [0 0 1 0 1 1 0 0 0 1 1 1 0 1 1 0 0 1 1 0 0 1 0 1 1 1 1 1 1 1 0 1]
Reconstruido --> [0 0 1 0 1 1 0 0 0 0 1 1 0 1 1 0 0 1 0 0 1 1 0 1 1 1 1 1 1 1 0 1] | Precisión: 0.91
Distancia de Hamming: 3
--------------------------------------------------
Original     --> [0 1 1 0 1 1 1 0 0 0 1 1 1 1 1 0 0 1 1 1 1 1 1 1 0 0 0 0 0 0 1 0]
Reconstruido --> [0 1 1 0 1 1 1 0 0 0 1 1 1 1 1 0 0 1 1 1 1 1 1 1 0 0 0 0 0 0 1 0] | Precisión: 1.00
Distancia de Hamming: 0
--------------------------------------------------
Original     --> [0 1 0 0 1 0 1 1 1 1 0 1 1 0 1 0 0 1 1 0 0 0 1 1 0 1 1 0 1 0 1 0]
Reconstruido --> [0 1 0 0 1 0 1 1 1 1 0 1 1 0 1 0 0 1 1 0 0 0 1 1 0 1 1 0 1 0 1 0] | Precisión: 1.00
Distancia de Hamming: 0
--------------------------------------------------
Original     --> [0 0 0 1 1 1 1 0 0 1 1 1 1 0 0 1 0 0 1 0 0 0 0 0 0 1 0 0 0 1 0 1]
Reconstruido --> [0 0 0 1 1 1 1 0 0 0 1 0 1 0 0 1 0 0 1 0 1 0 0 0 1 0 0 1 0 1 0 1] | Precisión: 0.81
Distancia de Hamming: 6
--------------------------------------------------
Original     --> [1 1 1 1 1 0 0 1 0 0 0 1 1 0 1 0 1 1 0 0 0 1 0 0 0 0 1 1 1 1 1 0]
Reconstruido --> [1 1 1 1 1 0 0 1 0 0 0 1 1 0 1 0 1 1 0 0 0 1 0 0 0 0 1 1 1 1 1 0] | Precisión: 1.00
Distancia de Hamming: 0
--------------------------------------------------
Original     --> [0 0 0 1 1 1 0 1 0 1 0 1 1 0 0 1 0 1 0 0 1 1 1 0 1 0 1 0 1 0 1 1]
Reconstruido --> [0 0 0 1 1 1 0 1 0 1 0 1 1 0 0 1 0 1 1 0 1 1 1 0 1 0 1 0 1 0 1 1] | Precisión: 0.97
Distancia de Hamming: 1
--------------------------------------------------
Original     --> [1 0 1 0 1 1 1 0 1 1 1 1 1 1 0 0 0 0 0 1 0 1 1 0 0 1 1 0 0 1 1 0]
Reconstruido --> [1 0 1 0 1 1 0 0 1 1 1 1 1 1 0 0 0 0 0 0 0 1 1 1 0 1 1 0 0 1 1 0] | Precisión: 0.91
Distancia de Hamming: 3
--------------------------------------------------
Original     --> [1 0 1 1 0 0 0 1 1 1 0 0 1 0 0 0 0 1 0 0 0 1 0 1 1 1 1 1 1 1 1 1]
Reconstruido --> [1 0 1 1 0 0 0 1 1 1 0 0 1 0 0 0 0 1 0 0 0 1 0 1 1 1 1 1 1 1 1 1] | Precisión: 1.00
Distancia de Hamming: 0
--------------------------------------------------
Original     --> [0 0 1 0 1 1 1 0 1 1 1 1 1 0 1 0 1 1 1 0 1 0 1 0 0 0 0 0 0 1 0 1]
Reconstruido --> [0 0 1 0 1 1 1 0 1 1 1 1 1 0 1 0 1 1 1 0 1 0 1 0 0 0 0 0 0 1 0 1] | Precisión: 1.00
Distancia de Hamming: 0
--------------------------------------------------
Original     --> [1 1 0 1 1 0 1 0 0 0 1 1 1 0 0 0 0 0 0 0 0 0 0 0 1 1 0 1 1 1 0 1]
Reconstruido --> [1 1 0 1 1 0 1 0 0 0 1 1 1 0 0 0 0 0 0 0 0 0 0 0 1 1 0 1 1 1 0 1] | Precisión: 1.00
Distancia de Hamming: 0
--------------------------------------------------
La media de la precisión del descifrado es 0.9784
Distancia media de Hamming = 0.6898 | Número de bits: 32
Número de reconstrucciones perfectas = 6803



EVALUACIÓN CON 5400:

Original     --> [0 0 1 1 0 1 0 1 1 1 0 0 0 0 0 0 1 1 1 0 0 0 1 0 1 0 0 0 0 1 0 0]
Reconstruido --> [0 0 1 1 0 1 0 1 1 1 0 0 0 0 0 0 1 1 1 0 0 0 1 0 1 0 0 0 0 1 0 0] | Precisión: 1.00
Distancia de Hamming: 0
--------------------------------------------------
Original     --> [1 1 0 1 1 1 1 1 1 0 0 1 0 1 0 0 0 1 0 0 1 0 0 0 1 0 1 0 1 1 1 1]
Reconstruido --> [1 1 0 1 1 1 1 1 1 0 0 1 0 1 0 0 1 1 0 0 1 0 0 0 1 0 1 0 1 1 1 1] | Precisión: 0.97
Distancia de Hamming: 1
--------------------------------------------------
Original     --> [1 1 0 1 0 0 1 1 1 1 1 0 1 1 1 1 0 1 1 0 0 0 0 0 1 0 0 1 1 0 0 0]
Reconstruido --> [1 1 0 1 0 0 1 1 1 1 1 0 1 1 1 1 0 1 1 0 0 0 0 0 1 0 0 1 1 0 0 0] | Precisión: 1.00
Distancia de Hamming: 0
--------------------------------------------------
Original     --> [0 1 1 0 0 1 0 0 0 1 0 1 1 1 0 1 0 1 0 1 0 0 0 0 1 1 0 0 0 0 0 1]
Reconstruido --> [0 1 1 0 0 1 0 0 0 1 0 1 1 1 0 1 0 1 0 1 0 0 0 0 1 1 0 0 0 0 0 1] | Precisión: 1.00
Distancia de Hamming: 0
--------------------------------------------------
Original     --> [1 1 1 1 1 1 1 1 0 0 0 1 0 0 0 0 0 0 0 1 1 1 0 0 1 1 0 0 0 1 0 1]
Reconstruido --> [1 1 1 1 1 1 1 1 0 0 0 1 0 0 0 0 0 0 0 1 1 1 0 0 1 1 0 0 0 1 0 1] | Precisión: 1.00
Distancia de Hamming: 0
--------------------------------------------------
Original     --> [0 0 0 0 1 0 0 0 1 0 0 0 1 0 1 1 1 0 0 0 1 0 0 1 0 0 0 0 0 0 1 0]
Reconstruido --> [0 0 0 0 1 0 0 0 1 0 0 0 1 0 1 1 1 0 0 0 1 0 0 1 0 0 0 0 0 0 1 0] | Precisión: 1.00
Distancia de Hamming: 0
--------------------------------------------------
Original     --> [1 0 1 0 0 0 0 0 1 0 0 1 0 0 0 1 1 1 1 0 0 0 1 0 0 1 1 0 1 1 0 0]
Reconstruido --> [1 0 1 0 0 0 0 0 1 0 0 1 0 0 0 1 1 1 1 0 0 0 1 0 0 1 1 0 1 1 0 0] | Precisión: 1.00
Distancia de Hamming: 0
--------------------------------------------------
Original     --> [0 0 0 0 0 0 1 1 0 1 0 1 1 1 1 0 1 0 1 0 1 1 1 0 0 0 1 0 0 1 1 0]
Reconstruido --> [0 0 0 0 0 0 1 1 0 1 0 1 1 1 1 0 1 0 1 0 1 1 1 0 0 0 1 0 0 1 1 0] | Precisión: 1.00
Distancia de Hamming: 0
--------------------------------------------------
Original     --> [0 1 1 0 0 0 0 1 0 1 1 0 0 0 0 1 0 1 1 0 0 0 0 0 0 0 0 0 1 1 1 1]
Reconstruido --> [0 1 1 0 0 0 0 1 0 1 1 0 0 0 0 1 0 1 1 0 0 0 0 0 0 0 0 0 1 1 1 1] | Precisión: 1.00
Distancia de Hamming: 0
--------------------------------------------------
Original     --> [0 0 1 0 0 1 1 1 0 0 0 0 0 1 1 1 0 1 1 1 0 1 1 0 0 0 0 0 1 0 1 0]
Reconstruido --> [0 0 1 0 0 1 1 1 0 0 0 0 0 1 1 1 0 1 1 1 0 1 1 0 0 0 0 0 1 0 1 0] | Precisión: 1.00
Distancia de Hamming: 0
--------------------------------------------------
La media de la precisión del descifrado es 0.9795
Distancia media de Hamming = 0.6554 | Número de bits: 32
Número de reconstrucciones perfectas = 7038



EVALUACIÓN CON 5700:

Original     --> [1 1 1 0 0 1 0 0 0 0 1 0 1 0 0 1 0 1 1 0 0 1 0 1 1 0 0 0 1 1 0 0]
Reconstruido --> [1 1 1 0 0 1 0 0 0 0 1 0 1 0 0 1 0 1 1 0 0 1 0 1 1 0 0 0 1 1 0 0] | Precisión: 1.00
Distancia de Hamming: 0
--------------------------------------------------
Original     --> [1 1 1 0 1 0 0 1 1 1 1 1 0 1 1 1 1 1 1 1 1 0 1 0 0 0 1 1 1 1 1 0]
Reconstruido --> [1 1 1 0 1 0 0 1 1 1 1 1 0 1 1 1 1 1 1 1 1 0 1 0 0 0 1 1 1 1 1 0] | Precisión: 1.00
Distancia de Hamming: 0
--------------------------------------------------
Original     --> [0 1 1 0 0 0 1 1 1 0 0 1 1 0 0 1 1 0 1 1 1 0 1 0 1 1 1 0 1 0 0 0]
Reconstruido --> [0 1 1 0 0 0 1 1 1 0 0 1 1 0 0 1 1 0 1 1 1 0 1 0 1 1 1 0 1 0 0 0] | Precisión: 1.00
Distancia de Hamming: 0
--------------------------------------------------
Original     --> [0 0 0 1 1 0 1 0 1 0 1 1 0 0 0 0 0 1 0 1 0 0 1 0 1 1 1 1 1 0 0 0]
Reconstruido --> [0 0 0 1 1 0 1 0 1 0 1 1 0 0 0 0 0 1 0 1 0 0 1 0 1 1 1 1 1 0 0 0] | Precisión: 1.00
Distancia de Hamming: 0
--------------------------------------------------
Original     --> [0 1 1 1 0 0 0 0 0 1 0 1 1 0 1 1 0 0 0 0 1 1 1 0 1 1 0 0 1 1 0 0]
Reconstruido --> [0 1 1 1 0 0 0 0 0 1 0 1 1 0 1 1 0 0 0 0 1 1 1 0 1 1 0 0 1 1 0 0] | Precisión: 1.00
Distancia de Hamming: 0
--------------------------------------------------
Original     --> [1 0 0 0 0 0 0 0 1 1 0 0 0 0 1 1 1 1 0 1 0 0 1 1 0 0 1 0 0 1 0 0]
Reconstruido --> [1 0 0 0 0 0 0 0 1 1 0 0 0 0 1 1 1 1 0 1 0 0 1 1 0 0 1 0 0 1 0 0] | Precisión: 1.00
Distancia de Hamming: 0
--------------------------------------------------
Original     --> [1 0 1 1 1 1 0 0 0 0 0 1 0 1 0 1 1 1 1 0 0 0 1 1 1 1 0 1 1 0 0 0]
Reconstruido --> [1 0 1 1 1 1 0 0 0 0 0 1 0 1 0 1 1 1 1 0 0 0 1 1 1 1 0 1 1 0 0 0] | Precisión: 1.00
Distancia de Hamming: 0
--------------------------------------------------
Original     --> [0 0 0 0 0 0 0 1 1 0 1 1 0 1 0 1 1 1 0 0 1 1 1 1 1 1 0 1 1 0 1 1]
Reconstruido --> [0 0 0 0 0 0 0 1 1 0 1 1 0 1 0 1 1 1 0 0 0 1 1 1 1 1 0 1 1 0 1 1] | Precisión: 0.97
Distancia de Hamming: 1
--------------------------------------------------
Original     --> [1 0 1 1 1 0 0 1 1 1 1 1 1 1 1 1 0 1 0 1 0 0 1 1 0 1 0 0 1 1 1 1]
Reconstruido --> [1 0 1 1 1 0 0 1 1 1 1 1 1 1 1 1 0 1 0 1 0 0 1 1 0 1 0 0 1 1 1 1] | Precisión: 1.00
Distancia de Hamming: 0
--------------------------------------------------
Original     --> [1 0 0 0 0 1 1 0 1 1 0 0 0 0 1 1 0 0 0 1 1 1 1 0 0 1 1 0 1 1 0 0]
Reconstruido --> [1 0 0 0 0 1 1 1 1 1 0 0 0 0 1 1 0 0 0 1 1 1 1 0 0 1 1 0 1 1 0 0] | Precisión: 0.97
Distancia de Hamming: 1
--------------------------------------------------
La media de la precisión del descifrado es 0.9785
Distancia media de Hamming = 0.6876 | Número de bits: 32
Número de reconstrucciones perfectas = 6787



EVALUACIÓN CON 6000:

Original     --> [0 0 0 0 1 0 0 0 0 0 1 0 1 1 1 0 1 0 0 1 0 1 1 0 1 0 1 0 0 0 1 1]
Reconstruido --> [0 0 0 0 1 0 0 0 0 0 1 0 1 1 1 0 1 0 0 1 0 1 1 0 1 0 1 0 0 0 1 1] | Precisión: 1.00
Distancia de Hamming: 0
--------------------------------------------------
Original     --> [1 0 0 0 0 1 0 0 0 0 0 0 0 0 1 0 0 0 0 0 1 0 1 0 1 1 0 1 0 0 1 1]
Reconstruido --> [1 0 0 0 0 1 0 0 0 0 0 0 0 0 1 0 0 0 0 0 1 0 1 0 1 1 0 1 0 0 1 1] | Precisión: 1.00
Distancia de Hamming: 0
--------------------------------------------------
Original     --> [1 0 1 1 1 0 1 1 0 0 1 0 0 0 1 1 1 1 1 1 1 1 1 0 0 1 0 1 0 0 1 1]
Reconstruido --> [1 0 1 1 1 0 1 0 0 0 1 0 0 0 1 1 1 1 1 1 1 1 1 0 0 1 0 1 0 0 1 1] | Precisión: 0.97
Distancia de Hamming: 1
--------------------------------------------------
Original     --> [1 1 1 0 0 0 0 1 0 0 1 1 0 0 0 0 1 1 1 1 1 1 0 1 0 0 0 1 1 1 0 1]
Reconstruido --> [1 1 1 0 0 0 0 1 0 0 1 1 0 0 0 0 1 1 1 1 1 1 0 1 0 0 0 1 1 1 0 1] | Precisión: 1.00
Distancia de Hamming: 0
--------------------------------------------------
Original     --> [0 0 1 1 1 1 0 0 1 1 1 1 1 1 1 0 1 1 0 1 1 0 1 0 0 1 1 0 1 0 0 0]
Reconstruido --> [0 0 1 1 1 1 0 0 1 1 1 1 1 1 1 0 1 1 0 1 1 0 1 0 0 1 1 0 0 0 0 0] | Precisión: 0.97
Distancia de Hamming: 1
--------------------------------------------------
Original     --> [1 0 1 0 1 0 0 1 0 1 0 0 1 1 1 0 1 0 0 0 1 1 0 0 0 0 1 0 0 0 0 0]
Reconstruido --> [1 0 1 0 1 0 0 0 0 1 0 0 1 1 1 0 1 0 0 0 0 1 0 0 1 0 1 0 0 0 0 0] | Precisión: 0.91
Distancia de Hamming: 3
--------------------------------------------------
Original     --> [1 1 1 0 0 1 0 0 1 1 1 1 1 0 0 1 1 1 0 1 1 0 0 1 1 0 1 1 0 1 0 0]
Reconstruido --> [1 1 1 0 0 1 0 0 1 1 1 1 1 0 0 1 1 1 0 1 1 0 0 1 1 0 1 1 0 1 0 0] | Precisión: 1.00
Distancia de Hamming: 0
--------------------------------------------------
Original     --> [0 1 0 0 1 0 0 0 0 1 0 1 0 0 1 0 1 0 0 1 1 1 0 0 1 0 0 0 1 0 1 1]
Reconstruido --> [1 1 0 0 1 0 0 0 0 1 0 1 0 0 1 1 1 1 0 1 1 1 0 0 1 0 0 0 1 0 1 1] | Precisión: 0.91
Distancia de Hamming: 3
--------------------------------------------------
Original     --> [1 1 1 0 1 1 0 1 1 0 1 1 1 0 1 1 0 1 1 1 0 1 1 0 0 1 1 1 0 1 0 1]
Reconstruido --> [1 1 1 0 1 1 0 1 1 0 1 1 1 0 1 1 0 1 1 1 0 1 1 0 0 1 1 1 0 1 0 1] | Precisión: 1.00
Distancia de Hamming: 0
--------------------------------------------------
Original     --> [0 0 0 0 1 0 1 0 1 1 1 1 1 1 1 1 1 0 0 1 1 1 0 1 1 0 1 0 0 1 0 1]
Reconstruido --> [0 0 0 0 1 0 1 0 1 1 1 1 1 1 1 1 1 0 0 1 1 1 0 1 1 0 1 0 0 1 0 1] | Precisión: 1.00
Distancia de Hamming: 0
--------------------------------------------------
La media de la precisión del descifrado es 0.9778
Distancia media de Hamming = 0.7116 | Número de bits: 32
Número de reconstrucciones perfectas = 6659


Tiempo total de ejecución: 3593.2714331150055

