-- RESULTADOS DEL EXPERIMENTO 1.3. --

Número de mensajes = 10000
Número de bits = 32
Tamaño del batch = 64
Adam optimizer learning rate = 0.001
Epochs totales = 4000
Epochs iniciales = 500


EVALUACIÓN CON 500:

Original     --> [0 0 0 0 1 1 1 0 0 1 0 1 1 0 0 0 0 1 1 1 1 1 0 1 0 1 1 0 0 0 0 0]
Reconstruido --> [1 0 1 0 1 0 1 1 0 0 1 0 1 0 0 0 0 0 1 0 0 0 1 0 0 0 1 1 0 0 0 1] | Precisión: 0.50
Distancia de Hamming: 16
--------------------------------------------------
Original     --> [1 0 1 0 1 0 0 0 1 1 1 1 0 1 1 1 1 0 1 1 0 0 1 1 1 1 0 1 1 1 1 1]
Reconstruido --> [1 0 1 0 1 0 1 1 0 0 1 0 1 0 0 0 0 0 1 0 0 0 1 0 0 0 1 1 0 0 0 1] | Precisión: 0.44
Distancia de Hamming: 18
--------------------------------------------------
Original     --> [0 0 0 1 1 1 1 1 0 0 0 0 0 1 0 1 1 0 0 1 1 1 1 1 0 1 0 0 0 1 0 1]
Reconstruido --> [1 0 1 0 1 0 1 1 0 0 1 0 1 0 0 0 0 0 1 0 0 0 1 0 0 0 1 1 0 0 0 1] | Precisión: 0.44
Distancia de Hamming: 18
--------------------------------------------------
Original     --> [1 0 0 0 0 1 0 1 0 1 0 1 1 0 0 1 1 1 1 1 0 0 0 1 0 1 1 0 0 1 1 0]
Reconstruido --> [1 0 1 0 1 0 1 1 0 0 1 0 1 0 0 0 0 0 1 0 0 0 1 0 0 0 1 1 0 0 0 1] | Precisión: 0.44
Distancia de Hamming: 18
--------------------------------------------------
Original     --> [1 0 1 0 1 0 0 0 1 1 0 0 1 0 1 0 0 1 0 0 1 1 0 0 0 1 0 0 0 1 1 1]
Reconstruido --> [1 0 1 0 1 0 1 1 0 0 1 0 1 0 0 0 0 0 1 0 0 0 1 0 0 0 1 1 0 0 0 1] | Precisión: 0.50
Distancia de Hamming: 16
--------------------------------------------------
Original     --> [1 1 1 1 1 1 1 1 0 1 1 0 0 1 1 1 0 1 0 1 1 1 1 1 1 1 1 1 1 0 0 0]
Reconstruido --> [1 0 1 0 1 0 1 1 0 0 1 0 1 0 0 0 0 0 1 0 0 0 1 0 0 0 1 1 0 0 0 1] | Precisión: 0.44
Distancia de Hamming: 18
--------------------------------------------------
Original     --> [0 0 1 1 0 0 0 1 0 1 1 0 1 0 0 1 0 0 1 1 0 0 1 0 0 1 0 0 0 0 1 0]
Reconstruido --> [1 0 1 0 1 0 1 1 0 0 1 0 1 0 0 0 0 0 1 0 0 0 1 0 0 0 1 1 0 0 0 1] | Precisión: 0.62
Distancia de Hamming: 12
--------------------------------------------------
Original     --> [1 1 1 1 1 1 0 1 0 0 1 1 1 1 1 1 1 1 1 1 1 0 1 1 1 1 0 1 0 1 0 0]
Reconstruido --> [1 0 1 0 1 0 1 1 0 0 1 0 1 0 0 0 0 0 1 0 0 0 1 0 0 0 1 1 0 0 0 1] | Precisión: 0.44
Distancia de Hamming: 18
--------------------------------------------------
Original     --> [0 0 1 1 1 0 0 0 1 1 1 1 1 1 1 0 0 1 0 0 0 1 0 1 1 0 0 1 1 1 1 0]
Reconstruido --> [1 0 1 0 1 0 1 1 0 0 1 0 1 0 0 0 0 0 1 0 0 0 1 0 0 0 1 1 0 0 0 1] | Precisión: 0.38
Distancia de Hamming: 20
--------------------------------------------------
Original     --> [1 0 0 0 0 1 0 1 0 1 1 1 0 1 0 1 0 0 0 0 0 1 1 0 0 0 1 0 0 1 0 1]
Reconstruido --> [1 0 1 0 1 0 1 1 0 0 1 0 1 0 0 0 0 0 1 0 0 0 1 0 0 0 1 1 0 0 0 1] | Precisión: 0.59
Distancia de Hamming: 13
--------------------------------------------------
La media de la precisión del descifrado es 0.4781
Distancia media de Hamming = 16.7000 | Número de bits: 32
Número de reconstrucciones perfectas = 0



EVALUACIÓN CON 1000:

Original     --> [1 0 1 0 0 0 0 1 0 1 0 1 1 0 1 1 1 0 1 1 0 1 0 0 0 0 1 1 0 0 1 0]
Reconstruido --> [1 1 1 1 0 0 1 0 1 0 1 0 0 1 1 1 1 0 1 1 0 1 1 1 0 1 1 0 0 0 0 0] | Precisión: 0.53
Distancia de Hamming: 15
--------------------------------------------------
Original     --> [0 1 0 0 1 1 0 0 0 0 0 1 1 0 1 1 1 0 1 0 0 1 0 1 1 0 1 1 1 0 0 1]
Reconstruido --> [1 1 1 1 0 0 1 0 1 0 1 0 0 1 1 1 1 0 1 1 0 1 1 1 0 1 1 0 0 0 0 0] | Precisión: 0.44
Distancia de Hamming: 18
--------------------------------------------------
Original     --> [1 0 0 1 0 0 0 0 0 1 1 0 1 1 1 0 1 1 0 1 1 0 1 0 1 1 0 0 0 1 1 0]
Reconstruido --> [1 1 1 1 0 0 1 0 1 0 1 0 0 1 1 1 1 0 1 1 0 1 1 1 0 1 1 0 0 0 0 0] | Precisión: 0.50
Distancia de Hamming: 16
--------------------------------------------------
Original     --> [1 1 1 1 0 0 0 0 1 1 1 0 0 0 0 1 0 0 1 1 1 0 0 0 1 1 1 0 0 1 1 0]
Reconstruido --> [1 1 1 1 0 0 1 0 1 0 1 0 0 1 1 1 1 0 1 1 0 1 1 1 0 1 1 0 0 0 0 0] | Precisión: 0.62
Distancia de Hamming: 12
--------------------------------------------------
Original     --> [1 1 0 0 0 0 1 1 0 1 0 1 1 0 0 1 1 1 1 0 1 0 1 1 1 0 0 0 0 0 1 0]
Reconstruido --> [1 1 1 1 0 0 1 0 1 0 1 0 0 1 1 1 1 0 1 1 0 1 1 1 0 1 1 0 0 0 0 0] | Precisión: 0.44
Distancia de Hamming: 18
--------------------------------------------------
Original     --> [1 1 0 1 1 1 0 0 0 1 1 1 0 0 1 1 1 1 1 0 1 1 0 1 1 1 0 1 0 1 1 1]
Reconstruido --> [1 1 1 1 0 0 1 0 1 0 1 0 0 1 1 1 1 0 1 1 0 1 1 1 0 1 1 0 0 0 0 0] | Precisión: 0.44
Distancia de Hamming: 18
--------------------------------------------------
Original     --> [0 1 1 1 1 0 0 1 1 0 0 1 0 0 1 1 1 0 0 0 0 1 0 1 0 1 1 1 1 0 1 1]
Reconstruido --> [1 1 1 1 0 0 1 0 1 0 1 0 0 1 1 1 1 0 1 1 0 1 1 1 0 1 1 0 0 0 0 0] | Precisión: 0.56
Distancia de Hamming: 14
--------------------------------------------------
Original     --> [0 1 1 1 1 1 1 1 0 1 0 0 0 1 1 0 1 0 0 1 1 1 0 1 1 1 0 1 1 0 1 0]
Reconstruido --> [1 1 1 1 0 0 1 0 1 0 1 0 0 1 1 1 1 0 1 1 0 1 1 1 0 1 1 0 0 0 0 0] | Precisión: 0.50
Distancia de Hamming: 16
--------------------------------------------------
Original     --> [0 0 1 0 0 1 1 0 0 1 1 0 1 0 0 1 1 1 0 0 1 0 0 1 1 0 1 1 0 0 1 1]
Reconstruido --> [1 1 1 1 0 0 1 0 1 0 1 0 0 1 1 1 1 0 1 1 0 1 1 1 0 1 1 0 0 0 0 0] | Precisión: 0.38
Distancia de Hamming: 20
--------------------------------------------------
Original     --> [1 1 1 0 1 1 0 1 1 1 0 1 1 0 0 0 0 1 0 0 0 1 1 0 1 0 0 0 0 1 0 0]
Reconstruido --> [1 1 1 1 0 0 1 0 1 0 1 0 0 1 1 1 1 0 1 1 0 1 1 1 0 1 1 0 0 0 0 0] | Precisión: 0.34
Distancia de Hamming: 21
--------------------------------------------------
La media de la precisión del descifrado es 0.4750
Distancia media de Hamming = 16.8000 | Número de bits: 32
Número de reconstrucciones perfectas = 0



EVALUACIÓN CON 1500:

Original     --> [0 1 1 0 0 1 0 1 1 0 1 0 0 1 1 1 0 1 0 0 0 1 1 0 0 1 0 1 0 0 1 1]
Reconstruido --> [1 1 1 0 1 1 1 0 0 0 0 0 0 0 0 0 1 1 1 0 1 1 1 0 1 1 1 1 0 0 1 1] | Precisión: 0.56
Distancia de Hamming: 14
--------------------------------------------------
Original     --> [0 1 0 1 0 0 0 0 0 0 1 0 0 1 1 0 0 1 0 1 0 1 1 0 0 0 0 0 1 1 1 1]
Reconstruido --> [1 1 1 0 1 1 1 0 0 0 0 0 0 0 0 0 1 1 1 0 1 1 1 0 1 1 1 1 0 0 1 1] | Precisión: 0.41
Distancia de Hamming: 19
--------------------------------------------------
Original     --> [1 0 1 0 1 0 0 0 1 1 0 0 0 0 1 0 0 0 1 1 1 1 0 0 1 1 1 0 0 1 1 0]
Reconstruido --> [1 1 1 0 1 1 1 0 0 0 0 0 0 0 0 0 1 1 1 0 1 1 1 0 1 1 1 1 0 0 1 1] | Precisión: 0.59
Distancia de Hamming: 13
--------------------------------------------------
Original     --> [0 1 1 1 1 1 1 0 0 1 0 1 0 1 1 1 0 0 0 0 0 1 0 0 0 1 0 1 1 1 1 0]
Reconstruido --> [1 1 1 0 1 1 1 0 0 0 0 0 0 0 0 0 1 1 1 0 1 1 1 0 1 1 1 1 0 0 1 1] | Precisión: 0.47
Distancia de Hamming: 17
--------------------------------------------------
Original     --> [0 0 1 0 0 1 1 0 1 1 0 0 0 0 0 1 0 1 1 1 0 0 1 0 1 1 0 0 1 0 1 0]
Reconstruido --> [1 1 1 0 1 1 1 0 0 0 0 0 0 0 0 0 1 1 1 0 1 1 1 0 1 1 1 1 0 0 1 1] | Precisión: 0.56
Distancia de Hamming: 14
--------------------------------------------------
Original     --> [1 1 1 0 1 0 0 1 0 1 1 1 0 0 1 0 1 1 1 1 1 1 1 1 0 1 0 0 1 0 0 1]
Reconstruido --> [1 1 1 0 1 1 1 0 0 0 0 0 0 0 0 0 1 1 1 0 1 1 1 0 1 1 1 1 0 0 1 1] | Precisión: 0.56
Distancia de Hamming: 14
--------------------------------------------------
Original     --> [1 0 0 0 1 0 0 1 1 1 1 0 0 0 0 1 0 0 0 0 1 0 1 0 0 1 0 1 0 1 1 1]
Reconstruido --> [1 1 1 0 1 1 1 0 0 0 0 0 0 0 0 0 1 1 1 0 1 1 1 0 1 1 1 1 0 0 1 1] | Precisión: 0.50
Distancia de Hamming: 16
--------------------------------------------------
Original     --> [1 0 0 1 1 1 1 0 1 1 0 0 1 0 1 0 0 1 1 0 0 1 1 1 0 1 1 1 0 0 1 0]
Reconstruido --> [1 1 1 0 1 1 1 0 0 0 0 0 0 0 0 0 1 1 1 0 1 1 1 0 1 1 1 1 0 0 1 1] | Precisión: 0.62
Distancia de Hamming: 12
--------------------------------------------------
Original     --> [1 0 1 0 1 1 1 1 1 0 0 0 0 1 0 0 1 0 0 0 1 1 1 0 0 1 0 1 1 1 1 0]
Reconstruido --> [1 1 1 0 1 1 1 0 0 0 0 0 0 0 0 0 1 1 1 0 1 1 1 0 1 1 1 1 0 0 1 1] | Precisión: 0.66
Distancia de Hamming: 11
--------------------------------------------------
Original     --> [0 1 0 0 1 0 0 0 0 1 0 0 0 0 1 0 0 0 0 0 1 1 1 0 0 1 1 0 0 1 0 0]
Reconstruido --> [1 1 1 0 1 1 1 0 0 0 0 0 0 0 0 0 1 1 1 0 1 1 1 0 1 1 1 1 0 0 1 1] | Precisión: 0.56
Distancia de Hamming: 14
--------------------------------------------------
La media de la precisión del descifrado es 0.5500
Distancia media de Hamming = 14.4000 | Número de bits: 32
Número de reconstrucciones perfectas = 0



EVALUACIÓN CON 2000:

Original     --> [1 0 1 1 0 1 1 1 0 1 1 0 1 0 0 1 1 0 1 0 0 0 0 0 0 0 1 1 1 1 1 0]
Reconstruido --> [0 1 0 0 0 1 1 0 0 1 0 1 1 0 0 0 0 1 1 0 1 0 0 0 0 0 0 0 1 0 0 1] | Precisión: 0.50
Distancia de Hamming: 16
--------------------------------------------------
Original     --> [1 0 0 0 0 1 0 1 1 0 0 0 0 0 0 1 0 1 0 1 1 0 0 0 1 0 1 1 0 0 1 1]
Reconstruido --> [0 1 0 0 0 1 1 0 0 1 0 1 1 0 0 0 0 1 1 0 1 0 0 0 0 0 0 0 1 0 0 1] | Precisión: 0.50
Distancia de Hamming: 16
--------------------------------------------------
Original     --> [1 1 0 1 0 0 1 1 0 0 0 0 0 1 0 1 1 1 0 1 1 1 0 0 0 0 1 0 0 1 1 1]
Reconstruido --> [0 1 0 0 0 1 1 0 0 1 0 1 1 0 0 0 0 1 1 0 1 0 0 0 0 0 0 0 1 0 0 1] | Precisión: 0.47
Distancia de Hamming: 17
--------------------------------------------------
Original     --> [1 0 0 0 1 1 0 1 1 0 0 0 1 1 0 1 0 0 0 1 1 1 0 0 1 0 0 0 0 1 0 0]
Reconstruido --> [0 1 0 0 0 1 1 0 0 1 0 1 1 0 0 0 0 1 1 0 1 0 0 0 0 0 0 0 1 0 0 1] | Precisión: 0.44
Distancia de Hamming: 18
--------------------------------------------------
Original     --> [0 1 1 1 1 1 0 0 0 0 1 1 0 0 0 1 1 0 0 0 1 1 1 0 0 1 1 1 1 0 0 1]
Reconstruido --> [0 1 0 0 0 1 1 0 0 1 0 1 1 0 0 0 0 1 1 0 1 0 0 0 0 0 0 0 1 0 0 1] | Precisión: 0.50
Distancia de Hamming: 16
--------------------------------------------------
Original     --> [1 1 0 1 1 1 1 0 0 0 0 0 1 1 0 1 0 1 1 0 0 1 1 1 0 1 1 0 1 0 1 0]
Reconstruido --> [0 1 0 0 0 1 1 0 0 1 0 1 1 0 0 0 0 1 1 0 1 0 0 0 0 0 0 0 1 0 0 1] | Precisión: 0.53
Distancia de Hamming: 15
--------------------------------------------------
Original     --> [1 0 0 1 0 0 1 0 0 1 0 0 0 1 1 1 0 1 0 1 1 1 1 1 0 1 0 0 1 0 1 0]
Reconstruido --> [0 1 0 0 0 1 1 0 0 1 0 1 1 0 0 0 0 1 1 0 1 0 0 0 0 0 0 0 1 0 0 1] | Precisión: 0.47
Distancia de Hamming: 17
--------------------------------------------------
Original     --> [1 1 1 1 1 1 0 0 1 0 1 0 1 0 1 0 0 1 1 1 1 1 0 0 0 0 0 0 1 1 1 0]
Reconstruido --> [0 1 0 0 0 1 1 0 0 1 0 1 1 0 0 0 0 1 1 0 1 0 0 0 0 0 0 0 1 0 0 1] | Precisión: 0.53
Distancia de Hamming: 15
--------------------------------------------------
Original     --> [1 1 0 0 0 1 0 0 1 1 0 0 0 0 1 0 0 1 0 1 0 1 0 0 0 0 0 1 0 1 0 1]
Reconstruido --> [0 1 0 0 0 1 1 0 0 1 0 1 1 0 0 0 0 1 1 0 1 0 0 0 0 0 0 0 1 0 0 1] | Precisión: 0.59
Distancia de Hamming: 13
--------------------------------------------------
Original     --> [1 1 0 0 0 1 1 0 1 0 0 0 0 1 1 0 1 1 1 1 1 0 1 1 0 0 1 0 0 1 0 1]
Reconstruido --> [0 1 0 0 0 1 1 0 0 1 0 1 1 0 0 0 0 1 1 0 1 0 0 0 0 0 0 0 1 0 0 1] | Precisión: 0.56
Distancia de Hamming: 14
--------------------------------------------------
La media de la precisión del descifrado es 0.5094
Distancia media de Hamming = 15.7000 | Número de bits: 32
Número de reconstrucciones perfectas = 0



EVALUACIÓN CON 2500:

Original     --> [1 1 1 1 1 1 0 0 1 0 0 1 0 1 1 0 1 1 0 1 1 0 0 1 0 1 1 0 1 1 0 1]
Reconstruido --> [0 0 0 0 0 0 1 0 0 0 0 1 1 1 0 1 0 1 1 1 0 0 0 1 0 1 1 0 0 0 0 1] | Precisión: 0.50
Distancia de Hamming: 16
--------------------------------------------------
Original     --> [1 1 0 1 0 1 0 0 1 0 0 0 0 0 0 0 1 0 1 0 0 1 1 0 1 1 0 0 0 1 1 1]
Reconstruido --> [0 0 0 0 0 0 1 0 0 0 0 1 1 1 0 1 0 1 1 1 0 0 0 1 0 1 1 0 0 0 0 1] | Precisión: 0.38
Distancia de Hamming: 20
--------------------------------------------------
Original     --> [0 1 1 0 0 1 0 1 1 1 1 1 0 1 1 1 0 0 1 1 1 0 0 0 1 0 0 0 0 1 0 1]
Reconstruido --> [0 0 0 0 0 0 1 0 0 0 0 1 1 1 0 1 0 1 1 1 0 0 0 1 0 1 1 0 0 0 0 1] | Precisión: 0.47
Distancia de Hamming: 17
--------------------------------------------------
Original     --> [0 1 0 0 0 0 1 0 0 1 1 1 0 0 1 0 1 0 1 0 0 1 0 0 1 0 0 1 0 0 1 1]
Reconstruido --> [0 0 0 0 0 0 1 0 0 0 0 1 1 1 0 1 0 1 1 1 0 0 0 1 0 1 1 0 0 0 0 1] | Precisión: 0.47
Distancia de Hamming: 17
--------------------------------------------------
Original     --> [1 0 1 0 0 1 0 1 1 1 1 1 0 0 1 1 0 1 1 1 1 1 1 0 0 0 1 0 1 1 0 0]
Reconstruido --> [0 0 0 0 0 0 1 0 0 0 0 1 1 1 0 1 0 1 1 1 0 0 0 1 0 1 1 0 0 0 0 1] | Precisión: 0.41
Distancia de Hamming: 19
--------------------------------------------------
Original     --> [1 0 1 0 0 0 0 1 0 0 0 1 0 0 0 1 1 1 0 1 0 1 0 1 0 0 1 1 1 0 1 1]
Reconstruido --> [0 0 0 0 0 0 1 0 0 0 0 1 1 1 0 1 0 1 1 1 0 0 0 1 0 1 1 0 0 0 0 1] | Precisión: 0.59
Distancia de Hamming: 13
--------------------------------------------------
Original     --> [1 0 0 1 1 0 0 1 0 0 1 1 1 1 0 1 1 0 1 0 0 0 1 1 1 0 0 1 0 0 1 0]
Reconstruido --> [0 0 0 0 0 0 1 0 0 0 0 1 1 1 0 1 0 1 1 1 0 0 0 1 0 1 1 0 0 0 0 1] | Precisión: 0.50
Distancia de Hamming: 16
--------------------------------------------------
Original     --> [1 1 0 1 1 1 1 1 0 0 0 1 0 1 0 1 0 0 0 0 1 0 1 0 1 1 1 1 1 1 0 1]
Reconstruido --> [0 0 0 0 0 0 1 0 0 0 0 1 1 1 0 1 0 1 1 1 0 0 0 1 0 1 1 0 0 0 0 1] | Precisión: 0.47
Distancia de Hamming: 17
--------------------------------------------------
Original     --> [0 1 0 1 0 1 1 0 0 0 0 1 0 0 0 0 1 1 0 1 1 0 0 1 1 1 1 1 0 1 1 0]
Reconstruido --> [0 0 0 0 0 0 1 0 0 0 0 1 1 1 0 1 0 1 1 1 0 0 0 1 0 1 1 0 0 0 0 1] | Precisión: 0.56
Distancia de Hamming: 14
--------------------------------------------------
Original     --> [1 1 0 0 0 0 0 1 1 0 0 0 0 0 0 1 1 0 0 0 1 0 0 0 1 1 0 1 0 1 0 0]
Reconstruido --> [0 0 0 0 0 0 1 0 0 0 0 1 1 1 0 1 0 1 1 1 0 0 0 1 0 1 1 0 0 0 0 1] | Precisión: 0.41
Distancia de Hamming: 19
--------------------------------------------------
La media de la precisión del descifrado es 0.4750
Distancia media de Hamming = 16.8000 | Número de bits: 32
Número de reconstrucciones perfectas = 0



EVALUACIÓN CON 3000:

Original     --> [0 1 1 1 1 0 0 0 0 0 0 0 1 1 1 0 0 1 0 0 0 1 0 1 0 0 1 1 0 0 0 0]
Reconstruido --> [0 0 0 0 0 1 0 1 0 0 0 0 1 0 1 0 1 0 0 1 1 1 1 0 1 0 1 1 0 1 1 0] | Precisión: 0.50
Distancia de Hamming: 16
--------------------------------------------------
Original     --> [1 0 0 0 1 1 1 1 0 1 1 1 0 0 1 1 0 0 1 0 1 0 0 1 0 1 0 0 0 0 1 1]
Reconstruido --> [0 0 0 0 0 1 0 1 0 0 0 0 1 0 1 0 1 0 0 1 1 1 1 0 1 0 1 1 0 1 1 0] | Precisión: 0.38
Distancia de Hamming: 20
--------------------------------------------------
Original     --> [1 1 0 1 0 1 1 1 1 1 0 0 1 1 1 0 0 0 1 1 1 1 0 1 1 0 1 0 1 0 0 0]
Reconstruido --> [0 0 0 0 0 1 0 1 0 0 0 0 1 0 1 0 1 0 0 1 1 1 1 0 1 0 1 1 0 1 1 0] | Precisión: 0.53
Distancia de Hamming: 15
--------------------------------------------------
Original     --> [1 1 1 0 1 1 1 0 1 1 1 0 1 1 1 1 1 0 1 0 0 1 0 0 1 1 0 0 1 0 1 1]
Reconstruido --> [0 0 0 0 0 1 0 1 0 0 0 0 1 0 1 0 1 0 0 1 1 1 1 0 1 0 1 1 0 1 1 0] | Precisión: 0.34
Distancia de Hamming: 21
--------------------------------------------------
Original     --> [0 0 0 0 1 0 1 1 1 1 1 1 0 1 0 1 0 0 0 1 0 1 1 0 0 0 0 0 1 1 0 0]
Reconstruido --> [0 0 0 0 0 1 0 1 0 0 0 0 1 0 1 0 1 0 0 1 1 1 1 0 1 0 1 1 0 1 1 0] | Precisión: 0.44
Distancia de Hamming: 18
--------------------------------------------------
Original     --> [0 0 0 0 0 1 1 1 1 0 0 0 1 1 0 0 1 1 1 1 0 0 1 1 0 0 0 0 1 1 0 1]
Reconstruido --> [0 0 0 0 0 1 0 1 0 0 0 0 1 0 1 0 1 0 0 1 1 1 1 0 1 0 1 1 0 1 1 0] | Precisión: 0.53
Distancia de Hamming: 15
--------------------------------------------------
Original     --> [1 1 1 0 1 1 0 0 0 1 1 1 1 1 1 1 0 1 1 0 1 1 0 0 0 0 0 0 0 1 1 0]
Reconstruido --> [0 0 0 0 0 1 0 1 0 0 0 0 1 0 1 0 1 0 0 1 1 1 1 0 1 0 1 1 0 1 1 0] | Precisión: 0.44
Distancia de Hamming: 18
--------------------------------------------------
Original     --> [0 1 0 0 1 1 1 1 0 0 1 0 1 0 1 1 1 1 0 1 0 1 0 1 1 0 1 0 1 1 1 1]
Reconstruido --> [0 0 0 0 0 1 0 1 0 0 0 0 1 0 1 0 1 0 0 1 1 1 1 0 1 0 1 1 0 1 1 0] | Precisión: 0.62
Distancia de Hamming: 12
--------------------------------------------------
Original     --> [1 1 0 0 1 1 1 1 1 1 0 0 0 1 1 0 0 0 1 1 1 1 1 0 0 0 0 1 1 1 1 0]
Reconstruido --> [0 0 0 0 0 1 0 1 0 0 0 0 1 0 1 0 1 0 0 1 1 1 1 0 1 0 1 1 0 1 1 0] | Precisión: 0.59
Distancia de Hamming: 13
--------------------------------------------------
Original     --> [1 0 1 0 0 0 1 0 1 0 0 1 0 0 0 1 1 0 1 1 0 0 0 1 1 1 0 0 0 0 1 1]
Reconstruido --> [0 0 0 0 0 1 0 1 0 0 0 0 1 0 1 0 1 0 0 1 1 1 1 0 1 0 1 1 0 1 1 0] | Precisión: 0.38
Distancia de Hamming: 20
--------------------------------------------------
La media de la precisión del descifrado es 0.4750
Distancia media de Hamming = 16.8000 | Número de bits: 32
Número de reconstrucciones perfectas = 0



EVALUACIÓN CON 3500:

Original     --> [1 1 1 1 0 0 1 0 1 1 0 1 1 1 0 1 1 1 1 1 0 0 0 0 1 1 0 0 1 1 0 1]
Reconstruido --> [1 1 1 1 0 0 1 0 0 1 0 0 1 1 1 1 0 1 1 0 1 1 1 0 0 1 1 0 0 1 1 1] | Precisión: 0.62
Distancia de Hamming: 12
--------------------------------------------------
Original     --> [0 1 0 1 1 1 1 0 0 1 1 0 0 1 1 1 1 0 1 0 1 1 1 0 1 1 0 1 1 0 0 1]
Reconstruido --> [1 1 1 1 0 0 1 0 0 1 0 0 1 1 1 1 0 1 1 0 1 1 1 0 0 1 1 0 0 1 1 1] | Precisión: 0.56
Distancia de Hamming: 14
--------------------------------------------------
Original     --> [1 1 1 0 1 1 0 0 0 1 1 0 1 1 0 0 1 0 0 1 1 1 0 0 1 0 0 0 0 0 0 0]
Reconstruido --> [1 1 1 1 0 0 1 0 0 1 0 0 1 1 1 1 0 1 1 0 1 1 1 0 0 1 1 0 0 1 1 1] | Precisión: 0.44
Distancia de Hamming: 18
--------------------------------------------------
Original     --> [1 1 0 0 1 1 0 0 0 0 1 1 0 1 0 0 0 0 1 0 1 1 1 1 0 1 0 0 0 1 1 1]
Reconstruido --> [1 1 1 1 0 0 1 0 0 1 0 0 1 1 1 1 0 1 1 0 1 1 1 0 0 1 1 0 0 1 1 1] | Precisión: 0.56
Distancia de Hamming: 14
--------------------------------------------------
Original     --> [1 0 1 0 0 0 0 0 0 1 1 0 1 0 0 0 0 1 1 0 1 0 1 0 1 1 0 0 1 1 0 0]
Reconstruido --> [1 1 1 1 0 0 1 0 0 1 0 0 1 1 1 1 0 1 1 0 1 1 1 0 0 1 1 0 0 1 1 1] | Precisión: 0.59
Distancia de Hamming: 13
--------------------------------------------------
Original     --> [1 1 1 1 0 1 1 0 0 1 0 1 1 0 1 1 0 0 0 1 0 0 1 0 0 1 1 1 1 1 0 1]
Reconstruido --> [1 1 1 1 0 0 1 0 0 1 0 0 1 1 1 1 0 1 1 0 1 1 1 0 0 1 1 0 0 1 1 1] | Precisión: 0.66
Distancia de Hamming: 11
--------------------------------------------------
Original     --> [1 1 1 0 1 1 1 0 0 0 1 1 1 1 1 0 1 0 1 1 0 1 0 1 0 1 0 1 1 1 0 0]
Reconstruido --> [1 1 1 1 0 0 1 0 0 1 0 0 1 1 1 1 0 1 1 0 1 1 1 0 0 1 1 0 0 1 1 1] | Precisión: 0.44
Distancia de Hamming: 18
--------------------------------------------------
Original     --> [0 1 1 1 0 1 0 0 0 0 0 1 0 1 1 0 0 1 1 0 0 0 0 1 0 1 0 1 0 1 0 1]
Reconstruido --> [1 1 1 1 0 0 1 0 0 1 0 0 1 1 1 1 0 1 1 0 1 1 1 0 0 1 1 0 0 1 1 1] | Precisión: 0.56
Distancia de Hamming: 14
--------------------------------------------------
Original     --> [0 0 0 0 0 0 1 1 1 1 0 0 1 1 0 1 0 1 0 1 0 0 0 1 0 1 1 0 0 0 1 1]
Reconstruido --> [1 1 1 1 0 0 1 0 0 1 0 0 1 1 1 1 0 1 1 0 1 1 1 0 0 1 1 0 0 1 1 1] | Precisión: 0.56
Distancia de Hamming: 14
--------------------------------------------------
Original     --> [0 0 1 1 1 1 1 0 1 1 0 0 1 0 0 1 1 0 0 1 0 0 0 0 0 1 1 1 0 0 1 1]
Reconstruido --> [1 1 1 1 0 0 1 0 0 1 0 0 1 1 1 1 0 1 1 0 1 1 1 0 0 1 1 0 0 1 1 1] | Precisión: 0.50
Distancia de Hamming: 16
--------------------------------------------------
La media de la precisión del descifrado es 0.5500
Distancia media de Hamming = 14.4000 | Número de bits: 32
Número de reconstrucciones perfectas = 0



EVALUACIÓN CON 4000:

Original     --> [0 1 0 1 0 0 1 0 0 0 1 0 0 1 0 1 1 0 0 1 0 1 0 1 1 1 1 0 0 0 1 0]
Reconstruido --> [1 0 0 1 0 1 1 1 1 1 0 1 1 0 0 1 1 1 1 0 0 0 1 0 0 1 0 1 1 0 1 1] | Precisión: 0.34
Distancia de Hamming: 21
--------------------------------------------------
Original     --> [1 1 1 1 0 0 0 1 1 0 0 1 0 1 0 0 0 0 0 1 0 1 0 1 0 0 0 1 1 1 0 0]
Reconstruido --> [1 0 0 1 0 1 1 1 1 1 0 1 1 0 0 1 1 1 1 0 0 0 1 0 0 1 0 1 1 0 1 1] | Precisión: 0.41
Distancia de Hamming: 19
--------------------------------------------------
Original     --> [1 0 0 1 0 1 1 1 1 0 0 1 0 0 0 1 0 1 0 0 0 0 0 1 0 0 1 1 0 0 1 0]
Reconstruido --> [1 0 0 1 0 1 1 1 1 1 0 1 1 0 0 1 1 1 1 0 0 0 1 0 0 1 0 1 1 0 1 1] | Precisión: 0.69
Distancia de Hamming: 10
--------------------------------------------------
Original     --> [1 0 0 0 0 0 1 1 0 0 0 1 1 0 1 1 1 1 1 1 1 0 1 1 1 1 1 0 0 1 1 1]
Reconstruido --> [1 0 0 1 0 1 1 1 1 1 0 1 1 0 0 1 1 1 1 0 0 0 1 0 0 1 0 1 1 0 1 1] | Precisión: 0.59
Distancia de Hamming: 13
--------------------------------------------------
Original     --> [0 0 0 1 1 0 1 0 0 1 1 0 0 0 0 0 1 1 0 1 1 1 1 1 0 0 1 1 0 0 0 1]
Reconstruido --> [1 0 0 1 0 1 1 1 1 1 0 1 1 0 0 1 1 1 1 0 0 0 1 0 0 1 0 1 1 0 1 1] | Precisión: 0.44
Distancia de Hamming: 18
--------------------------------------------------
Original     --> [1 0 0 0 0 1 1 0 1 0 0 1 1 0 1 0 0 1 1 1 0 1 0 0 0 1 1 0 1 0 0 0]
Reconstruido --> [1 0 0 1 0 1 1 1 1 1 0 1 1 0 0 1 1 1 1 0 0 0 1 0 0 1 0 1 1 0 1 1] | Precisión: 0.59
Distancia de Hamming: 13
--------------------------------------------------
Original     --> [0 0 0 1 0 0 0 0 1 0 1 0 0 1 0 0 1 0 1 1 0 1 1 0 0 1 1 0 1 0 1 0]
Reconstruido --> [1 0 0 1 0 1 1 1 1 1 0 1 1 0 0 1 1 1 1 0 0 0 1 0 0 1 0 1 1 0 1 1] | Precisión: 0.50
Distancia de Hamming: 16
--------------------------------------------------
Original     --> [0 1 1 0 1 1 1 0 0 0 1 0 1 0 0 1 1 0 0 1 0 1 0 0 1 1 1 0 0 1 0 1]
Reconstruido --> [1 0 0 1 0 1 1 1 1 1 0 1 1 0 0 1 1 1 1 0 0 0 1 0 0 1 0 1 1 0 1 1] | Precisión: 0.34
Distancia de Hamming: 21
--------------------------------------------------
Original     --> [0 0 1 0 1 1 1 0 1 1 0 1 0 1 0 0 1 0 0 1 1 0 0 1 1 0 0 1 1 1 0 1]
Reconstruido --> [1 0 0 1 0 1 1 1 1 1 0 1 1 0 0 1 1 1 1 0 0 0 1 0 0 1 0 1 1 0 1 1] | Precisión: 0.44
Distancia de Hamming: 18
--------------------------------------------------
Original     --> [1 0 1 1 1 1 1 1 0 0 0 1 0 0 0 0 0 1 0 1 1 0 1 1 1 0 0 1 1 1 1 1]
Reconstruido --> [1 0 0 1 0 1 1 1 1 1 0 1 1 0 0 1 1 1 1 0 0 0 1 0 0 1 0 1 1 0 1 1] | Precisión: 0.56
Distancia de Hamming: 14
--------------------------------------------------
La media de la precisión del descifrado es 0.4906
Distancia media de Hamming = 16.3000 | Número de bits: 32
Número de reconstrucciones perfectas = 0


